Question;81;0
Question;20;0
Question;5;0
Question;18;0
Question;8;0
Question;53;0
Question;84;0
Question;11;0
Question;83;0
Question;9;0
Question;93;0
Question;15;0
Question;82;0
Question;85;0
Question;91;0
Question;19;0
Question;79;0
Question;48;0
Question;17;0
Question;12;0
Question;90;0
Question;14;0
Question;13;0
Question;7;0
Answer;58;0
Answer;305;0
Answer;315;0
Answer;50;0
Answer;21;0
Answer;27;0
Answer;209;0
Answer;217;0
Answer;210;0
Answer;56;0
Answer;218;0
Answer;213;0
Answer;316;0
Answer;304;0
Answer;223;0
Answer;314;0
Answer;130;0
Answer;61;0
Answer;36;0
Answer;220;0
Answer;216;0
Answer;208;0
Answer;211;0
Answer;225;0
Answer;33;0
Answer;49;0
Answer;141;0
Answer;224;0
Answer;206;0
Answer;19;0
Answer;37;0
Answer;303;0
Answer;222;0
Answer;42;0
Answer;47;0
Answer;57;0
Answer;214;0
Answer;29;0
Answer;215;0
Answer;53;0
Answer;219;0
Answer;277;0
Answer;44;0
Answer;32;0
Answer;28;0
Answer;221;0
Answer;43;0
Answer;48;0
Answer;46;0
Answer;201;0
Answer;131;0
Answer;308;0
Answer;307;0
Answer;200;0
Answer;51;0
Answer;35;0
Answer;54;0
Answer;60;0
Answer;64;0
Answer;30;0
Answer;198;0
Answer;20;0
Answer;18;0
Answer;31;0
Answer;63;0
Answer;199;0
Answer;45;0
Answer;313;0
Answer;207;0
Answer;212;0
Answer;62;0
Answer;306;0
Answer;34;0
Answer;55;0
Answer;26;0
Answer;52;0
Answer;276;0
Answer;-1;0
Mis;`<` is `not >`;0;1;1;0;0;1;0;0;0;1;0;0;1;0;1;0;0;0;0;1;0;0;1
Mis;Backwards chaining;0;1;1;0;0;1;0;0;0;1;0;0;1;0;1;0;0;0;0;0;0;0;0
Mis;`print()` needs input;0;1;1;0;0;1;0;0;0;1;0;0;1;0;1;0;0;0;0;0;0;0;0
Mis;Blank last slice non-inclusive;0;1;1;0;0;1;0;0;0;1;0;0;1;0;1;0;0;0;0;0;0;0;0
Mis;Return frame bypass;0;1;1;0;0;1;0;0;0;1;0;0;1;0;1;0;0;0;0;0;0;0;0
Mis;Functions must have input;0;1;1;0;0;1;0;0;0;1;0;0;1;0;1;0;0;0;0;0;0;0;0
Mis;No Boolean literals;0;1;1;0;0;1;0;0;0;1;0;0;1;0;1;0;0;0;0;1;0;0;0
Mis;String equality isn't case sensitive;0;1;1;0;0;1;0;0;0;1;0;0;1;0;1;0;0;0;0;1;0;0;0
Mis;Single letter variables;0;1;1;0;0;1;0;0;0;1;0;0;1;0;1;0;0;0;0;0;0;0;0
Mis;`return` on `def` indentation level;0;1;1;0;0;1;0;0;0;1;0;0;1;0;1;0;0;0;0;1;0;0;0
Mis;Iterable repetition interleaves;0;1;1;0;0;1;0;0;0;1;0;0;1;0;1;0;0;0;0;0;0;0;0
Mis;Sequenced conditionals;0;1;1;0;0;1;0;0;0;1;0;0;1;0;1;0;0;0;0;1;0;0;0
Mis;`input()` includes newline;0;1;1;0;0;1;0;0;0;1;0;0;1;0;1;0;0;0;0;0;0;0;0
Mis;Concat with single element;0;1;1;0;0;1;0;0;0;1;0;0;1;0;1;0;0;0;0;0;0;0;0
Mis;Extending strings adds space;0;1;1;0;0;1;0;0;0;1;0;0;1;0;1;0;0;0;0;1;0;0;0
Mis;Variables cannot be assigned twice;0;1;1;0;0;1;0;0;0;1;0;0;1;0;1;0;0;0;0;1;0;0;0
Mis;No `and` on objects;0;1;1;0;0;1;0;0;0;1;0;0;1;0;1;0;0;0;0;0;0;0;0
Mis;`range()` only has one input;0;1;1;0;0;1;0;0;0;1;0;0;1;0;1;0;0;0;0;0;0;0;0
Mis;Linear Order of Operations;0;1;1;0;0;1;0;0;0;1;0;0;1;0;1;0;0;0;0;1;0;0;0
Mis;`%` percentage operator;0;1;1;0;0;1;0;0;0;1;0;0;1;0;1;0;0;0;0;0;0;0;0
Mis;`self` has no value;0;1;1;0;0;1;0;0;0;1;0;0;1;0;1;0;0;0;0;1;0;0;0
Mis;Characters are strings;0;1;1;0;0;1;0;0;0;1;0;0;1;0;1;0;0;0;0;0;0;0;0
Mis;Keyword functions;0;1;1;0;0;1;0;0;0;1;0;0;1;0;1;0;0;0;0;0;0;0;0
Mis;Floating point equality okay;0;1;1;0;0;1;0;0;0;1;0;0;1;0;1;0;0;0;0;1;0;0;0
Mis;Lazy assignment;0;1;1;0;0;1;0;0;0;1;0;0;1;0;1;0;0;0;0;0;0;0;0
Mis;Index -1 is start of list;0;1;1;0;0;1;0;0;0;1;0;0;1;0;1;0;0;0;0;1;0;0;0
Mis;No variable functions;0;1;1;0;0;1;0;0;0;1;0;0;1;0;1;0;0;0;0;1;0;0;0
Mis;Multi-line strings with `' '`;0;1;1;0;0;1;0;0;0;1;0;0;1;0;1;0;0;0;0;1;0;0;0
Mis;No variable methods;0;1;1;0;0;1;0;0;0;1;0;0;1;0;1;0;0;0;0;0;0;0;0
Mis;Iterable repeition multiplies by constant;0;1;1;0;0;1;0;0;0;1;0;0;1;0;1;0;0;0;0;0;0;0;0
Mis;String methods mutate;0;1;1;0;0;1;0;0;0;1;0;0;1;0;1;0;0;0;0;0;0;0;0
Mis;No short circuit;0;1;1;0;0;1;0;0;0;1;0;0;1;0;1;0;0;0;0;1;0;0;0
Mis;Slice exclusive of first index;0;1;1;0;0;1;0;0;0;1;0;0;1;0;1;0;0;0;0;0;0;0;0
Mis;`print()` non-terminating return;0;1;1;0;0;1;0;0;0;1;0;0;1;0;1;0;0;0;0;0;0;0;0
Mis;No floating point limit;0;1;1;0;0;1;0;0;0;1;0;0;1;0;1;0;0;0;0;1;0;0;0
Mis;`>` is `not <`;0;1;1;0;0;1;0;0;0;1;0;0;1;0;1;0;0;0;0;1;0;0;1
Mis;`try` without `except`;0;1;1;0;0;1;0;0;0;1;0;0;1;0;1;0;0;0;0;1;0;0;0
Mis;Inline Function Definition;0;1;1;0;0;1;0;0;0;1;0;0;1;0;1;0;0;0;0;1;0;0;0
Mis;`print()` no newline;0;1;1;0;0;1;0;0;0;1;0;0;1;0;1;0;0;0;0;0;0;0;0
Mis;`range()` starts at 1;0;1;1;0;0;1;0;0;0;1;0;0;1;0;1;0;0;0;0;1;0;0;0
Mis;Blank slice is empty;0;1;1;0;0;1;0;0;0;1;0;0;1;0;1;0;0;0;0;0;0;0;0
Mis;`-` works on strings;0;1;1;0;0;1;0;0;0;1;0;0;1;0;1;0;0;0;0;1;0;0;0
Mis;No constructor method chain;0;1;1;0;0;1;0;0;0;1;0;0;1;0;1;0;0;0;0;0;0;0;0
Mis;`#` is an operator;0;1;1;0;0;1;0;0;0;1;0;0;1;0;1;0;0;0;0;1;0;0;0
Mis;No escape sequences;0;1;1;0;0;1;0;0;0;1;0;0;1;0;1;0;0;0;0;0;0;0;0
Mis;Methods must have input;0;1;1;0;0;1;0;0;0;1;0;0;1;0;1;0;0;0;0;0;0;0;0
Mis;Assignment duplicates;0;1;1;0;0;1;0;0;0;1;0;0;1;0;1;0;0;0;0;0;0;0;0
Mis;`=` comparison;0;1;1;0;0;1;0;0;0;1;0;0;1;0;1;0;0;0;0;1;0;0;0
Mis;No tuple return;0;1;1;0;0;1;0;0;0;1;0;0;1;0;1;0;0;0;0;0;0;0;0
Mis;`for` is `while`;0;1;1;0;0;1;0;0;0;1;0;0;1;0;1;0;0;0;0;0;0;0;0
Mis;Curly brackets stay;0;1;1;0;0;1;0;0;0;1;0;0;1;0;1;0;0;0;0;0;0;0;0
Mis;`/` is modulus;0;1;1;0;0;1;0;0;0;1;0;0;1;0;1;0;0;0;0;1;0;0;0
Mis;No implicit void functions;0;1;1;0;0;1;0;0;0;1;0;0;1;0;1;0;0;0;0;0;0;0;0
Mis;Operators cannot be chained;0;1;1;0;0;1;0;0;0;1;0;0;1;0;1;0;0;0;0;1;0;0;0
Mis;Functions must return;0;1;1;0;0;1;0;0;0;1;0;0;1;0;1;0;0;0;0;0;0;0;0
Mis;No `not` on objects;0;1;1;0;0;1;0;0;0;1;0;0;1;0;1;0;0;0;0;0;0;0;0
Mis;Ternary Boolean return;0;1;1;0;0;1;0;0;0;1;0;0;1;0;1;0;0;0;0;0;0;0;0
Mis;`if` loop;0;1;1;0;0;1;0;0;0;1;0;0;1;0;1;0;0;0;0;1;0;0;0
Mis;`range()` includes the final value;0;1;1;0;0;1;0;0;0;1;0;0;1;0;1;0;0;0;0;0;0;0;0
Mis;Methods can have no arguments;0;1;1;0;0;1;0;0;0;1;0;0;1;0;1;0;0;0;0;0;0;0;0
Mis;No string constructor method chain;0;1;1;0;0;1;0;0;0;1;0;0;1;0;1;0;0;0;0;0;0;0;0
Mis;`return` continues;0;1;1;0;0;1;0;0;0;1;0;0;1;0;1;0;0;0;0;0;0;0;0
Mis;String equality not `==`;0;1;1;0;0;1;0;0;0;1;0;0;1;0;1;0;0;0;0;0;0;0;0
Mis;String repetition adds space;0;1;1;0;0;1;0;0;0;1;0;0;1;0;1;0;0;0;0;0;0;0;0
Mis;Automatic Integer Conversion;0;1;1;0;0;1;0;0;0;1;0;0;1;0;1;0;0;0;0;1;0;0;0
Mis;Slices include last value;0;1;1;0;0;1;0;0;0;1;0;0;1;0;1;0;0;0;0;0;0;0;0
Mis;Integers limit;0;1;1;0;0;1;0;0;0;1;0;0;1;0;1;0;0;0;0;1;0;0;0
Mis;Confused string assignment;0;1;1;0;0;1;0;0;0;1;0;0;1;0;1;0;0;0;0;0;0;0;0
Mis;Lowercase Booleans;0;1;1;0;0;1;0;0;0;1;0;0;1;0;1;0;0;0;0;0;0;0;0
Mis;`pass` is `continue`;0;1;1;0;0;1;0;0;0;1;0;0;1;0;1;0;0;0;0;1;0;0;0
Mis;`print()` returns;0;1;1;0;0;1;0;0;0;1;0;0;1;0;1;0;0;0;0;1;0;0;0
Mis;`print()` only accepts one input;0;1;1;0;0;1;0;0;0;1;0;0;1;0;1;0;0;0;0;0;0;0;0
Mis;Secondary memory data loss;0;1;1;0;0;1;0;0;0;1;0;0;1;0;1;0;0;0;0;1;0;0;0
Mis;Transitive Assignment;0;1;1;0;0;1;0;0;0;1;0;0;1;0;1;0;0;0;0;1;0;0;0
Mis;No literal return;0;1;1;0;0;1;0;0;0;1;0;0;1;0;1;0;0;0;0;0;0;0;0
Mis;`input()` return value;0;1;1;0;0;1;0;0;0;1;0;0;1;0;1;0;0;0;0;1;0;0;0
Mis;Floating point `range()`;0;1;1;0;0;1;0;0;0;1;0;0;1;0;1;0;0;0;0;0;0;0;0
Mis;No `or` on objects;0;1;1;0;0;1;0;0;0;1;0;0;1;0;1;0;0;0;0;0;0;0;0
Mis;`print()` always has a newline;0;1;1;0;0;1;0;0;0;1;0;0;1;0;1;0;0;0;0;0;0;0;0
Mis;`print()` only string;0;1;1;0;0;1;0;0;0;1;0;0;1;0;1;0;0;0;0;0;0;0;0
Mis;`/` is integer division;0;1;1;0;0;1;0;0;0;1;0;0;1;0;1;0;0;0;0;1;0;0;0
Mis;`input()` requires function input;0;1;1;0;0;1;0;0;0;1;0;0;1;0;1;0;0;0;0;0;0;0;0
Mis;No method chain;0;1;1;0;0;1;0;0;0;1;0;0;1;0;1;0;0;0;0;0;0;0;0
Mis;`int()` rounds up floats;0;1;1;0;0;1;0;0;0;1;0;0;1;0;1;0;0;0;0;1;0;0;0
Mis;Multi-line strings with `" "`;0;1;1;0;0;1;0;0;0;1;0;0;1;0;1;0;0;0;0;1;0;0;0
Mis;List concat vector addition;0;1;1;0;0;1;0;0;0;1;0;0;1;0;1;0;0;0;0;1;0;0;0
Mis;`/` works on strings;0;1;1;0;0;1;0;0;0;1;0;0;1;0;1;0;0;0;0;1;0;0;0
Mis;Strings are mutable;0;1;1;0;0;1;0;0;0;1;0;0;1;0;1;0;0;0;0;0;0;0;0
Mis;No loop termination;0;1;1;0;0;1;0;0;0;1;0;0;1;0;1;0;0;0;0;1;0;0;0
Mis;Conditional Boolean return;0;1;1;0;0;1;0;0;0;1;0;0;1;0;1;0;0;0;0;0;0;0;0
Mis;Slices require indices;0;1;1;0;0;1;0;0;0;1;0;0;1;0;1;0;0;0;0;1;0;0;0
Mis;Parenthesized return;0;1;1;0;0;1;0;0;0;1;0;0;1;0;1;0;0;0;0;0;0;0;0
Mis;`%` is division;0;1;1;0;0;1;0;0;0;1;0;0;1;0;1;0;0;0;0;0;0;0;0
Mis;Iterable repetition repeated constant multiplication;0;1;1;0;0;1;0;0;0;1;0;0;1;0;1;0;0;0;0;1;0;0;0
Mis;`//` divides;0;1;1;0;0;1;0;0;0;1;0;0;1;0;1;0;0;0;0;0;0;0;0
Mis;Cannot mix index sign in slice;0;1;1;0;0;1;0;0;0;1;0;0;1;0;1;0;0;0;0;0;0;0;0
Mis;`//` is modulus;0;1;1;0;0;1;0;0;0;1;0;0;1;0;1;0;0;0;0;0;0;0;0
Mis;Slice removes;0;1;1;0;0;1;0;0;0;1;0;0;1;0;1;0;0;0;0;0;0;0;0
Mis;No nesting loops;0;1;1;0;0;1;0;0;0;1;0;0;1;0;1;0;0;0;0;0;0;0;0
Mis;Literals don't have a data type;0;1;1;0;0;1;0;0;0;1;0;0;1;0;1;0;0;0;0;1;0;0;0
Mis;`%` is integer division;0;1;1;0;0;1;0;0;0;1;0;0;1;0;1;0;0;0;0;0;0;0;0
Mis;No formatted string;0;1;1;0;0;1;0;0;0;1;0;0;1;0;1;0;0;0;0;1;0;0;0
Mis;`for` stops before last element;0;1;1;0;0;1;0;0;0;1;0;0;1;0;1;0;0;0;0;1;0;0;0
Mis;`int()` rounds floats;0;1;1;0;0;1;0;0;0;1;0;0;1;0;1;0;0;0;0;0;0;0;0
Mis;Implied repetition over logical operator;0;1;1;0;0;1;0;0;0;1;0;0;1;0;1;0;0;0;0;0;0;0;0
Mis;`for` only with `range()`;0;1;1;0;0;1;0;0;0;1;0;0;1;0;1;0;0;0;0;0;0;0;0
Mis;`while` tests after loop;0;1;1;0;0;1;0;0;0;1;0;0;1;0;1;0;0;0;0;1;0;0;0
Mis;Multi-value return;0;1;1;0;0;1;0;0;0;1;0;0;1;0;1;0;0;0;0;0;0;0;0
Mis;Strings are not objects;0;1;1;0;0;1;0;0;0;1;0;0;1;0;1;0;0;0;0;1;0;0;0
Sphere;Variables;0;1;1;0;0;1;0;0;0;1;0;0;1;0;1;0;0;0;0;1;0;0;1;0.8
Sphere;`=` operator;0;1;1;0;0;1;0;0;0;1;0;0;1;0;1;0;0;0;0;1;0;0;1;0.8
Sphere;Self Assignment;0;1;1;0;0;1;0;0;0;1;0;0;1;0;1;0;0;0;0;1;0;0;1;0.8
Sphere;`str()` function;0;1;1;0;0;1;0;0;0;1;0;0;1;0;1;0;0;0;0;0;0;0;0;1e-08
Sphere;Floats;0;1;1;0;0;1;0;0;0;1;0;0;1;0;1;0;0;0;0;0;0;0;1;0.2
Sphere;`+=` float operator;0;1;1;0;0;1;0;0;0;1;0;0;1;0;1;0;0;0;0;0;0;0;0;1e-08
Sphere;Built-in Functions;0;1;1;0;0;1;0;0;0;1;0;0;1;0;1;0;0;0;0;0;0;0;0;1e-08
Sphere;`+=` integer operator;0;1;1;0;0;1;0;0;0;1;0;0;1;0;1;0;0;0;0;0;0;0;0;1e-08
Sphere;Secondary Memory;0;1;1;0;0;1;0;0;0;1;0;0;1;0;1;0;0;0;0;1;0;0;0;0.2
Sphere;`*=` float operator;0;1;1;0;0;1;0;0;0;1;0;0;1;0;1;0;0;0;0;0;0;0;0;1e-08
Sphere;Conditionals;0;1;1;0;0;1;0;0;0;1;0;0;1;0;1;0;0;0;0;0;0;0;0;1e-08
Sphere;Addition;0;1;1;0;0;1;0;0;0;1;0;0;1;0;1;0;0;0;0;0;0;0;0;1e-08
Sphere;Compilers;0;1;1;0;0;1;0;0;0;1;0;0;1;0;1;0;0;0;0;1;0;0;0;0.2
Sphere;`range()` function;0;1;1;0;0;1;0;0;0;1;0;0;1;0;1;0;0;0;0;0;0;0;0;1e-08
Sphere;`%=` integer operator;0;1;1;0;0;1;0;0;0;1;0;0;1;0;1;0;0;0;0;0;0;0;0;1e-08
Sphere;Interpreters;0;1;1;0;0;1;0;0;0;1;0;0;1;0;1;0;0;0;0;1;0;0;0;0.2
Sphere;Booleans;0;1;1;0;0;1;0;0;0;1;0;0;1;0;1;0;0;0;0;0;0;0;0;1e-08
Sphere;`%` float operator;0;1;1;0;0;1;0;0;0;1;0;0;1;0;1;0;0;0;0;0;0;0;0;1e-08
Sphere;`elif` keyword;0;1;1;0;0;1;0;0;0;1;0;0;1;0;1;0;0;0;0;0;0;0;0;1e-08
Sphere;`<=` float operator;0;1;1;0;0;1;0;0;0;1;0;0;1;0;1;0;0;0;0;0;0;0;0;1e-08
Sphere;`<` float operator;0;1;1;0;0;1;0;0;0;1;0;0;1;0;1;0;0;0;0;0;0;0;0;1e-08
Sphere;Assignment;0;1;1;0;0;1;0;0;0;1;0;0;1;0;1;0;0;0;0;1;0;0;0;0.2
Sphere;`continue` keyword;0;1;1;0;0;1;0;0;0;1;0;0;1;0;1;0;0;0;0;0;0;0;0;1e-08
Sphere;`+` string operator;0;1;1;0;0;1;0;0;0;1;0;0;1;0;1;0;0;0;0;0;0;0;0;1e-08
Sphere;`lower()` method;0;1;1;0;0;1;0;0;0;1;0;0;1;0;1;0;0;0;0;0;0;0;0;1e-08
Sphere;`else` keyword;0;1;1;0;0;1;0;0;0;1;0;0;1;0;1;0;0;0;0;0;0;0;0;1e-08
Sphere;`-=` integer operator;0;1;1;0;0;1;0;0;0;1;0;0;1;0;1;0;0;0;0;0;0;0;0;1e-08
Sphere;`or` operator;0;1;1;0;0;1;0;0;0;1;0;0;1;0;1;0;0;0;0;0;0;0;0;1e-08
Sphere;`!=` float operator;0;1;1;0;0;1;0;0;0;1;0;0;1;0;1;0;0;0;0;0;0;0;0;1e-08
Sphere;`<` string operator;0;1;1;0;0;1;0;0;0;1;0;0;1;0;1;0;0;0;0;0;0;0;0;1e-08
Sphere;`<` integer operator;0;1;1;0;0;1;0;0;0;1;0;0;1;0;1;0;0;0;0;0;0;0;0;1e-08
Sphere;Floating point equality;0;1;1;0;0;1;0;0;0;1;0;0;1;0;1;0;0;0;0;0;0;0;0;1e-08
Sphere;Comparison;0;1;1;0;0;1;0;0;0;1;0;0;1;0;1;0;0;0;0;0;0;0;0;1e-08
Sphere;`type()` function;0;1;1;0;0;1;0;0;0;1;0;0;1;0;1;0;0;0;0;0;0;0;0;1e-08
Sphere;Functions;0;1;1;0;0;1;0;0;0;1;0;0;1;0;1;0;0;0;0;0;0;0;0;1e-08
Sphere;Contracted `if`;0;1;1;0;0;1;0;0;0;1;0;0;1;0;1;0;0;0;0;0;0;0;0;1e-08
Sphere;Automatic Conversion;0;1;1;0;0;1;0;0;0;1;0;0;1;0;1;0;0;0;0;0;0;0;0;1e-08
Sphere;`+` float operator;0;1;1;0;0;1;0;0;0;1;0;0;1;0;1;0;0;0;0;0;0;0;1;0.2
Sphere;`>=` integer operator;0;1;1;0;0;1;0;0;0;1;0;0;1;0;1;0;0;0;0;0;0;0;0;1e-08
Sphere;`break` keyword;0;1;1;0;0;1;0;0;0;1;0;0;1;0;1;0;0;0;0;0;0;0;0;1e-08
Sphere;CPU functionality;0;1;1;0;0;1;0;0;0;1;0;0;1;0;1;0;0;0;0;1;0;0;0;0.2
Sphere;`*=` integer operator;0;1;1;0;0;1;0;0;0;1;0;0;1;0;1;0;0;0;0;0;0;0;0;1e-08
Sphere;`//` float operator;0;1;1;0;0;1;0;0;0;1;0;0;1;0;1;0;0;0;0;0;0;0;0;1e-08
Sphere;`' '` constructor;0;1;1;0;0;1;0;0;0;1;0;0;1;0;1;0;0;0;0;0;0;0;0;1e-08
Sphere;`""" """` constructor;0;1;1;0;0;1;0;0;0;1;0;0;1;0;1;0;0;0;0;0;0;0;0;1e-08
Sphere;`join()` method;0;1;1;0;0;1;0;0;0;1;0;0;1;0;1;0;0;0;0;0;0;0;0;1e-08
Sphere;`/` integer operator;0;1;1;0;0;1;0;0;0;1;0;0;1;0;1;0;0;0;0;0;0;0;1;0.2
Sphere;Repetition;0;1;1;0;0;1;0;0;0;1;0;0;1;0;1;0;0;0;0;0;0;0;0;1e-08
Sphere;`//=` float operator;0;1;1;0;0;1;0;0;0;1;0;0;1;0;1;0;0;0;0;0;0;0;0;1e-08
Sphere;Control Flow;0;1;1;0;0;1;0;0;0;1;0;0;1;0;1;0;0;0;0;0;0;0;0;1e-08
Sphere;Loops;0;1;1;0;0;1;0;0;0;1;0;0;1;0;1;0;0;0;0;0;0;0;0;1e-08
Sphere;Integers;0;1;1;0;0;1;0;0;0;1;0;0;1;0;1;0;0;0;0;0;0;0;1;0.2
Sphere;`%=` float operator;0;1;1;0;0;1;0;0;0;1;0;0;1;0;1;0;0;0;0;0;0;0;0;1e-08
Sphere;Concatenation;0;1;1;0;0;1;0;0;0;1;0;0;1;0;1;0;0;0;0;0;0;0;0;1e-08
Sphere;`*` string operator;0;1;1;0;0;1;0;0;0;1;0;0;1;0;1;0;0;0;0;0;0;0;0;1e-08
Sphere;`-=` float operator;0;1;1;0;0;1;0;0;0;1;0;0;1;0;1;0;0;0;0;0;0;0;0;1e-08
Sphere;`//` integer operator;0;1;1;0;0;1;0;0;0;1;0;0;1;0;1;0;0;0;0;0;0;0;0;1e-08
Sphere;`*` float operator;0;1;1;0;0;1;0;0;0;1;0;0;1;0;1;0;0;0;0;0;0;0;1;0.2
Sphere;Atomic Data Types;0;1;1;0;0;1;0;0;0;1;0;0;1;0;1;0;0;0;0;0;0;0;0;1e-08
Sphere;Subtraction;0;1;1;0;0;1;0;0;0;1;0;0;1;0;1;0;0;0;0;0;0;0;0;1e-08
Sphere;Type Casting;0;1;1;0;0;1;0;0;0;1;0;0;1;0;1;0;0;0;0;0;0;0;0;1e-08
Sphere;`not` operator;0;1;1;0;0;1;0;0;0;1;0;0;1;0;1;0;0;0;0;0;0;0;0;1e-08
Sphere;String Slicing;0;1;1;0;0;1;0;0;0;1;0;0;1;0;1;0;0;0;0;0;0;0;0;1e-08
Sphere;`and` operator;0;1;1;0;0;1;0;0;0;1;0;0;1;0;1;0;0;0;0;0;0;0;0;1e-08
Sphere;`/=` integer operator;0;1;1;0;0;1;0;0;0;1;0;0;1;0;1;0;0;0;0;0;0;0;0;1e-08
Sphere;Multiplication;0;1;1;0;0;1;0;0;0;1;0;0;1;0;1;0;0;0;0;0;0;0;0;1e-08
Sphere;`*` integer operator;0;1;1;0;0;1;0;0;0;1;0;0;1;0;1;0;0;0;0;0;0;0;1;0.2
Sphere;`input()` function;0;1;1;0;0;1;0;0;0;1;0;0;1;0;1;0;0;0;0;1;0;0;0;0.2
Sphere;`return` keyword;0;1;1;0;0;1;0;0;0;1;0;0;1;0;1;0;0;0;0;0;0;0;0;1e-08
Sphere;Indexing;0;1;1;0;0;1;0;0;0;1;0;0;1;0;1;0;0;0;0;0;0;0;0;1e-08
Sphere;Ordered Data Structures;0;1;1;0;0;1;0;0;0;1;0;0;1;0;1;0;0;0;0;0;0;0;0;1e-08
Sphere;`+` integer operator;0;1;1;0;0;1;0;0;0;1;0;0;1;0;1;0;0;0;0;0;0;0;1;0.2
Sphere;Formatted Strings;0;1;1;0;0;1;0;0;0;1;0;0;1;0;1;0;0;0;0;0;0;0;0;1e-08
Sphere;Division;0;1;1;0;0;1;0;0;0;1;0;0;1;0;1;0;0;0;0;0;0;0;0;1e-08
Sphere;`if` keyword;0;1;1;0;0;1;0;0;0;1;0;0;1;0;1;0;0;0;0;0;0;0;0;1e-08
Sphere;Equality;0;1;1;0;0;1;0;0;0;1;0;0;1;0;1;0;0;0;0;0;0;0;0;1e-08
Sphere;Strings;0;1;1;0;0;1;0;0;0;1;0;0;1;0;1;0;0;0;0;0;0;0;0;1e-08
Sphere;`==` integer operator;0;1;1;0;0;1;0;0;0;1;0;0;1;0;1;0;0;0;0;0;0;0;0;1e-08
Sphere;`-` integer operator;0;1;1;0;0;1;0;0;0;1;0;0;1;0;1;0;0;0;0;0;0;0;1;0.2
Sphere;`!=` string operator;0;1;1;0;0;1;0;0;0;1;0;0;1;0;1;0;0;0;0;0;0;0;0;1e-08
Sphere;String Indexing;0;1;1;0;0;1;0;0;0;1;0;0;1;0;1;0;0;0;0;0;0;0;0;1e-08
Sphere;Operator Chaining;0;1;1;0;0;1;0;0;0;1;0;0;1;0;1;0;0;0;0;0;0;0;1;0.2
Sphere;Comments;0;1;1;0;0;1;0;0;0;1;0;0;1;0;1;0;0;0;0;1;0;0;0;0.2
Sphere;`/` float operator;0;1;1;0;0;1;0;0;0;1;0;0;1;0;1;0;0;0;0;0;0;0;1;0.2
Sphere;`upper()` method;0;1;1;0;0;1;0;0;0;1;0;0;1;0;1;0;0;0;0;0;0;0;0;1e-08
Sphere;`try` keyword;0;1;1;0;0;1;0;0;0;1;0;0;1;0;1;0;0;0;0;0;0;0;0;1e-08
Sphere;`>` float operator;0;1;1;0;0;1;0;0;0;1;0;0;1;0;1;0;0;0;0;0;0;0;0;1e-08
Sphere;`==` string operator;0;1;1;0;0;1;0;0;0;1;0;0;1;0;1;0;0;0;0;0;0;0;0;1e-08
Sphere;`for` loops;0;1;1;0;0;1;0;0;0;1;0;0;1;0;1;0;0;0;0;0;0;0;0;1e-08
Sphere;`" "` constructor;0;1;1;0;0;1;0;0;0;1;0;0;1;0;1;0;0;0;0;0;0;0;0;1e-08
Sphere;`int()` function;0;1;1;0;0;1;0;0;0;1;0;0;1;0;1;0;0;0;0;0;0;0;0;1e-08
Sphere;`replace()` method;0;1;1;0;0;1;0;0;0;1;0;0;1;0;1;0;0;0;0;0;0;0;0;1e-08
Sphere;Integer Division;0;1;1;0;0;1;0;0;0;1;0;0;1;0;1;0;0;0;0;0;0;0;0;1e-08
Sphere;`%` integer operator;0;1;1;0;0;1;0;0;0;1;0;0;1;0;1;0;0;0;0;0;0;0;0;1e-08
Sphere;`print()` function;0;1;1;0;0;1;0;0;0;1;0;0;1;0;1;0;0;0;0;1;0;0;0;0.2
Sphere;Order of Operations;0;1;1;0;0;1;0;0;0;1;0;0;1;0;1;0;0;0;0;0;0;0;1;0.2
Sphere;`len()` string function;0;1;1;0;0;1;0;0;0;1;0;0;1;0;1;0;0;0;0;0;0;0;0;1e-08
Sphere;`<=` integer operator;0;1;1;0;0;1;0;0;0;1;0;0;1;0;1;0;0;0;0;0;0;0;0;1e-08
Sphere;RAM functionality;0;1;1;0;0;1;0;0;0;1;0;0;1;0;1;0;0;0;0;1;0;0;0;0.2
Sphere;`>` string operator;0;1;1;0;0;1;0;0;0;1;0;0;1;0;1;0;0;0;0;0;0;0;0;1e-08
Sphere;`/=` float operator;0;1;1;0;0;1;0;0;0;1;0;0;1;0;1;0;0;0;0;0;0;0;0;1e-08
Sphere;`-` float operator;0;1;1;0;0;1;0;0;0;1;0;0;1;0;1;0;0;0;0;0;0;0;1;0.2
Sphere;`float()` function;0;1;1;0;0;1;0;0;0;1;0;0;1;0;1;0;0;0;0;0;0;0;0;1e-08
Sphere;Slicing;0;1;1;0;0;1;0;0;0;1;0;0;1;0;1;0;0;0;0;0;0;0;0;1e-08
Sphere;Modulus;0;1;1;0;0;1;0;0;0;1;0;0;1;0;1;0;0;0;0;0;0;0;0;1e-08
Sphere;`!=` integer operator;0;1;1;0;0;1;0;0;0;1;0;0;1;0;1;0;0;0;0;0;0;0;0;1e-08
Sphere;`>` integer operator;0;1;1;0;0;1;0;0;0;1;0;0;1;0;1;0;0;0;0;0;0;0;0;1e-08
Sphere;`while` loops;0;1;1;0;0;1;0;0;0;1;0;0;1;0;1;0;0;0;0;0;0;0;0;1e-08
Sphere;Methods;0;1;1;0;0;1;0;0;0;1;0;0;1;0;1;0;0;0;0;0;0;0;0;1e-08
Sphere;`>=` float operator;0;1;1;0;0;1;0;0;0;1;0;0;1;0;1;0;0;0;0;0;0;0;0;1e-08
Sphere;Machine Code;0;1;1;0;0;1;0;0;0;1;0;0;1;0;1;0;0;0;0;1;0;0;0;0.2
Sphere;Program Definition;0;1;1;0;0;1;0;0;0;1;0;0;1;0;1;0;0;0;0;1;0;0;0;0.2
Sphere;`//=` integer operator;0;1;1;0;0;1;0;0;0;1;0;0;1;0;1;0;0;0;0;0;0;0;0;1e-08
Sphere;`def` constructor;0;1;1;0;0;1;0;0;0;1;0;0;1;0;1;0;0;0;0;0;0;0;0;1e-08
Sphere;`capitalize()` method;0;1;1;0;0;1;0;0;0;1;0;0;1;0;1;0;0;0;0;0;0;0;0;1e-08
==::==::==
Question;81;0
Question;20;0
Question;5;0
Question;18;0
Question;8;0
Question;53;0
Question;84;0
Question;11;0
Question;83;0
Question;9;0
Question;93;0
Question;15;0
Question;82;0
Question;85;0
Question;91;0
Question;19;0
Question;79;0
Question;48;0
Question;17;0
Question;12;0
Question;90;0
Question;14;0
Question;13;0
Question;7;0
Answer;58;0
Answer;305;0
Answer;315;0
Answer;50;0
Answer;21;0
Answer;27;0
Answer;209;0
Answer;217;0
Answer;210;0
Answer;56;0
Answer;218;0
Answer;213;0
Answer;316;0
Answer;304;0
Answer;223;0
Answer;314;0
Answer;130;0
Answer;61;0
Answer;36;0
Answer;220;0
Answer;216;0
Answer;208;0
Answer;211;0
Answer;225;0
Answer;33;0
Answer;49;0
Answer;141;0
Answer;224;0
Answer;206;0
Answer;19;0
Answer;37;0
Answer;303;0
Answer;222;0
Answer;42;0
Answer;47;0
Answer;57;0
Answer;214;0
Answer;29;0
Answer;215;0
Answer;53;0
Answer;219;0
Answer;277;0
Answer;44;0
Answer;32;0
Answer;28;0
Answer;221;0
Answer;43;0
Answer;48;0
Answer;46;0
Answer;201;0
Answer;131;0
Answer;308;0
Answer;307;0
Answer;200;0
Answer;51;0
Answer;35;0
Answer;54;0
Answer;60;0
Answer;64;0
Answer;30;0
Answer;198;0
Answer;20;0
Answer;18;0
Answer;31;0
Answer;63;0
Answer;199;0
Answer;45;0
Answer;313;0
Answer;207;0
Answer;212;0
Answer;62;0
Answer;306;0
Answer;34;0
Answer;55;0
Answer;26;0
Answer;52;0
Answer;276;0
Answer;-1;0
Mis;`<` is `not >`;0;1;1;0;0;1;0;0;0;1;0;0;1;0;0;0;0;0;0;1;0;1;1
Mis;Backwards chaining;0;1;1;0;0;1;0;0;0;1;0;0;1;0;0;0;0;0;0;0;0;1;0
Mis;`print()` needs input;0;1;1;0;0;1;0;0;0;1;0;0;1;0;0;0;0;0;0;0;0;1;0
Mis;Blank last slice non-inclusive;0;1;1;0;0;1;0;0;0;1;0;0;1;0;0;0;0;0;0;0;0;1;0
Mis;Return frame bypass;0;1;1;0;0;1;0;0;0;1;0;0;1;0;0;0;0;0;0;0;0;1;0
Mis;Functions must have input;0;1;1;0;0;1;0;0;0;1;0;0;1;0;0;0;0;0;0;0;0;1;0
Mis;No Boolean literals;0;1;1;0;0;1;0;0;0;1;0;0;1;0;0;0;0;0;0;1;0;1;0
Mis;String equality isn't case sensitive;0;1;1;0;0;1;0;0;0;1;0;0;1;0;0;0;0;0;0;1;0;1;0
Mis;Single letter variables;0;1;1;0;0;1;0;0;0;1;0;0;1;0;0;0;0;0;0;0;0;1;0
Mis;`return` on `def` indentation level;0;1;1;0;0;1;0;0;0;1;0;0;1;0;0;0;0;0;0;1;0;1;0
Mis;Iterable repetition interleaves;0;1;1;0;0;1;0;0;0;1;0;0;1;0;0;0;0;0;0;0;0;1;0
Mis;Sequenced conditionals;0;1;1;0;0;1;0;0;0;1;0;0;1;0;0;0;0;0;0;1;0;1;0
Mis;`input()` includes newline;0;1;1;0;0;1;0;0;0;1;0;0;1;0;0;0;0;0;0;0;0;1;0
Mis;Concat with single element;0;1;1;0;0;1;0;0;0;1;0;0;1;0;0;0;0;0;0;0;0;1;0
Mis;Extending strings adds space;0;1;1;0;0;1;0;0;0;1;0;0;1;0;0;0;0;0;0;1;0;1;0
Mis;Variables cannot be assigned twice;0;1;1;0;0;1;0;0;0;1;0;0;1;0;0;0;0;0;0;1;0;1;0
Mis;No `and` on objects;0;1;1;0;0;1;0;0;0;1;0;0;1;0;0;0;0;0;0;0;0;1;0
Mis;`range()` only has one input;0;1;1;0;0;1;0;0;0;1;0;0;1;0;0;0;0;0;0;0;0;1;0
Mis;Linear Order of Operations;0;1;1;0;0;1;0;0;0;1;0;0;1;0;0;0;0;0;0;1;0;1;0
Mis;`%` percentage operator;0;1;1;0;0;1;0;0;0;1;0;0;1;0;0;0;0;0;0;0;0;1;0
Mis;`self` has no value;0;1;1;0;0;1;0;0;0;1;0;0;1;0;0;0;0;0;0;1;0;1;0
Mis;Characters are strings;0;1;1;0;0;1;0;0;0;1;0;0;1;0;0;0;0;0;0;0;0;1;0
Mis;Keyword functions;0;1;1;0;0;1;0;0;0;1;0;0;1;0;0;0;0;0;0;0;0;1;0
Mis;Floating point equality okay;0;1;1;0;0;1;0;0;0;1;0;0;1;0;0;0;0;0;0;1;0;1;0
Mis;Lazy assignment;0;1;1;0;0;1;0;0;0;1;0;0;1;0;0;0;0;0;0;0;0;1;0
Mis;Index -1 is start of list;0;1;1;0;0;1;0;0;0;1;0;0;1;0;0;0;0;0;0;1;0;1;0
Mis;No variable functions;0;1;1;0;0;1;0;0;0;1;0;0;1;0;0;0;0;0;0;1;0;1;0
Mis;Multi-line strings with `' '`;0;1;1;0;0;1;0;0;0;1;0;0;1;0;0;0;0;0;0;1;0;1;0
Mis;No variable methods;0;1;1;0;0;1;0;0;0;1;0;0;1;0;0;0;0;0;0;0;0;1;0
Mis;Iterable repeition multiplies by constant;0;1;1;0;0;1;0;0;0;1;0;0;1;0;0;0;0;0;0;0;0;1;0
Mis;String methods mutate;0;1;1;0;0;1;0;0;0;1;0;0;1;0;0;0;0;0;0;0;0;1;0
Mis;No short circuit;0;1;1;0;0;1;0;0;0;1;0;0;1;0;0;0;0;0;0;1;0;1;0
Mis;Slice exclusive of first index;0;1;1;0;0;1;0;0;0;1;0;0;1;0;0;0;0;0;0;0;0;1;0
Mis;`print()` non-terminating return;0;1;1;0;0;1;0;0;0;1;0;0;1;0;0;0;0;0;0;0;0;1;0
Mis;No floating point limit;0;1;1;0;0;1;0;0;0;1;0;0;1;0;0;0;0;0;0;1;0;1;0
Mis;`>` is `not <`;0;1;1;0;0;1;0;0;0;1;0;0;1;0;0;0;0;0;0;1;0;1;1
Mis;`try` without `except`;0;1;1;0;0;1;0;0;0;1;0;0;1;0;0;0;0;0;0;1;0;1;0
Mis;Inline Function Definition;0;1;1;0;0;1;0;0;0;1;0;0;1;0;0;0;0;0;0;1;0;1;0
Mis;`print()` no newline;0;1;1;0;0;1;0;0;0;1;0;0;1;0;0;0;0;0;0;0;0;1;0
Mis;`range()` starts at 1;0;1;1;0;0;1;0;0;0;1;0;0;1;0;0;0;0;0;0;1;0;1;0
Mis;Blank slice is empty;0;1;1;0;0;1;0;0;0;1;0;0;1;0;0;0;0;0;0;0;0;1;0
Mis;`-` works on strings;0;1;1;0;0;1;0;0;0;1;0;0;1;0;0;0;0;0;0;1;0;1;0
Mis;No constructor method chain;0;1;1;0;0;1;0;0;0;1;0;0;1;0;0;0;0;0;0;0;0;1;0
Mis;`#` is an operator;0;1;1;0;0;1;0;0;0;1;0;0;1;0;0;0;0;0;0;1;0;1;0
Mis;No escape sequences;0;1;1;0;0;1;0;0;0;1;0;0;1;0;0;0;0;0;0;0;0;1;0
Mis;Methods must have input;0;1;1;0;0;1;0;0;0;1;0;0;1;0;0;0;0;0;0;0;0;1;0
Mis;Assignment duplicates;0;1;1;0;0;1;0;0;0;1;0;0;1;0;0;0;0;0;0;0;0;1;0
Mis;`=` comparison;0;1;1;0;0;1;0;0;0;1;0;0;1;0;0;0;0;0;0;1;0;1;0
Mis;No tuple return;0;1;1;0;0;1;0;0;0;1;0;0;1;0;0;0;0;0;0;0;0;1;0
Mis;`for` is `while`;0;1;1;0;0;1;0;0;0;1;0;0;1;0;0;0;0;0;0;0;0;1;0
Mis;Curly brackets stay;0;1;1;0;0;1;0;0;0;1;0;0;1;0;0;0;0;0;0;0;0;1;0
Mis;`/` is modulus;0;1;1;0;0;1;0;0;0;1;0;0;1;0;0;0;0;0;0;1;0;1;0
Mis;No implicit void functions;0;1;1;0;0;1;0;0;0;1;0;0;1;0;0;0;0;0;0;0;0;1;0
Mis;Operators cannot be chained;0;1;1;0;0;1;0;0;0;1;0;0;1;0;0;0;0;0;0;1;0;1;0
Mis;Functions must return;0;1;1;0;0;1;0;0;0;1;0;0;1;0;0;0;0;0;0;0;0;1;0
Mis;No `not` on objects;0;1;1;0;0;1;0;0;0;1;0;0;1;0;0;0;0;0;0;0;0;1;0
Mis;Ternary Boolean return;0;1;1;0;0;1;0;0;0;1;0;0;1;0;0;0;0;0;0;0;0;1;0
Mis;`if` loop;0;1;1;0;0;1;0;0;0;1;0;0;1;0;0;0;0;0;0;1;0;1;0
Mis;`range()` includes the final value;0;1;1;0;0;1;0;0;0;1;0;0;1;0;0;0;0;0;0;0;0;1;0
Mis;Methods can have no arguments;0;1;1;0;0;1;0;0;0;1;0;0;1;0;0;0;0;0;0;0;0;1;0
Mis;No string constructor method chain;0;1;1;0;0;1;0;0;0;1;0;0;1;0;0;0;0;0;0;0;0;1;0
Mis;`return` continues;0;1;1;0;0;1;0;0;0;1;0;0;1;0;0;0;0;0;0;0;0;1;0
Mis;String equality not `==`;0;1;1;0;0;1;0;0;0;1;0;0;1;0;0;0;0;0;0;0;0;1;0
Mis;String repetition adds space;0;1;1;0;0;1;0;0;0;1;0;0;1;0;0;0;0;0;0;0;0;1;0
Mis;Automatic Integer Conversion;0;1;1;0;0;1;0;0;0;1;0;0;1;0;0;0;0;0;0;1;0;1;0
Mis;Slices include last value;0;1;1;0;0;1;0;0;0;1;0;0;1;0;0;0;0;0;0;0;0;1;0
Mis;Integers limit;0;1;1;0;0;1;0;0;0;1;0;0;1;0;0;0;0;0;0;1;0;1;0
Mis;Confused string assignment;0;1;1;0;0;1;0;0;0;1;0;0;1;0;0;0;0;0;0;0;0;1;0
Mis;Lowercase Booleans;0;1;1;0;0;1;0;0;0;1;0;0;1;0;0;0;0;0;0;0;0;1;0
Mis;`pass` is `continue`;0;1;1;0;0;1;0;0;0;1;0;0;1;0;0;0;0;0;0;1;0;1;0
Mis;`print()` returns;0;1;1;0;0;1;0;0;0;1;0;0;1;0;0;0;0;0;0;1;0;1;0
Mis;`print()` only accepts one input;0;1;1;0;0;1;0;0;0;1;0;0;1;0;0;0;0;0;0;0;0;1;0
Mis;Secondary memory data loss;0;1;1;0;0;1;0;0;0;1;0;0;1;0;0;0;0;0;0;1;0;1;0
Mis;Transitive Assignment;0;1;1;0;0;1;0;0;0;1;0;0;1;0;0;0;0;0;0;1;0;1;0
Mis;No literal return;0;1;1;0;0;1;0;0;0;1;0;0;1;0;0;0;0;0;0;0;0;1;0
Mis;`input()` return value;0;1;1;0;0;1;0;0;0;1;0;0;1;0;0;0;0;0;0;1;0;1;0
Mis;Floating point `range()`;0;1;1;0;0;1;0;0;0;1;0;0;1;0;0;0;0;0;0;0;0;1;0
Mis;No `or` on objects;0;1;1;0;0;1;0;0;0;1;0;0;1;0;0;0;0;0;0;0;0;1;0
Mis;`print()` always has a newline;0;1;1;0;0;1;0;0;0;1;0;0;1;0;0;0;0;0;0;0;0;1;0
Mis;`print()` only string;0;1;1;0;0;1;0;0;0;1;0;0;1;0;0;0;0;0;0;0;0;1;0
Mis;`/` is integer division;0;1;1;0;0;1;0;0;0;1;0;0;1;0;0;0;0;0;0;1;0;1;0
Mis;`input()` requires function input;0;1;1;0;0;1;0;0;0;1;0;0;1;0;0;0;0;0;0;0;0;1;0
Mis;No method chain;0;1;1;0;0;1;0;0;0;1;0;0;1;0;0;0;0;0;0;0;0;1;0
Mis;`int()` rounds up floats;0;1;1;0;0;1;0;0;0;1;0;0;1;0;0;0;0;0;0;1;0;1;0
Mis;Multi-line strings with `" "`;0;1;1;0;0;1;0;0;0;1;0;0;1;0;0;0;0;0;0;1;0;1;0
Mis;List concat vector addition;0;1;1;0;0;1;0;0;0;1;0;0;1;0;0;0;0;0;0;1;0;1;0
Mis;`/` works on strings;0;1;1;0;0;1;0;0;0;1;0;0;1;0;0;0;0;0;0;1;0;1;0
Mis;Strings are mutable;0;1;1;0;0;1;0;0;0;1;0;0;1;0;0;0;0;0;0;0;0;1;0
Mis;No loop termination;0;1;1;0;0;1;0;0;0;1;0;0;1;0;0;0;0;0;0;1;0;1;0
Mis;Conditional Boolean return;0;1;1;0;0;1;0;0;0;1;0;0;1;0;0;0;0;0;0;0;0;1;0
Mis;Slices require indices;0;1;1;0;0;1;0;0;0;1;0;0;1;0;0;0;0;0;0;1;0;1;0
Mis;Parenthesized return;0;1;1;0;0;1;0;0;0;1;0;0;1;0;0;0;0;0;0;0;0;1;0
Mis;`%` is division;0;1;1;0;0;1;0;0;0;1;0;0;1;0;0;0;0;0;0;0;0;1;0
Mis;Iterable repetition repeated constant multiplication;0;1;1;0;0;1;0;0;0;1;0;0;1;0;0;0;0;0;0;1;0;1;0
Mis;`//` divides;0;1;1;0;0;1;0;0;0;1;0;0;1;0;0;0;0;0;0;0;0;1;0
Mis;Cannot mix index sign in slice;0;1;1;0;0;1;0;0;0;1;0;0;1;0;0;0;0;0;0;0;0;1;0
Mis;`//` is modulus;0;1;1;0;0;1;0;0;0;1;0;0;1;0;0;0;0;0;0;0;0;1;0
Mis;Slice removes;0;1;1;0;0;1;0;0;0;1;0;0;1;0;0;0;0;0;0;0;0;1;0
Mis;No nesting loops;0;1;1;0;0;1;0;0;0;1;0;0;1;0;0;0;0;0;0;0;0;1;0
Mis;Literals don't have a data type;0;1;1;0;0;1;0;0;0;1;0;0;1;0;0;0;0;0;0;1;0;1;0
Mis;`%` is integer division;0;1;1;0;0;1;0;0;0;1;0;0;1;0;0;0;0;0;0;0;0;1;0
Mis;No formatted string;0;1;1;0;0;1;0;0;0;1;0;0;1;0;0;0;0;0;0;1;0;1;0
Mis;`for` stops before last element;0;1;1;0;0;1;0;0;0;1;0;0;1;0;0;0;0;0;0;1;0;1;0
Mis;`int()` rounds floats;0;1;1;0;0;1;0;0;0;1;0;0;1;0;0;0;0;0;0;0;0;1;0
Mis;Implied repetition over logical operator;0;1;1;0;0;1;0;0;0;1;0;0;1;0;0;0;0;0;0;0;0;1;0
Mis;`for` only with `range()`;0;1;1;0;0;1;0;0;0;1;0;0;1;0;0;0;0;0;0;0;0;1;0
Mis;`while` tests after loop;0;1;1;0;0;1;0;0;0;1;0;0;1;0;0;0;0;0;0;1;0;1;0
Mis;Multi-value return;0;1;1;0;0;1;0;0;0;1;0;0;1;0;0;0;0;0;0;0;0;1;0
Mis;Strings are not objects;0;1;1;0;0;1;0;0;0;1;0;0;1;0;0;0;0;0;0;1;0;1;0
Sphere;`str()` function;0;1;1;0;0;1;0;0;0;1;0;0;1;0;0;0;0;0;0;0;0;1;0;1e-08
Sphere;Floats;0;1;1;0;0;1;0;0;0;1;0;0;1;0;0;0;0;0;0;0;0;1;0;0.2
Sphere;`+=` float operator;0;1;1;0;0;1;0;0;0;1;0;0;1;0;0;0;0;0;0;0;0;1;0;1e-08
Sphere;Built-in Functions;0;1;1;0;0;1;0;0;0;1;0;0;1;0;0;0;0;0;0;0;0;1;0;1e-08
Sphere;`+=` integer operator;0;1;1;0;0;1;0;0;0;1;0;0;1;0;0;0;0;0;0;0;0;1;0;1e-08
Sphere;Secondary Memory;0;1;1;0;0;1;0;0;0;1;0;0;1;0;0;0;0;0;0;0;0;1;0;0.2
Sphere;`*=` float operator;0;1;1;0;0;1;0;0;0;1;0;0;1;0;0;0;0;0;0;0;0;1;0;1e-08
Sphere;Conditionals;0;1;1;0;0;1;0;0;0;1;0;0;1;0;0;0;0;0;0;0;0;1;0;1e-08
Sphere;Addition;0;1;1;0;0;1;0;0;0;1;0;0;1;0;0;0;0;0;0;0;0;1;0;1e-08
Sphere;Compilers;0;1;1;0;0;1;0;0;0;1;0;0;1;0;0;0;0;0;0;0;0;1;0;0.2
Sphere;`range()` function;0;1;1;0;0;1;0;0;0;1;0;0;1;0;0;0;0;0;0;0;0;1;0;1e-08
Sphere;`%=` integer operator;0;1;1;0;0;1;0;0;0;1;0;0;1;0;0;0;0;0;0;0;0;1;0;1e-08
Sphere;Interpreters;0;1;1;0;0;1;0;0;0;1;0;0;1;0;0;0;0;0;0;0;0;1;0;0.2
Sphere;Booleans;0;1;1;0;0;1;0;0;0;1;0;0;1;0;0;0;0;0;0;0;0;1;0;1e-08
Sphere;`%` float operator;0;1;1;0;0;1;0;0;0;1;0;0;1;0;0;0;0;0;0;0;0;1;0;1e-08
Sphere;`elif` keyword;0;1;1;0;0;1;0;0;0;1;0;0;1;0;0;0;0;0;0;0;0;1;0;1e-08
Sphere;`<=` float operator;0;1;1;0;0;1;0;0;0;1;0;0;1;0;0;0;0;0;0;0;0;1;0;1e-08
Sphere;`<` float operator;0;1;1;0;0;1;0;0;0;1;0;0;1;0;0;0;0;0;0;0;0;1;0;1e-08
Sphere;Assignment;0;1;1;0;0;1;0;0;0;1;0;0;1;0;0;0;0;0;0;0;0;1;0;0.2
Sphere;`continue` keyword;0;1;1;0;0;1;0;0;0;1;0;0;1;0;0;0;0;0;0;0;0;1;0;1e-08
Sphere;`+` string operator;0;1;1;0;0;1;0;0;0;1;0;0;1;0;0;0;0;0;0;0;0;1;0;1e-08
Sphere;`lower()` method;0;1;1;0;0;1;0;0;0;1;0;0;1;0;0;0;0;0;0;0;0;1;0;1e-08
Sphere;`else` keyword;0;1;1;0;0;1;0;0;0;1;0;0;1;0;0;0;0;0;0;0;0;1;0;1e-08
Sphere;`-=` integer operator;0;1;1;0;0;1;0;0;0;1;0;0;1;0;0;0;0;0;0;0;0;1;0;1e-08
Sphere;`or` operator;0;1;1;0;0;1;0;0;0;1;0;0;1;0;0;0;0;0;0;0;0;1;0;1e-08
Sphere;`!=` float operator;0;1;1;0;0;1;0;0;0;1;0;0;1;0;0;0;0;0;0;0;0;1;0;1e-08
Sphere;`<` string operator;0;1;1;0;0;1;0;0;0;1;0;0;1;0;0;0;0;0;0;0;0;1;0;1e-08
Sphere;`<` integer operator;0;1;1;0;0;1;0;0;0;1;0;0;1;0;0;0;0;0;0;0;0;1;0;1e-08
Sphere;Floating point equality;0;1;1;0;0;1;0;0;0;1;0;0;1;0;0;0;0;0;0;0;0;1;0;1e-08
Sphere;Comparison;0;1;1;0;0;1;0;0;0;1;0;0;1;0;0;0;0;0;0;0;0;1;0;1e-08
Sphere;`type()` function;0;1;1;0;0;1;0;0;0;1;0;0;1;0;0;0;0;0;0;0;0;1;0;1e-08
Sphere;Functions;0;1;1;0;0;1;0;0;0;1;0;0;1;0;0;0;0;0;0;0;0;1;0;1e-08
Sphere;Contracted `if`;0;1;1;0;0;1;0;0;0;1;0;0;1;0;0;0;0;0;0;0;0;1;0;1e-08
Sphere;Automatic Conversion;0;1;1;0;0;1;0;0;0;1;0;0;1;0;0;0;0;0;0;0;0;1;0;1e-08
Sphere;`+` float operator;0;1;1;0;0;1;0;0;0;1;0;0;1;0;0;0;0;0;0;0;0;1;0;0.2
Sphere;`>=` integer operator;0;1;1;0;0;1;0;0;0;1;0;0;1;0;0;0;0;0;0;0;0;1;0;1e-08
Sphere;`break` keyword;0;1;1;0;0;1;0;0;0;1;0;0;1;0;0;0;0;0;0;0;0;1;0;1e-08
Sphere;CPU functionality;0;1;1;0;0;1;0;0;0;1;0;0;1;0;0;0;0;0;0;0;0;1;0;0.2
Sphere;Self Assignment;0;1;1;0;0;1;0;0;0;1;0;0;1;0;0;0;0;0;0;0;0;1;1;0.8
Sphere;`*=` integer operator;0;1;1;0;0;1;0;0;0;1;0;0;1;0;0;0;0;0;0;0;0;1;0;1e-08
Sphere;`//` float operator;0;1;1;0;0;1;0;0;0;1;0;0;1;0;0;0;0;0;0;0;0;1;0;1e-08
Sphere;`' '` constructor;0;1;1;0;0;1;0;0;0;1;0;0;1;0;0;0;0;0;0;0;0;1;0;1e-08
Sphere;`""" """` constructor;0;1;1;0;0;1;0;0;0;1;0;0;1;0;0;0;0;0;0;0;0;1;0;1e-08
Sphere;`join()` method;0;1;1;0;0;1;0;0;0;1;0;0;1;0;0;0;0;0;0;0;0;1;0;1e-08
Sphere;`/` integer operator;0;1;1;0;0;1;0;0;0;1;0;0;1;0;0;0;0;0;0;0;0;1;0;0.2
Sphere;Repetition;0;1;1;0;0;1;0;0;0;1;0;0;1;0;0;0;0;0;0;0;0;1;0;1e-08
Sphere;`//=` float operator;0;1;1;0;0;1;0;0;0;1;0;0;1;0;0;0;0;0;0;0;0;1;0;1e-08
Sphere;Control Flow;0;1;1;0;0;1;0;0;0;1;0;0;1;0;0;0;0;0;0;0;0;1;0;1e-08
Sphere;Loops;0;1;1;0;0;1;0;0;0;1;0;0;1;0;0;0;0;0;0;0;0;1;0;1e-08
Sphere;Integers;0;1;1;0;0;1;0;0;0;1;0;0;1;0;0;0;0;0;0;0;0;1;0;0.2
Sphere;`%=` float operator;0;1;1;0;0;1;0;0;0;1;0;0;1;0;0;0;0;0;0;0;0;1;0;1e-08
Sphere;Concatenation;0;1;1;0;0;1;0;0;0;1;0;0;1;0;0;0;0;0;0;0;0;1;0;1e-08
Sphere;`*` string operator;0;1;1;0;0;1;0;0;0;1;0;0;1;0;0;0;0;0;0;0;0;1;0;1e-08
Sphere;`-=` float operator;0;1;1;0;0;1;0;0;0;1;0;0;1;0;0;0;0;0;0;0;0;1;0;1e-08
Sphere;`//` integer operator;0;1;1;0;0;1;0;0;0;1;0;0;1;0;0;0;0;0;0;0;0;1;0;1e-08
Sphere;`*` float operator;0;1;1;0;0;1;0;0;0;1;0;0;1;0;0;0;0;0;0;0;0;1;0;0.2
Sphere;Atomic Data Types;0;1;1;0;0;1;0;0;0;1;0;0;1;0;0;0;0;0;0;0;0;1;0;1e-08
Sphere;Subtraction;0;1;1;0;0;1;0;0;0;1;0;0;1;0;0;0;0;0;0;0;0;1;0;1e-08
Sphere;Type Casting;0;1;1;0;0;1;0;0;0;1;0;0;1;0;0;0;0;0;0;0;0;1;0;1e-08
Sphere;`not` operator;0;1;1;0;0;1;0;0;0;1;0;0;1;0;0;0;0;0;0;0;0;1;0;1e-08
Sphere;String Slicing;0;1;1;0;0;1;0;0;0;1;0;0;1;0;0;0;0;0;0;0;0;1;0;1e-08
Sphere;`and` operator;0;1;1;0;0;1;0;0;0;1;0;0;1;0;0;0;0;0;0;0;0;1;0;1e-08
Sphere;`/=` integer operator;0;1;1;0;0;1;0;0;0;1;0;0;1;0;0;0;0;0;0;0;0;1;0;1e-08
Sphere;Multiplication;0;1;1;0;0;1;0;0;0;1;0;0;1;0;0;0;0;0;0;0;0;1;0;1e-08
Sphere;`*` integer operator;0;1;1;0;0;1;0;0;0;1;0;0;1;0;0;0;0;0;0;0;0;1;0;0.2
Sphere;`input()` function;0;1;1;0;0;1;0;0;0;1;0;0;1;0;0;0;0;0;0;0;0;1;0;0.2
Sphere;`return` keyword;0;1;1;0;0;1;0;0;0;1;0;0;1;0;0;0;0;0;0;0;0;1;0;1e-08
Sphere;Indexing;0;1;1;0;0;1;0;0;0;1;0;0;1;0;0;0;0;0;0;0;0;1;0;1e-08
Sphere;Ordered Data Structures;0;1;1;0;0;1;0;0;0;1;0;0;1;0;0;0;0;0;0;0;0;1;0;1e-08
Sphere;`+` integer operator;0;1;1;0;0;1;0;0;0;1;0;0;1;0;0;0;0;0;0;0;0;1;0;0.2
Sphere;Formatted Strings;0;1;1;0;0;1;0;0;0;1;0;0;1;0;0;0;0;0;0;0;0;1;0;1e-08
Sphere;Division;0;1;1;0;0;1;0;0;0;1;0;0;1;0;0;0;0;0;0;0;0;1;0;1e-08
Sphere;`if` keyword;0;1;1;0;0;1;0;0;0;1;0;0;1;0;0;0;0;0;0;0;0;1;0;1e-08
Sphere;Equality;0;1;1;0;0;1;0;0;0;1;0;0;1;0;0;0;0;0;0;0;0;1;0;1e-08
Sphere;Strings;0;1;1;0;0;1;0;0;0;1;0;0;1;0;0;0;0;0;0;0;0;1;0;1e-08
Sphere;`==` integer operator;0;1;1;0;0;1;0;0;0;1;0;0;1;0;0;0;0;0;0;0;0;1;0;1e-08
Sphere;`-` integer operator;0;1;1;0;0;1;0;0;0;1;0;0;1;0;0;0;0;0;0;0;0;1;0;0.2
Sphere;`!=` string operator;0;1;1;0;0;1;0;0;0;1;0;0;1;0;0;0;0;0;0;0;0;1;0;1e-08
Sphere;String Indexing;0;1;1;0;0;1;0;0;0;1;0;0;1;0;0;0;0;0;0;0;0;1;0;1e-08
Sphere;Operator Chaining;0;1;1;0;0;1;0;0;0;1;0;0;1;0;0;0;0;0;0;0;0;1;0;0.2
Sphere;Comments;0;1;1;0;0;1;0;0;0;1;0;0;1;0;0;0;0;0;0;0;0;1;0;0.2
Sphere;`/` float operator;0;1;1;0;0;1;0;0;0;1;0;0;1;0;0;0;0;0;0;0;0;1;0;0.2
Sphere;`upper()` method;0;1;1;0;0;1;0;0;0;1;0;0;1;0;0;0;0;0;0;0;0;1;0;1e-08
Sphere;`try` keyword;0;1;1;0;0;1;0;0;0;1;0;0;1;0;0;0;0;0;0;0;0;1;0;1e-08
Sphere;`>` float operator;0;1;1;0;0;1;0;0;0;1;0;0;1;0;0;0;0;0;0;0;0;1;0;1e-08
Sphere;`==` string operator;0;1;1;0;0;1;0;0;0;1;0;0;1;0;0;0;0;0;0;0;0;1;0;1e-08
Sphere;`for` loops;0;1;1;0;0;1;0;0;0;1;0;0;1;0;0;0;0;0;0;0;0;1;0;1e-08
Sphere;`" "` constructor;0;1;1;0;0;1;0;0;0;1;0;0;1;0;0;0;0;0;0;0;0;1;0;1e-08
Sphere;`int()` function;0;1;1;0;0;1;0;0;0;1;0;0;1;0;0;0;0;0;0;0;0;1;0;1e-08
Sphere;`replace()` method;0;1;1;0;0;1;0;0;0;1;0;0;1;0;0;0;0;0;0;0;0;1;0;1e-08
Sphere;Integer Division;0;1;1;0;0;1;0;0;0;1;0;0;1;0;0;0;0;0;0;0;0;1;0;1e-08
Sphere;`%` integer operator;0;1;1;0;0;1;0;0;0;1;0;0;1;0;0;0;0;0;0;0;0;1;0;1e-08
Sphere;`print()` function;0;1;1;0;0;1;0;0;0;1;0;0;1;0;0;0;0;0;0;0;0;1;0;0.2
Sphere;Order of Operations;0;1;1;0;0;1;0;0;0;1;0;0;1;0;0;0;0;0;0;0;0;1;0;0.2
Sphere;`len()` string function;0;1;1;0;0;1;0;0;0;1;0;0;1;0;0;0;0;0;0;0;0;1;0;1e-08
Sphere;`<=` integer operator;0;1;1;0;0;1;0;0;0;1;0;0;1;0;0;0;0;0;0;0;0;1;0;1e-08
Sphere;RAM functionality;0;1;1;0;0;1;0;0;0;1;0;0;1;0;0;0;0;0;0;0;0;1;0;0.2
Sphere;`>` string operator;0;1;1;0;0;1;0;0;0;1;0;0;1;0;0;0;0;0;0;0;0;1;0;1e-08
Sphere;`/=` float operator;0;1;1;0;0;1;0;0;0;1;0;0;1;0;0;0;0;0;0;0;0;1;0;1e-08
Sphere;`-` float operator;0;1;1;0;0;1;0;0;0;1;0;0;1;0;0;0;0;0;0;0;0;1;0;0.2
Sphere;`float()` function;0;1;1;0;0;1;0;0;0;1;0;0;1;0;0;0;0;0;0;0;0;1;0;1e-08
Sphere;Slicing;0;1;1;0;0;1;0;0;0;1;0;0;1;0;0;0;0;0;0;0;0;1;0;1e-08
Sphere;`=` operator;0;1;1;0;0;1;0;0;0;1;0;0;1;0;0;0;0;0;0;0;0;1;1;0.8
Sphere;Modulus;0;1;1;0;0;1;0;0;0;1;0;0;1;0;0;0;0;0;0;0;0;1;0;1e-08
Sphere;`!=` integer operator;0;1;1;0;0;1;0;0;0;1;0;0;1;0;0;0;0;0;0;0;0;1;0;1e-08
Sphere;`>` integer operator;0;1;1;0;0;1;0;0;0;1;0;0;1;0;0;0;0;0;0;0;0;1;0;1e-08
Sphere;`while` loops;0;1;1;0;0;1;0;0;0;1;0;0;1;0;0;0;0;0;0;0;0;1;0;1e-08
Sphere;Methods;0;1;1;0;0;1;0;0;0;1;0;0;1;0;0;0;0;0;0;0;0;1;0;1e-08
Sphere;`>=` float operator;0;1;1;0;0;1;0;0;0;1;0;0;1;0;0;0;0;0;0;0;0;1;0;1e-08
Sphere;Machine Code;0;1;1;0;0;1;0;0;0;1;0;0;1;0;0;0;0;0;0;0;0;1;0;0.2
Sphere;Variables;0;1;1;0;0;1;0;0;0;1;0;0;1;0;0;0;0;0;0;0;0;1;1;0.8
Sphere;Program Definition;0;1;1;0;0;1;0;0;0;1;0;0;1;0;0;0;0;0;0;0;0;1;0;0.2
Sphere;`//=` integer operator;0;1;1;0;0;1;0;0;0;1;0;0;1;0;0;0;0;0;0;0;0;1;0;1e-08
Sphere;`def` constructor;0;1;1;0;0;1;0;0;0;1;0;0;1;0;0;0;0;0;0;0;0;1;0;1e-08
Sphere;`capitalize()` method;0;1;1;0;0;1;0;0;0;1;0;0;1;0;0;0;0;0;0;0;0;1;0;1e-08
==::==::==
Question;81;0
Question;20;0
Question;5;0
Question;18;0
Question;8;0
Question;53;0
Question;84;0
Question;11;0
Question;83;0
Question;9;0
Question;93;0
Question;15;0
Question;82;0
Question;85;0
Question;91;0
Question;19;0
Question;79;0
Question;48;0
Question;17;0
Question;12;0
Question;90;0
Question;14;0
Question;13;0
Question;7;0
Answer;58;0
Answer;305;0
Answer;315;0
Answer;50;0
Answer;21;0
Answer;27;0
Answer;209;0
Answer;217;0
Answer;210;0
Answer;56;0
Answer;218;0
Answer;213;0
Answer;316;0
Answer;304;0
Answer;223;0
Answer;314;0
Answer;130;0
Answer;61;0
Answer;36;0
Answer;220;0
Answer;216;0
Answer;208;0
Answer;211;0
Answer;225;0
Answer;33;0
Answer;49;0
Answer;141;0
Answer;224;0
Answer;206;0
Answer;19;0
Answer;37;0
Answer;303;0
Answer;222;0
Answer;42;0
Answer;47;0
Answer;57;0
Answer;214;0
Answer;29;0
Answer;215;0
Answer;53;0
Answer;219;0
Answer;277;0
Answer;44;0
Answer;32;0
Answer;28;0
Answer;221;0
Answer;43;0
Answer;48;0
Answer;46;0
Answer;201;0
Answer;131;0
Answer;308;0
Answer;307;0
Answer;200;0
Answer;51;0
Answer;35;0
Answer;54;0
Answer;60;0
Answer;64;0
Answer;30;0
Answer;198;0
Answer;20;0
Answer;18;0
Answer;31;0
Answer;63;0
Answer;199;0
Answer;45;0
Answer;313;0
Answer;207;0
Answer;212;0
Answer;62;0
Answer;306;0
Answer;34;0
Answer;55;0
Answer;26;0
Answer;52;0
Answer;276;0
Answer;-1;0
Mis;`<` is `not >`;0;1;1;0;0;1;0;0;0;1;0;0;1;0;0;0;1;0;0;1;0;2;1
Mis;Backwards chaining;0;1;1;0;0;1;0;0;0;1;0;0;1;0;0;0;1;0;0;0;0;2;0
Mis;`print()` needs input;0;1;1;0;0;1;0;0;0;1;0;0;1;0;0;0;1;0;0;0;0;2;0
Mis;Blank last slice non-inclusive;0;1;1;0;0;1;0;0;0;1;0;0;1;0;0;0;1;0;0;0;0;2;0
Mis;Return frame bypass;0;1;1;0;0;1;0;0;0;1;0;0;1;0;0;0;1;0;0;0;0;2;0
Mis;Functions must have input;0;1;1;0;0;1;0;0;0;1;0;0;1;0;0;0;1;0;0;0;0;2;0
Mis;No Boolean literals;0;1;1;0;0;1;0;0;0;1;0;0;1;0;0;0;1;0;0;1;0;2;0
Mis;String equality isn't case sensitive;0;1;1;0;0;1;0;0;0;1;0;0;1;0;0;0;1;0;0;1;0;2;0
Mis;Single letter variables;0;1;1;0;0;1;0;0;0;1;0;0;1;0;0;0;1;0;0;0;0;2;0
Mis;`return` on `def` indentation level;0;1;1;0;0;1;0;0;0;1;0;0;1;0;0;0;1;0;0;1;0;2;0
Mis;Iterable repetition interleaves;0;1;1;0;0;1;0;0;0;1;0;0;1;0;0;0;1;0;0;0;0;2;0
Mis;Sequenced conditionals;0;1;1;0;0;1;0;0;0;1;0;0;1;0;0;0;1;0;0;1;0;2;0
Mis;`input()` includes newline;0;1;1;0;0;1;0;0;0;1;0;0;1;0;0;0;1;0;0;0;0;2;0
Mis;Concat with single element;0;1;1;0;0;1;0;0;0;1;0;0;1;0;0;0;1;0;0;0;0;2;0
Mis;Extending strings adds space;0;1;1;0;0;1;0;0;0;1;0;0;1;0;0;0;1;0;0;1;0;2;0
Mis;Variables cannot be assigned twice;0;1;1;0;0;1;0;0;0;1;0;0;1;0;0;0;1;0;0;1;0;2;0
Mis;No `and` on objects;0;1;1;0;0;1;0;0;0;1;0;0;1;0;0;0;1;0;0;0;0;2;0
Mis;`range()` only has one input;0;1;1;0;0;1;0;0;0;1;0;0;1;0;0;0;1;0;0;0;0;2;0
Mis;Linear Order of Operations;0;1;1;0;0;1;0;0;0;1;0;0;1;0;0;0;1;0;0;1;0;2;0
Mis;`%` percentage operator;0;1;1;0;0;1;0;0;0;1;0;0;1;0;0;0;1;0;0;0;0;2;0
Mis;`self` has no value;0;1;1;0;0;1;0;0;0;1;0;0;1;0;0;0;1;0;0;1;0;2;0
Mis;Characters are strings;0;1;1;0;0;1;0;0;0;1;0;0;1;0;0;0;1;0;0;0;0;2;0
Mis;Keyword functions;0;1;1;0;0;1;0;0;0;1;0;0;1;0;0;0;1;0;0;0;0;2;0
Mis;Floating point equality okay;0;1;1;0;0;1;0;0;0;1;0;0;1;0;0;0;1;0;0;1;0;2;0
Mis;Lazy assignment;0;1;1;0;0;1;0;0;0;1;0;0;1;0;0;0;1;0;0;0;0;2;0
Mis;Index -1 is start of list;0;1;1;0;0;1;0;0;0;1;0;0;1;0;0;0;1;0;0;1;0;2;0
Mis;No variable functions;0;1;1;0;0;1;0;0;0;1;0;0;1;0;0;0;1;0;0;1;0;2;0
Mis;Multi-line strings with `' '`;0;1;1;0;0;1;0;0;0;1;0;0;1;0;0;0;1;0;0;1;0;2;0
Mis;No variable methods;0;1;1;0;0;1;0;0;0;1;0;0;1;0;0;0;1;0;0;0;0;2;0
Mis;Iterable repeition multiplies by constant;0;1;1;0;0;1;0;0;0;1;0;0;1;0;0;0;1;0;0;0;0;2;0
Mis;String methods mutate;0;1;1;0;0;1;0;0;0;1;0;0;1;0;0;0;1;0;0;0;0;2;0
Mis;No short circuit;0;1;1;0;0;1;0;0;0;1;0;0;1;0;0;0;1;0;0;1;0;2;0
Mis;Slice exclusive of first index;0;1;1;0;0;1;0;0;0;1;0;0;1;0;0;0;1;0;0;0;0;2;0
Mis;`print()` non-terminating return;0;1;1;0;0;1;0;0;0;1;0;0;1;0;0;0;1;0;0;0;0;2;0
Mis;No floating point limit;0;1;1;0;0;1;0;0;0;1;0;0;1;0;0;0;1;0;0;1;0;2;0
Mis;`>` is `not <`;0;1;1;0;0;1;0;0;0;1;0;0;1;0;0;0;1;0;0;1;0;2;1
Mis;`try` without `except`;0;1;1;0;0;1;0;0;0;1;0;0;1;0;0;0;1;0;0;1;0;2;0
Mis;Inline Function Definition;0;1;1;0;0;1;0;0;0;1;0;0;1;0;0;0;1;0;0;1;0;2;0
Mis;`print()` no newline;0;1;1;0;0;1;0;0;0;1;0;0;1;0;0;0;1;0;0;0;0;2;0
Mis;`range()` starts at 1;0;1;1;0;0;1;0;0;0;1;0;0;1;0;0;0;1;0;0;1;0;2;0
Mis;Blank slice is empty;0;1;1;0;0;1;0;0;0;1;0;0;1;0;0;0;1;0;0;0;0;2;0
Mis;`-` works on strings;0;1;1;0;0;1;0;0;0;1;0;0;1;0;0;0;1;0;0;1;0;2;0
Mis;No constructor method chain;0;1;1;0;0;1;0;0;0;1;0;0;1;0;0;0;1;0;0;0;0;2;0
Mis;`#` is an operator;0;1;1;0;0;1;0;0;0;1;0;0;1;0;0;0;1;0;0;1;0;2;0
Mis;No escape sequences;0;1;1;0;0;1;0;0;0;1;0;0;1;0;0;0;1;0;0;0;0;2;0
Mis;Methods must have input;0;1;1;0;0;1;0;0;0;1;0;0;1;0;0;0;1;0;0;0;0;2;0
Mis;Assignment duplicates;0;1;1;0;0;1;0;0;0;1;0;0;1;0;0;0;1;0;0;0;0;2;0
Mis;`=` comparison;0;1;1;0;0;1;0;0;0;1;0;0;1;0;0;0;1;0;0;1;0;2;0
Mis;No tuple return;0;1;1;0;0;1;0;0;0;1;0;0;1;0;0;0;1;0;0;0;0;2;0
Mis;`for` is `while`;0;1;1;0;0;1;0;0;0;1;0;0;1;0;0;0;1;0;0;0;0;2;0
Mis;Curly brackets stay;0;1;1;0;0;1;0;0;0;1;0;0;1;0;0;0;1;0;0;0;0;2;0
Mis;`/` is modulus;0;1;1;0;0;1;0;0;0;1;0;0;1;0;0;0;1;0;0;1;0;2;0
Mis;No implicit void functions;0;1;1;0;0;1;0;0;0;1;0;0;1;0;0;0;1;0;0;0;0;2;0
Mis;Operators cannot be chained;0;1;1;0;0;1;0;0;0;1;0;0;1;0;0;0;1;0;0;1;0;2;0
Mis;Functions must return;0;1;1;0;0;1;0;0;0;1;0;0;1;0;0;0;1;0;0;0;0;2;0
Mis;No `not` on objects;0;1;1;0;0;1;0;0;0;1;0;0;1;0;0;0;1;0;0;0;0;2;0
Mis;Ternary Boolean return;0;1;1;0;0;1;0;0;0;1;0;0;1;0;0;0;1;0;0;0;0;2;0
Mis;`if` loop;0;1;1;0;0;1;0;0;0;1;0;0;1;0;0;0;1;0;0;1;0;2;0
Mis;`range()` includes the final value;0;1;1;0;0;1;0;0;0;1;0;0;1;0;0;0;1;0;0;0;0;2;0
Mis;Methods can have no arguments;0;1;1;0;0;1;0;0;0;1;0;0;1;0;0;0;1;0;0;0;0;2;0
Mis;No string constructor method chain;0;1;1;0;0;1;0;0;0;1;0;0;1;0;0;0;1;0;0;0;0;2;0
Mis;`return` continues;0;1;1;0;0;1;0;0;0;1;0;0;1;0;0;0;1;0;0;0;0;2;0
Mis;String equality not `==`;0;1;1;0;0;1;0;0;0;1;0;0;1;0;0;0;1;0;0;0;0;2;0
Mis;String repetition adds space;0;1;1;0;0;1;0;0;0;1;0;0;1;0;0;0;1;0;0;0;0;2;0
Mis;Automatic Integer Conversion;0;1;1;0;0;1;0;0;0;1;0;0;1;0;0;0;1;0;0;1;0;2;0
Mis;Slices include last value;0;1;1;0;0;1;0;0;0;1;0;0;1;0;0;0;1;0;0;0;0;2;0
Mis;Integers limit;0;1;1;0;0;1;0;0;0;1;0;0;1;0;0;0;1;0;0;1;0;2;0
Mis;Confused string assignment;0;1;1;0;0;1;0;0;0;1;0;0;1;0;0;0;1;0;0;0;0;2;0
Mis;Lowercase Booleans;0;1;1;0;0;1;0;0;0;1;0;0;1;0;0;0;1;0;0;0;0;2;0
Mis;`pass` is `continue`;0;1;1;0;0;1;0;0;0;1;0;0;1;0;0;0;1;0;0;1;0;2;0
Mis;`print()` returns;0;1;1;0;0;1;0;0;0;1;0;0;1;0;0;0;1;0;0;1;0;2;0
Mis;`print()` only accepts one input;0;1;1;0;0;1;0;0;0;1;0;0;1;0;0;0;1;0;0;0;0;2;0
Mis;Secondary memory data loss;0;1;1;0;0;1;0;0;0;1;0;0;1;0;0;0;1;0;0;1;0;2;0
Mis;Transitive Assignment;0;1;1;0;0;1;0;0;0;1;0;0;1;0;0;0;1;0;0;1;0;2;0
Mis;No literal return;0;1;1;0;0;1;0;0;0;1;0;0;1;0;0;0;1;0;0;0;0;2;0
Mis;`input()` return value;0;1;1;0;0;1;0;0;0;1;0;0;1;0;0;0;1;0;0;1;0;2;0
Mis;Floating point `range()`;0;1;1;0;0;1;0;0;0;1;0;0;1;0;0;0;1;0;0;0;0;2;0
Mis;No `or` on objects;0;1;1;0;0;1;0;0;0;1;0;0;1;0;0;0;1;0;0;0;0;2;0
Mis;`print()` always has a newline;0;1;1;0;0;1;0;0;0;1;0;0;1;0;0;0;1;0;0;0;0;2;0
Mis;`print()` only string;0;1;1;0;0;1;0;0;0;1;0;0;1;0;0;0;1;0;0;0;0;2;0
Mis;`/` is integer division;0;1;1;0;0;1;0;0;0;1;0;0;1;0;0;0;1;0;0;1;0;2;0
Mis;`input()` requires function input;0;1;1;0;0;1;0;0;0;1;0;0;1;0;0;0;1;0;0;0;0;2;0
Mis;No method chain;0;1;1;0;0;1;0;0;0;1;0;0;1;0;0;0;1;0;0;0;0;2;0
Mis;`int()` rounds up floats;0;1;1;0;0;1;0;0;0;1;0;0;1;0;0;0;1;0;0;1;0;2;0
Mis;Multi-line strings with `" "`;0;1;1;0;0;1;0;0;0;1;0;0;1;0;0;0;1;0;0;1;0;2;0
Mis;List concat vector addition;0;1;1;0;0;1;0;0;0;1;0;0;1;0;0;0;1;0;0;1;0;2;0
Mis;`/` works on strings;0;1;1;0;0;1;0;0;0;1;0;0;1;0;0;0;1;0;0;1;0;2;0
Mis;Strings are mutable;0;1;1;0;0;1;0;0;0;1;0;0;1;0;0;0;1;0;0;0;0;2;0
Mis;No loop termination;0;1;1;0;0;1;0;0;0;1;0;0;1;0;0;0;1;0;0;1;0;2;0
Mis;Conditional Boolean return;0;1;1;0;0;1;0;0;0;1;0;0;1;0;0;0;1;0;0;0;0;2;0
Mis;Slices require indices;0;1;1;0;0;1;0;0;0;1;0;0;1;0;0;0;1;0;0;1;0;2;0
Mis;Parenthesized return;0;1;1;0;0;1;0;0;0;1;0;0;1;0;0;0;1;0;0;0;0;2;0
Mis;`%` is division;0;1;1;0;0;1;0;0;0;1;0;0;1;0;0;0;1;0;0;0;0;2;0
Mis;Iterable repetition repeated constant multiplication;0;1;1;0;0;1;0;0;0;1;0;0;1;0;0;0;1;0;0;1;0;2;0
Mis;`//` divides;0;1;1;0;0;1;0;0;0;1;0;0;1;0;0;0;1;0;0;0;0;2;0
Mis;Cannot mix index sign in slice;0;1;1;0;0;1;0;0;0;1;0;0;1;0;0;0;1;0;0;0;0;2;0
Mis;`//` is modulus;0;1;1;0;0;1;0;0;0;1;0;0;1;0;0;0;1;0;0;0;0;2;0
Mis;Slice removes;0;1;1;0;0;1;0;0;0;1;0;0;1;0;0;0;1;0;0;0;0;2;0
Mis;No nesting loops;0;1;1;0;0;1;0;0;0;1;0;0;1;0;0;0;1;0;0;0;0;2;0
Mis;Literals don't have a data type;0;1;1;0;0;1;0;0;0;1;0;0;1;0;0;0;1;0;0;1;0;2;0
Mis;`%` is integer division;0;1;1;0;0;1;0;0;0;1;0;0;1;0;0;0;1;0;0;0;0;2;0
Mis;No formatted string;0;1;1;0;0;1;0;0;0;1;0;0;1;0;0;0;1;0;0;1;0;2;0
Mis;`for` stops before last element;0;1;1;0;0;1;0;0;0;1;0;0;1;0;0;0;1;0;0;1;0;2;0
Mis;`int()` rounds floats;0;1;1;0;0;1;0;0;0;1;0;0;1;0;0;0;1;0;0;0;0;2;0
Mis;Implied repetition over logical operator;0;1;1;0;0;1;0;0;0;1;0;0;1;0;0;0;1;0;0;0;0;2;0
Mis;`for` only with `range()`;0;1;1;0;0;1;0;0;0;1;0;0;1;0;0;0;1;0;0;0;0;2;0
Mis;`while` tests after loop;0;1;1;0;0;1;0;0;0;1;0;0;1;0;0;0;1;0;0;1;0;2;0
Mis;Multi-value return;0;1;1;0;0;1;0;0;0;1;0;0;1;0;0;0;1;0;0;0;0;2;0
Mis;Strings are not objects;0;1;1;0;0;1;0;0;0;1;0;0;1;0;0;0;1;0;0;1;0;2;0
Sphere;Assignment;0;1;1;0;0;1;0;0;0;1;0;0;1;0;0;0;1;0;0;1;0;2;1;0.8
Sphere;CPU functionality;0;1;1;0;0;1;0;0;0;1;0;0;1;0;0;0;1;0;0;1;0;2;1;0.8
Sphere;RAM functionality;0;1;1;0;0;1;0;0;0;1;0;0;1;0;0;0;1;0;0;1;0;2;1;0.8
Sphere;Self Assignment;0;1;1;0;0;1;0;0;0;1;0;0;1;0;0;0;1;0;0;1;0;2;1;0.8857142857142859
Sphere;Machine Code;0;1;1;0;0;1;0;0;0;1;0;0;1;0;0;0;1;0;0;1;0;2;1;0.8
Sphere;Secondary Memory;0;1;1;0;0;1;0;0;0;1;0;0;1;0;0;0;1;0;0;1;0;2;1;0.8
Sphere;Program Definition;0;1;1;0;0;1;0;0;0;1;0;0;1;0;0;0;1;0;0;1;0;2;1;0.8
Sphere;Variables;0;1;1;0;0;1;0;0;0;1;0;0;1;0;0;0;1;0;0;1;0;2;1;0.8857142857142859
Sphere;`=` operator;0;1;1;0;0;1;0;0;0;1;0;0;1;0;0;0;1;0;0;1;0;2;1;0.8857142857142859
Sphere;Compilers;0;1;1;0;0;1;0;0;0;1;0;0;1;0;0;0;1;0;0;1;0;2;1;0.8
Sphere;`input()` function;0;1;1;0;0;1;0;0;0;1;0;0;1;0;0;0;1;0;0;1;0;2;1;0.8
Sphere;Interpreters;0;1;1;0;0;1;0;0;0;1;0;0;1;0;0;0;1;0;0;1;0;2;1;0.8
Sphere;`print()` function;0;1;1;0;0;1;0;0;0;1;0;0;1;0;0;0;1;0;0;1;0;2;1;0.8
Sphere;Comments;0;1;1;0;0;1;0;0;0;1;0;0;1;0;0;0;1;0;0;1;0;2;1;0.8
Sphere;`str()` function;0;1;1;0;0;1;0;0;0;1;0;0;1;0;0;0;1;0;0;0;0;2;0;1e-08
Sphere;Floats;0;1;1;0;0;1;0;0;0;1;0;0;1;0;0;0;1;0;0;0;0;2;0;0.2
Sphere;`+=` float operator;0;1;1;0;0;1;0;0;0;1;0;0;1;0;0;0;1;0;0;0;0;2;0;1e-08
Sphere;Built-in Functions;0;1;1;0;0;1;0;0;0;1;0;0;1;0;0;0;1;0;0;0;0;2;0;1e-08
Sphere;`+=` integer operator;0;1;1;0;0;1;0;0;0;1;0;0;1;0;0;0;1;0;0;0;0;2;0;1e-08
Sphere;`*=` float operator;0;1;1;0;0;1;0;0;0;1;0;0;1;0;0;0;1;0;0;0;0;2;0;1e-08
Sphere;Conditionals;0;1;1;0;0;1;0;0;0;1;0;0;1;0;0;0;1;0;0;0;0;2;0;1e-08
Sphere;Addition;0;1;1;0;0;1;0;0;0;1;0;0;1;0;0;0;1;0;0;0;0;2;0;1e-08
Sphere;`range()` function;0;1;1;0;0;1;0;0;0;1;0;0;1;0;0;0;1;0;0;0;0;2;0;1e-08
Sphere;`%=` integer operator;0;1;1;0;0;1;0;0;0;1;0;0;1;0;0;0;1;0;0;0;0;2;0;1e-08
Sphere;Booleans;0;1;1;0;0;1;0;0;0;1;0;0;1;0;0;0;1;0;0;0;0;2;0;1e-08
Sphere;`%` float operator;0;1;1;0;0;1;0;0;0;1;0;0;1;0;0;0;1;0;0;0;0;2;0;1e-08
Sphere;`elif` keyword;0;1;1;0;0;1;0;0;0;1;0;0;1;0;0;0;1;0;0;0;0;2;0;1e-08
Sphere;`<=` float operator;0;1;1;0;0;1;0;0;0;1;0;0;1;0;0;0;1;0;0;0;0;2;0;1e-08
Sphere;`<` float operator;0;1;1;0;0;1;0;0;0;1;0;0;1;0;0;0;1;0;0;0;0;2;0;1e-08
Sphere;`continue` keyword;0;1;1;0;0;1;0;0;0;1;0;0;1;0;0;0;1;0;0;0;0;2;0;1e-08
Sphere;`+` string operator;0;1;1;0;0;1;0;0;0;1;0;0;1;0;0;0;1;0;0;0;0;2;0;1e-08
Sphere;`lower()` method;0;1;1;0;0;1;0;0;0;1;0;0;1;0;0;0;1;0;0;0;0;2;0;1e-08
Sphere;`else` keyword;0;1;1;0;0;1;0;0;0;1;0;0;1;0;0;0;1;0;0;0;0;2;0;1e-08
Sphere;`-=` integer operator;0;1;1;0;0;1;0;0;0;1;0;0;1;0;0;0;1;0;0;0;0;2;0;1e-08
Sphere;`or` operator;0;1;1;0;0;1;0;0;0;1;0;0;1;0;0;0;1;0;0;0;0;2;0;1e-08
Sphere;`!=` float operator;0;1;1;0;0;1;0;0;0;1;0;0;1;0;0;0;1;0;0;0;0;2;0;1e-08
Sphere;`<` string operator;0;1;1;0;0;1;0;0;0;1;0;0;1;0;0;0;1;0;0;0;0;2;0;1e-08
Sphere;`<` integer operator;0;1;1;0;0;1;0;0;0;1;0;0;1;0;0;0;1;0;0;0;0;2;0;1e-08
Sphere;Floating point equality;0;1;1;0;0;1;0;0;0;1;0;0;1;0;0;0;1;0;0;0;0;2;0;1e-08
Sphere;Comparison;0;1;1;0;0;1;0;0;0;1;0;0;1;0;0;0;1;0;0;0;0;2;0;1e-08
Sphere;`type()` function;0;1;1;0;0;1;0;0;0;1;0;0;1;0;0;0;1;0;0;0;0;2;0;1e-08
Sphere;Functions;0;1;1;0;0;1;0;0;0;1;0;0;1;0;0;0;1;0;0;0;0;2;0;1e-08
Sphere;Contracted `if`;0;1;1;0;0;1;0;0;0;1;0;0;1;0;0;0;1;0;0;0;0;2;0;1e-08
Sphere;Automatic Conversion;0;1;1;0;0;1;0;0;0;1;0;0;1;0;0;0;1;0;0;0;0;2;0;1e-08
Sphere;`+` float operator;0;1;1;0;0;1;0;0;0;1;0;0;1;0;0;0;1;0;0;0;0;2;0;0.2
Sphere;`>=` integer operator;0;1;1;0;0;1;0;0;0;1;0;0;1;0;0;0;1;0;0;0;0;2;0;1e-08
Sphere;`break` keyword;0;1;1;0;0;1;0;0;0;1;0;0;1;0;0;0;1;0;0;0;0;2;0;1e-08
Sphere;`*=` integer operator;0;1;1;0;0;1;0;0;0;1;0;0;1;0;0;0;1;0;0;0;0;2;0;1e-08
Sphere;`//` float operator;0;1;1;0;0;1;0;0;0;1;0;0;1;0;0;0;1;0;0;0;0;2;0;1e-08
Sphere;`' '` constructor;0;1;1;0;0;1;0;0;0;1;0;0;1;0;0;0;1;0;0;0;0;2;0;1e-08
Sphere;`""" """` constructor;0;1;1;0;0;1;0;0;0;1;0;0;1;0;0;0;1;0;0;0;0;2;0;1e-08
Sphere;`join()` method;0;1;1;0;0;1;0;0;0;1;0;0;1;0;0;0;1;0;0;0;0;2;0;1e-08
Sphere;`/` integer operator;0;1;1;0;0;1;0;0;0;1;0;0;1;0;0;0;1;0;0;0;0;2;0;0.2
Sphere;Repetition;0;1;1;0;0;1;0;0;0;1;0;0;1;0;0;0;1;0;0;0;0;2;0;1e-08
Sphere;`//=` float operator;0;1;1;0;0;1;0;0;0;1;0;0;1;0;0;0;1;0;0;0;0;2;0;1e-08
Sphere;Control Flow;0;1;1;0;0;1;0;0;0;1;0;0;1;0;0;0;1;0;0;0;0;2;0;1e-08
Sphere;Loops;0;1;1;0;0;1;0;0;0;1;0;0;1;0;0;0;1;0;0;0;0;2;0;1e-08
Sphere;Integers;0;1;1;0;0;1;0;0;0;1;0;0;1;0;0;0;1;0;0;0;0;2;0;0.2
Sphere;`%=` float operator;0;1;1;0;0;1;0;0;0;1;0;0;1;0;0;0;1;0;0;0;0;2;0;1e-08
Sphere;Concatenation;0;1;1;0;0;1;0;0;0;1;0;0;1;0;0;0;1;0;0;0;0;2;0;1e-08
Sphere;`*` string operator;0;1;1;0;0;1;0;0;0;1;0;0;1;0;0;0;1;0;0;0;0;2;0;1e-08
Sphere;`-=` float operator;0;1;1;0;0;1;0;0;0;1;0;0;1;0;0;0;1;0;0;0;0;2;0;1e-08
Sphere;`//` integer operator;0;1;1;0;0;1;0;0;0;1;0;0;1;0;0;0;1;0;0;0;0;2;0;1e-08
Sphere;`*` float operator;0;1;1;0;0;1;0;0;0;1;0;0;1;0;0;0;1;0;0;0;0;2;0;0.2
Sphere;Atomic Data Types;0;1;1;0;0;1;0;0;0;1;0;0;1;0;0;0;1;0;0;0;0;2;0;1e-08
Sphere;Subtraction;0;1;1;0;0;1;0;0;0;1;0;0;1;0;0;0;1;0;0;0;0;2;0;1e-08
Sphere;Type Casting;0;1;1;0;0;1;0;0;0;1;0;0;1;0;0;0;1;0;0;0;0;2;0;1e-08
Sphere;`not` operator;0;1;1;0;0;1;0;0;0;1;0;0;1;0;0;0;1;0;0;0;0;2;0;1e-08
Sphere;String Slicing;0;1;1;0;0;1;0;0;0;1;0;0;1;0;0;0;1;0;0;0;0;2;0;1e-08
Sphere;`and` operator;0;1;1;0;0;1;0;0;0;1;0;0;1;0;0;0;1;0;0;0;0;2;0;1e-08
Sphere;`/=` integer operator;0;1;1;0;0;1;0;0;0;1;0;0;1;0;0;0;1;0;0;0;0;2;0;1e-08
Sphere;Multiplication;0;1;1;0;0;1;0;0;0;1;0;0;1;0;0;0;1;0;0;0;0;2;0;1e-08
Sphere;`*` integer operator;0;1;1;0;0;1;0;0;0;1;0;0;1;0;0;0;1;0;0;0;0;2;0;0.2
Sphere;`return` keyword;0;1;1;0;0;1;0;0;0;1;0;0;1;0;0;0;1;0;0;0;0;2;0;1e-08
Sphere;Indexing;0;1;1;0;0;1;0;0;0;1;0;0;1;0;0;0;1;0;0;0;0;2;0;1e-08
Sphere;Ordered Data Structures;0;1;1;0;0;1;0;0;0;1;0;0;1;0;0;0;1;0;0;0;0;2;0;1e-08
Sphere;`+` integer operator;0;1;1;0;0;1;0;0;0;1;0;0;1;0;0;0;1;0;0;0;0;2;0;0.2
Sphere;Formatted Strings;0;1;1;0;0;1;0;0;0;1;0;0;1;0;0;0;1;0;0;0;0;2;0;1e-08
Sphere;Division;0;1;1;0;0;1;0;0;0;1;0;0;1;0;0;0;1;0;0;0;0;2;0;1e-08
Sphere;`if` keyword;0;1;1;0;0;1;0;0;0;1;0;0;1;0;0;0;1;0;0;0;0;2;0;1e-08
Sphere;Equality;0;1;1;0;0;1;0;0;0;1;0;0;1;0;0;0;1;0;0;0;0;2;0;1e-08
Sphere;Strings;0;1;1;0;0;1;0;0;0;1;0;0;1;0;0;0;1;0;0;0;0;2;0;1e-08
Sphere;`==` integer operator;0;1;1;0;0;1;0;0;0;1;0;0;1;0;0;0;1;0;0;0;0;2;0;1e-08
Sphere;`-` integer operator;0;1;1;0;0;1;0;0;0;1;0;0;1;0;0;0;1;0;0;0;0;2;0;0.2
Sphere;`!=` string operator;0;1;1;0;0;1;0;0;0;1;0;0;1;0;0;0;1;0;0;0;0;2;0;1e-08
Sphere;String Indexing;0;1;1;0;0;1;0;0;0;1;0;0;1;0;0;0;1;0;0;0;0;2;0;1e-08
Sphere;Operator Chaining;0;1;1;0;0;1;0;0;0;1;0;0;1;0;0;0;1;0;0;0;0;2;0;0.2
Sphere;`/` float operator;0;1;1;0;0;1;0;0;0;1;0;0;1;0;0;0;1;0;0;0;0;2;0;0.2
Sphere;`upper()` method;0;1;1;0;0;1;0;0;0;1;0;0;1;0;0;0;1;0;0;0;0;2;0;1e-08
Sphere;`try` keyword;0;1;1;0;0;1;0;0;0;1;0;0;1;0;0;0;1;0;0;0;0;2;0;1e-08
Sphere;`>` float operator;0;1;1;0;0;1;0;0;0;1;0;0;1;0;0;0;1;0;0;0;0;2;0;1e-08
Sphere;`==` string operator;0;1;1;0;0;1;0;0;0;1;0;0;1;0;0;0;1;0;0;0;0;2;0;1e-08
Sphere;`for` loops;0;1;1;0;0;1;0;0;0;1;0;0;1;0;0;0;1;0;0;0;0;2;0;1e-08
Sphere;`" "` constructor;0;1;1;0;0;1;0;0;0;1;0;0;1;0;0;0;1;0;0;0;0;2;0;1e-08
Sphere;`int()` function;0;1;1;0;0;1;0;0;0;1;0;0;1;0;0;0;1;0;0;0;0;2;0;1e-08
Sphere;`replace()` method;0;1;1;0;0;1;0;0;0;1;0;0;1;0;0;0;1;0;0;0;0;2;0;1e-08
Sphere;Integer Division;0;1;1;0;0;1;0;0;0;1;0;0;1;0;0;0;1;0;0;0;0;2;0;1e-08
Sphere;`%` integer operator;0;1;1;0;0;1;0;0;0;1;0;0;1;0;0;0;1;0;0;0;0;2;0;1e-08
Sphere;Order of Operations;0;1;1;0;0;1;0;0;0;1;0;0;1;0;0;0;1;0;0;0;0;2;0;0.2
Sphere;`len()` string function;0;1;1;0;0;1;0;0;0;1;0;0;1;0;0;0;1;0;0;0;0;2;0;1e-08
Sphere;`<=` integer operator;0;1;1;0;0;1;0;0;0;1;0;0;1;0;0;0;1;0;0;0;0;2;0;1e-08
Sphere;`>` string operator;0;1;1;0;0;1;0;0;0;1;0;0;1;0;0;0;1;0;0;0;0;2;0;1e-08
Sphere;`/=` float operator;0;1;1;0;0;1;0;0;0;1;0;0;1;0;0;0;1;0;0;0;0;2;0;1e-08
Sphere;`-` float operator;0;1;1;0;0;1;0;0;0;1;0;0;1;0;0;0;1;0;0;0;0;2;0;0.2
Sphere;`float()` function;0;1;1;0;0;1;0;0;0;1;0;0;1;0;0;0;1;0;0;0;0;2;0;1e-08
Sphere;Slicing;0;1;1;0;0;1;0;0;0;1;0;0;1;0;0;0;1;0;0;0;0;2;0;1e-08
Sphere;Modulus;0;1;1;0;0;1;0;0;0;1;0;0;1;0;0;0;1;0;0;0;0;2;0;1e-08
Sphere;`!=` integer operator;0;1;1;0;0;1;0;0;0;1;0;0;1;0;0;0;1;0;0;0;0;2;0;1e-08
Sphere;`>` integer operator;0;1;1;0;0;1;0;0;0;1;0;0;1;0;0;0;1;0;0;0;0;2;0;1e-08
Sphere;`while` loops;0;1;1;0;0;1;0;0;0;1;0;0;1;0;0;0;1;0;0;0;0;2;0;1e-08
Sphere;Methods;0;1;1;0;0;1;0;0;0;1;0;0;1;0;0;0;1;0;0;0;0;2;0;1e-08
Sphere;`>=` float operator;0;1;1;0;0;1;0;0;0;1;0;0;1;0;0;0;1;0;0;0;0;2;0;1e-08
Sphere;`//=` integer operator;0;1;1;0;0;1;0;0;0;1;0;0;1;0;0;0;1;0;0;0;0;2;0;1e-08
Sphere;`def` constructor;0;1;1;0;0;1;0;0;0;1;0;0;1;0;0;0;1;0;0;0;0;2;0;1e-08
Sphere;`capitalize()` method;0;1;1;0;0;1;0;0;0;1;0;0;1;0;0;0;1;0;0;0;0;2;0;1e-08
==::==::==
Question;81;0
Question;20;0
Question;5;0
Question;18;0
Question;8;0
Question;53;0
Question;84;0
Question;11;0
Question;83;0
Question;9;0
Question;93;0
Question;15;0
Question;82;0
Question;85;0
Question;91;0
Question;19;0
Question;79;0
Question;48;0
Question;17;0
Question;12;0
Question;90;0
Question;14;0
Question;13;0
Question;7;0
Answer;58;0
Answer;305;0
Answer;315;0
Answer;50;0
Answer;21;0
Answer;27;0
Answer;209;0
Answer;217;0
Answer;210;0
Answer;56;0
Answer;218;0
Answer;213;0
Answer;316;0
Answer;304;0
Answer;223;0
Answer;314;0
Answer;130;0
Answer;61;0
Answer;36;0
Answer;220;0
Answer;216;0
Answer;208;0
Answer;211;0
Answer;225;0
Answer;33;0
Answer;49;0
Answer;141;0
Answer;224;0
Answer;206;0
Answer;19;0
Answer;37;0
Answer;303;0
Answer;222;0
Answer;42;0
Answer;47;0
Answer;57;0
Answer;214;0
Answer;29;0
Answer;215;0
Answer;53;0
Answer;219;0
Answer;277;0
Answer;44;0
Answer;32;0
Answer;28;0
Answer;221;0
Answer;43;0
Answer;48;0
Answer;46;0
Answer;201;0
Answer;131;0
Answer;308;0
Answer;307;0
Answer;200;0
Answer;51;0
Answer;35;0
Answer;54;0
Answer;60;0
Answer;64;0
Answer;30;0
Answer;198;0
Answer;20;0
Answer;18;0
Answer;31;0
Answer;63;0
Answer;199;0
Answer;45;0
Answer;313;0
Answer;207;0
Answer;212;0
Answer;62;0
Answer;306;0
Answer;34;0
Answer;55;0
Answer;26;0
Answer;52;0
Answer;276;0
Answer;-1;0
Mis;`<` is `not >`;0;1;1;0;0;1;0;0;0;1;0;0;1;0;1;0;0;0;0;1;0;3;1
Mis;Backwards chaining;0;1;1;0;0;1;0;0;0;1;0;0;1;0;1;0;0;0;0;0;0;3;0
Mis;`print()` needs input;0;1;1;0;0;1;0;0;0;1;0;0;1;0;1;0;0;0;0;0;0;3;0
Mis;Blank last slice non-inclusive;0;1;1;0;0;1;0;0;0;1;0;0;1;0;1;0;0;0;0;0;0;3;0
Mis;Return frame bypass;0;1;1;0;0;1;0;0;0;1;0;0;1;0;1;0;0;0;0;0;0;3;0
Mis;Functions must have input;0;1;1;0;0;1;0;0;0;1;0;0;1;0;1;0;0;0;0;0;0;3;0
Mis;No Boolean literals;0;1;1;0;0;1;0;0;0;1;0;0;1;0;1;0;0;0;0;1;0;3;0
Mis;String equality isn't case sensitive;0;1;1;0;0;1;0;0;0;1;0;0;1;0;1;0;0;0;0;1;0;3;0
Mis;Single letter variables;0;1;1;0;0;1;0;0;0;1;0;0;1;0;1;0;0;0;0;0;0;3;0
Mis;`return` on `def` indentation level;0;1;1;0;0;1;0;0;0;1;0;0;1;0;1;0;0;0;0;1;0;3;0
Mis;Iterable repetition interleaves;0;1;1;0;0;1;0;0;0;1;0;0;1;0;1;0;0;0;0;0;0;3;0
Mis;Sequenced conditionals;0;1;1;0;0;1;0;0;0;1;0;0;1;0;1;0;0;0;0;1;0;3;0
Mis;`input()` includes newline;0;1;1;0;0;1;0;0;0;1;0;0;1;0;1;0;0;0;0;0;0;3;0
Mis;Concat with single element;0;1;1;0;0;1;0;0;0;1;0;0;1;0;1;0;0;0;0;0;0;3;0
Mis;Extending strings adds space;0;1;1;0;0;1;0;0;0;1;0;0;1;0;1;0;0;0;0;1;0;3;0
Mis;Variables cannot be assigned twice;0;1;1;0;0;1;0;0;0;1;0;0;1;0;1;0;0;0;0;1;0;3;0
Mis;No `and` on objects;0;1;1;0;0;1;0;0;0;1;0;0;1;0;1;0;0;0;0;0;0;3;0
Mis;`range()` only has one input;0;1;1;0;0;1;0;0;0;1;0;0;1;0;1;0;0;0;0;0;0;3;0
Mis;Linear Order of Operations;0;1;1;0;0;1;0;0;0;1;0;0;1;0;1;0;0;0;0;1;0;3;0
Mis;`%` percentage operator;0;1;1;0;0;1;0;0;0;1;0;0;1;0;1;0;0;0;0;0;0;3;0
Mis;`self` has no value;0;1;1;0;0;1;0;0;0;1;0;0;1;0;1;0;0;0;0;1;0;3;0
Mis;Characters are strings;0;1;1;0;0;1;0;0;0;1;0;0;1;0;1;0;0;0;0;0;0;3;0
Mis;Keyword functions;0;1;1;0;0;1;0;0;0;1;0;0;1;0;1;0;0;0;0;0;0;3;0
Mis;Floating point equality okay;0;1;1;0;0;1;0;0;0;1;0;0;1;0;1;0;0;0;0;1;0;3;0
Mis;Lazy assignment;0;1;1;0;0;1;0;0;0;1;0;0;1;0;1;0;0;0;0;0;0;3;0
Mis;Index -1 is start of list;0;1;1;0;0;1;0;0;0;1;0;0;1;0;1;0;0;0;0;1;0;3;0
Mis;No variable functions;0;1;1;0;0;1;0;0;0;1;0;0;1;0;1;0;0;0;0;1;0;3;0
Mis;Multi-line strings with `' '`;0;1;1;0;0;1;0;0;0;1;0;0;1;0;1;0;0;0;0;1;0;3;0
Mis;No variable methods;0;1;1;0;0;1;0;0;0;1;0;0;1;0;1;0;0;0;0;0;0;3;0
Mis;Iterable repeition multiplies by constant;0;1;1;0;0;1;0;0;0;1;0;0;1;0;1;0;0;0;0;0;0;3;0
Mis;String methods mutate;0;1;1;0;0;1;0;0;0;1;0;0;1;0;1;0;0;0;0;0;0;3;0
Mis;No short circuit;0;1;1;0;0;1;0;0;0;1;0;0;1;0;1;0;0;0;0;1;0;3;0
Mis;Slice exclusive of first index;0;1;1;0;0;1;0;0;0;1;0;0;1;0;1;0;0;0;0;0;0;3;0
Mis;`print()` non-terminating return;0;1;1;0;0;1;0;0;0;1;0;0;1;0;1;0;0;0;0;0;0;3;0
Mis;No floating point limit;0;1;1;0;0;1;0;0;0;1;0;0;1;0;1;0;0;0;0;1;0;3;0
Mis;`>` is `not <`;0;1;1;0;0;1;0;0;0;1;0;0;1;0;1;0;0;0;0;1;0;3;1
Mis;`try` without `except`;0;1;1;0;0;1;0;0;0;1;0;0;1;0;1;0;0;0;0;1;0;3;0
Mis;Inline Function Definition;0;1;1;0;0;1;0;0;0;1;0;0;1;0;1;0;0;0;0;1;0;3;0
Mis;`print()` no newline;0;1;1;0;0;1;0;0;0;1;0;0;1;0;1;0;0;0;0;0;0;3;0
Mis;`range()` starts at 1;0;1;1;0;0;1;0;0;0;1;0;0;1;0;1;0;0;0;0;1;0;3;0
Mis;Blank slice is empty;0;1;1;0;0;1;0;0;0;1;0;0;1;0;1;0;0;0;0;0;0;3;0
Mis;`-` works on strings;0;1;1;0;0;1;0;0;0;1;0;0;1;0;1;0;0;0;0;1;0;3;0
Mis;No constructor method chain;0;1;1;0;0;1;0;0;0;1;0;0;1;0;1;0;0;0;0;0;0;3;0
Mis;`#` is an operator;0;1;1;0;0;1;0;0;0;1;0;0;1;0;1;0;0;0;0;1;0;3;0
Mis;No escape sequences;0;1;1;0;0;1;0;0;0;1;0;0;1;0;1;0;0;0;0;0;0;3;0
Mis;Methods must have input;0;1;1;0;0;1;0;0;0;1;0;0;1;0;1;0;0;0;0;0;0;3;0
Mis;Assignment duplicates;0;1;1;0;0;1;0;0;0;1;0;0;1;0;1;0;0;0;0;0;0;3;0
Mis;`=` comparison;0;1;1;0;0;1;0;0;0;1;0;0;1;0;1;0;0;0;0;1;0;3;0
Mis;No tuple return;0;1;1;0;0;1;0;0;0;1;0;0;1;0;1;0;0;0;0;0;0;3;0
Mis;`for` is `while`;0;1;1;0;0;1;0;0;0;1;0;0;1;0;1;0;0;0;0;0;0;3;0
Mis;Curly brackets stay;0;1;1;0;0;1;0;0;0;1;0;0;1;0;1;0;0;0;0;0;0;3;0
Mis;`/` is modulus;0;1;1;0;0;1;0;0;0;1;0;0;1;0;1;0;0;0;0;1;0;3;0
Mis;No implicit void functions;0;1;1;0;0;1;0;0;0;1;0;0;1;0;1;0;0;0;0;0;0;3;0
Mis;Operators cannot be chained;0;1;1;0;0;1;0;0;0;1;0;0;1;0;1;0;0;0;0;1;0;3;0
Mis;Functions must return;0;1;1;0;0;1;0;0;0;1;0;0;1;0;1;0;0;0;0;0;0;3;0
Mis;No `not` on objects;0;1;1;0;0;1;0;0;0;1;0;0;1;0;1;0;0;0;0;0;0;3;0
Mis;Ternary Boolean return;0;1;1;0;0;1;0;0;0;1;0;0;1;0;1;0;0;0;0;0;0;3;0
Mis;`if` loop;0;1;1;0;0;1;0;0;0;1;0;0;1;0;1;0;0;0;0;1;0;3;0
Mis;`range()` includes the final value;0;1;1;0;0;1;0;0;0;1;0;0;1;0;1;0;0;0;0;0;0;3;0
Mis;Methods can have no arguments;0;1;1;0;0;1;0;0;0;1;0;0;1;0;1;0;0;0;0;0;0;3;0
Mis;No string constructor method chain;0;1;1;0;0;1;0;0;0;1;0;0;1;0;1;0;0;0;0;0;0;3;0
Mis;`return` continues;0;1;1;0;0;1;0;0;0;1;0;0;1;0;1;0;0;0;0;0;0;3;0
Mis;String equality not `==`;0;1;1;0;0;1;0;0;0;1;0;0;1;0;1;0;0;0;0;0;0;3;0
Mis;String repetition adds space;0;1;1;0;0;1;0;0;0;1;0;0;1;0;1;0;0;0;0;0;0;3;0
Mis;Automatic Integer Conversion;0;1;1;0;0;1;0;0;0;1;0;0;1;0;1;0;0;0;0;1;0;3;0
Mis;Slices include last value;0;1;1;0;0;1;0;0;0;1;0;0;1;0;1;0;0;0;0;0;0;3;0
Mis;Integers limit;0;1;1;0;0;1;0;0;0;1;0;0;1;0;1;0;0;0;0;1;0;3;0
Mis;Confused string assignment;0;1;1;0;0;1;0;0;0;1;0;0;1;0;1;0;0;0;0;0;0;3;0
Mis;Lowercase Booleans;0;1;1;0;0;1;0;0;0;1;0;0;1;0;1;0;0;0;0;0;0;3;0
Mis;`pass` is `continue`;0;1;1;0;0;1;0;0;0;1;0;0;1;0;1;0;0;0;0;1;0;3;0
Mis;`print()` returns;0;1;1;0;0;1;0;0;0;1;0;0;1;0;1;0;0;0;0;1;0;3;0
Mis;`print()` only accepts one input;0;1;1;0;0;1;0;0;0;1;0;0;1;0;1;0;0;0;0;0;0;3;0
Mis;Secondary memory data loss;0;1;1;0;0;1;0;0;0;1;0;0;1;0;1;0;0;0;0;1;0;3;0
Mis;Transitive Assignment;0;1;1;0;0;1;0;0;0;1;0;0;1;0;1;0;0;0;0;1;0;3;0
Mis;No literal return;0;1;1;0;0;1;0;0;0;1;0;0;1;0;1;0;0;0;0;0;0;3;0
Mis;`input()` return value;0;1;1;0;0;1;0;0;0;1;0;0;1;0;1;0;0;0;0;1;0;3;0
Mis;Floating point `range()`;0;1;1;0;0;1;0;0;0;1;0;0;1;0;1;0;0;0;0;0;0;3;0
Mis;No `or` on objects;0;1;1;0;0;1;0;0;0;1;0;0;1;0;1;0;0;0;0;0;0;3;0
Mis;`print()` always has a newline;0;1;1;0;0;1;0;0;0;1;0;0;1;0;1;0;0;0;0;0;0;3;0
Mis;`print()` only string;0;1;1;0;0;1;0;0;0;1;0;0;1;0;1;0;0;0;0;0;0;3;0
Mis;`/` is integer division;0;1;1;0;0;1;0;0;0;1;0;0;1;0;1;0;0;0;0;1;0;3;0
Mis;`input()` requires function input;0;1;1;0;0;1;0;0;0;1;0;0;1;0;1;0;0;0;0;0;0;3;0
Mis;No method chain;0;1;1;0;0;1;0;0;0;1;0;0;1;0;1;0;0;0;0;0;0;3;0
Mis;`int()` rounds up floats;0;1;1;0;0;1;0;0;0;1;0;0;1;0;1;0;0;0;0;1;0;3;0
Mis;Multi-line strings with `" "`;0;1;1;0;0;1;0;0;0;1;0;0;1;0;1;0;0;0;0;1;0;3;0
Mis;List concat vector addition;0;1;1;0;0;1;0;0;0;1;0;0;1;0;1;0;0;0;0;1;0;3;0
Mis;`/` works on strings;0;1;1;0;0;1;0;0;0;1;0;0;1;0;1;0;0;0;0;1;0;3;0
Mis;Strings are mutable;0;1;1;0;0;1;0;0;0;1;0;0;1;0;1;0;0;0;0;0;0;3;0
Mis;No loop termination;0;1;1;0;0;1;0;0;0;1;0;0;1;0;1;0;0;0;0;1;0;3;0
Mis;Conditional Boolean return;0;1;1;0;0;1;0;0;0;1;0;0;1;0;1;0;0;0;0;0;0;3;0
Mis;Slices require indices;0;1;1;0;0;1;0;0;0;1;0;0;1;0;1;0;0;0;0;1;0;3;0
Mis;Parenthesized return;0;1;1;0;0;1;0;0;0;1;0;0;1;0;1;0;0;0;0;0;0;3;0
Mis;`%` is division;0;1;1;0;0;1;0;0;0;1;0;0;1;0;1;0;0;0;0;0;0;3;0
Mis;Iterable repetition repeated constant multiplication;0;1;1;0;0;1;0;0;0;1;0;0;1;0;1;0;0;0;0;1;0;3;0
Mis;`//` divides;0;1;1;0;0;1;0;0;0;1;0;0;1;0;1;0;0;0;0;0;0;3;0
Mis;Cannot mix index sign in slice;0;1;1;0;0;1;0;0;0;1;0;0;1;0;1;0;0;0;0;0;0;3;0
Mis;`//` is modulus;0;1;1;0;0;1;0;0;0;1;0;0;1;0;1;0;0;0;0;0;0;3;0
Mis;Slice removes;0;1;1;0;0;1;0;0;0;1;0;0;1;0;1;0;0;0;0;0;0;3;0
Mis;No nesting loops;0;1;1;0;0;1;0;0;0;1;0;0;1;0;1;0;0;0;0;0;0;3;0
Mis;Literals don't have a data type;0;1;1;0;0;1;0;0;0;1;0;0;1;0;1;0;0;0;0;1;0;3;0
Mis;`%` is integer division;0;1;1;0;0;1;0;0;0;1;0;0;1;0;1;0;0;0;0;0;0;3;0
Mis;No formatted string;0;1;1;0;0;1;0;0;0;1;0;0;1;0;1;0;0;0;0;1;0;3;0
Mis;`for` stops before last element;0;1;1;0;0;1;0;0;0;1;0;0;1;0;1;0;0;0;0;1;0;3;0
Mis;`int()` rounds floats;0;1;1;0;0;1;0;0;0;1;0;0;1;0;1;0;0;0;0;0;0;3;0
Mis;Implied repetition over logical operator;0;1;1;0;0;1;0;0;0;1;0;0;1;0;1;0;0;0;0;0;0;3;0
Mis;`for` only with `range()`;0;1;1;0;0;1;0;0;0;1;0;0;1;0;1;0;0;0;0;0;0;3;0
Mis;`while` tests after loop;0;1;1;0;0;1;0;0;0;1;0;0;1;0;1;0;0;0;0;1;0;3;0
Mis;Multi-value return;0;1;1;0;0;1;0;0;0;1;0;0;1;0;1;0;0;0;0;0;0;3;0
Mis;Strings are not objects;0;1;1;0;0;1;0;0;0;1;0;0;1;0;1;0;0;0;0;1;0;3;0
Sphere;`/` float operator;0;1;1;0;0;1;0;0;0;1;0;0;1;0;1;0;0;0;0;1;0;3;1;0.8
Sphere;Assignment;0;1;1;0;0;1;0;0;0;1;0;0;1;0;1;0;0;0;0;1;0;3;1;0.8857142857142859
Sphere;`+` integer operator;0;1;1;0;0;1;0;0;0;1;0;0;1;0;1;0;0;0;0;1;0;3;1;0.8
Sphere;Floats;0;1;1;0;0;1;0;0;0;1;0;0;1;0;1;0;0;0;0;1;0;3;1;0.8
Sphere;`+` float operator;0;1;1;0;0;1;0;0;0;1;0;0;1;0;1;0;0;0;0;1;0;3;1;0.8
Sphere;`-` float operator;0;1;1;0;0;1;0;0;0;1;0;0;1;0;1;0;0;0;0;1;0;3;1;0.8
Sphere;`*` float operator;0;1;1;0;0;1;0;0;0;1;0;0;1;0;1;0;0;0;0;1;0;3;1;0.8
Sphere;Self Assignment;0;1;1;0;0;1;0;0;0;1;0;0;1;0;1;0;0;0;0;1;0;3;1;0.9200000000000002
Sphere;Variables;0;1;1;0;0;1;0;0;0;1;0;0;1;0;1;0;0;0;0;1;0;3;1;0.9200000000000002
Sphere;`/` integer operator;0;1;1;0;0;1;0;0;0;1;0;0;1;0;1;0;0;0;0;1;0;3;1;0.8
Sphere;`input()` function;0;1;1;0;0;1;0;0;0;1;0;0;1;0;1;0;0;0;0;1;0;3;1;0.8857142857142859
Sphere;`-` integer operator;0;1;1;0;0;1;0;0;0;1;0;0;1;0;1;0;0;0;0;1;0;3;1;0.8
Sphere;Integers;0;1;1;0;0;1;0;0;0;1;0;0;1;0;1;0;0;0;0;1;0;3;1;0.8
Sphere;`=` operator;0;1;1;0;0;1;0;0;0;1;0;0;1;0;1;0;0;0;0;1;0;3;1;0.9200000000000002
Sphere;`print()` function;0;1;1;0;0;1;0;0;0;1;0;0;1;0;1;0;0;0;0;1;0;3;1;0.8857142857142859
Sphere;Order of Operations;0;1;1;0;0;1;0;0;0;1;0;0;1;0;1;0;0;0;0;1;0;3;1;0.8
Sphere;`*` integer operator;0;1;1;0;0;1;0;0;0;1;0;0;1;0;1;0;0;0;0;1;0;3;1;0.8
Sphere;Operator Chaining;0;1;1;0;0;1;0;0;0;1;0;0;1;0;1;0;0;0;0;1;0;3;1;0.8
Sphere;`str()` function;0;1;1;0;0;1;0;0;0;1;0;0;1;0;1;0;0;0;0;0;0;3;0;1e-08
Sphere;`+=` float operator;0;1;1;0;0;1;0;0;0;1;0;0;1;0;1;0;0;0;0;1;0;3;0;0.2
Sphere;Built-in Functions;0;1;1;0;0;1;0;0;0;1;0;0;1;0;1;0;0;0;0;0;0;3;0;1e-08
Sphere;`+=` integer operator;0;1;1;0;0;1;0;0;0;1;0;0;1;0;1;0;0;0;0;1;0;3;0;0.2
Sphere;Secondary Memory;0;1;1;0;0;1;0;0;0;1;0;0;1;0;1;0;0;0;0;0;0;3;1;0.8
Sphere;`*=` float operator;0;1;1;0;0;1;0;0;0;1;0;0;1;0;1;0;0;0;0;1;0;3;0;0.2
Sphere;Conditionals;0;1;1;0;0;1;0;0;0;1;0;0;1;0;1;0;0;0;0;0;0;3;0;1e-08
Sphere;Addition;0;1;1;0;0;1;0;0;0;1;0;0;1;0;1;0;0;0;0;0;0;3;0;1e-08
Sphere;Compilers;0;1;1;0;0;1;0;0;0;1;0;0;1;0;1;0;0;0;0;0;0;3;1;0.8
Sphere;`range()` function;0;1;1;0;0;1;0;0;0;1;0;0;1;0;1;0;0;0;0;0;0;3;0;1e-08
Sphere;`%=` integer operator;0;1;1;0;0;1;0;0;0;1;0;0;1;0;1;0;0;0;0;0;0;3;0;1e-08
Sphere;Interpreters;0;1;1;0;0;1;0;0;0;1;0;0;1;0;1;0;0;0;0;0;0;3;1;0.8
Sphere;Booleans;0;1;1;0;0;1;0;0;0;1;0;0;1;0;1;0;0;0;0;1;0;3;0;0.2
Sphere;`%` float operator;0;1;1;0;0;1;0;0;0;1;0;0;1;0;1;0;0;0;0;0;0;3;0;1e-08
Sphere;`elif` keyword;0;1;1;0;0;1;0;0;0;1;0;0;1;0;1;0;0;0;0;0;0;3;0;1e-08
Sphere;`<=` float operator;0;1;1;0;0;1;0;0;0;1;0;0;1;0;1;0;0;0;0;1;0;3;0;0.2
Sphere;`<` float operator;0;1;1;0;0;1;0;0;0;1;0;0;1;0;1;0;0;0;0;1;0;3;0;0.2
Sphere;`continue` keyword;0;1;1;0;0;1;0;0;0;1;0;0;1;0;1;0;0;0;0;0;0;3;0;1e-08
Sphere;`+` string operator;0;1;1;0;0;1;0;0;0;1;0;0;1;0;1;0;0;0;0;0;0;3;0;1e-08
Sphere;`lower()` method;0;1;1;0;0;1;0;0;0;1;0;0;1;0;1;0;0;0;0;0;0;3;0;1e-08
Sphere;`else` keyword;0;1;1;0;0;1;0;0;0;1;0;0;1;0;1;0;0;0;0;0;0;3;0;1e-08
Sphere;`-=` integer operator;0;1;1;0;0;1;0;0;0;1;0;0;1;0;1;0;0;0;0;1;0;3;0;0.2
Sphere;`or` operator;0;1;1;0;0;1;0;0;0;1;0;0;1;0;1;0;0;0;0;1;0;3;0;0.2
Sphere;`!=` float operator;0;1;1;0;0;1;0;0;0;1;0;0;1;0;1;0;0;0;0;1;0;3;0;0.2
Sphere;`<` string operator;0;1;1;0;0;1;0;0;0;1;0;0;1;0;1;0;0;0;0;0;0;3;0;1e-08
Sphere;`<` integer operator;0;1;1;0;0;1;0;0;0;1;0;0;1;0;1;0;0;0;0;1;0;3;0;0.2
Sphere;Floating point equality;0;1;1;0;0;1;0;0;0;1;0;0;1;0;1;0;0;0;0;1;0;3;0;0.2
Sphere;Comparison;0;1;1;0;0;1;0;0;0;1;0;0;1;0;1;0;0;0;0;0;0;3;0;1e-08
Sphere;`type()` function;0;1;1;0;0;1;0;0;0;1;0;0;1;0;1;0;0;0;0;0;0;3;0;1e-08
Sphere;Functions;0;1;1;0;0;1;0;0;0;1;0;0;1;0;1;0;0;0;0;0;0;3;0;1e-08
Sphere;Contracted `if`;0;1;1;0;0;1;0;0;0;1;0;0;1;0;1;0;0;0;0;0;0;3;0;1e-08
Sphere;Automatic Conversion;0;1;1;0;0;1;0;0;0;1;0;0;1;0;1;0;0;0;0;1;0;3;0;0.2
Sphere;`>=` integer operator;0;1;1;0;0;1;0;0;0;1;0;0;1;0;1;0;0;0;0;1;0;3;0;0.2
Sphere;`break` keyword;0;1;1;0;0;1;0;0;0;1;0;0;1;0;1;0;0;0;0;0;0;3;0;1e-08
Sphere;CPU functionality;0;1;1;0;0;1;0;0;0;1;0;0;1;0;1;0;0;0;0;0;0;3;1;0.8
Sphere;`*=` integer operator;0;1;1;0;0;1;0;0;0;1;0;0;1;0;1;0;0;0;0;1;0;3;0;0.2
Sphere;`//` float operator;0;1;1;0;0;1;0;0;0;1;0;0;1;0;1;0;0;0;0;0;0;3;0;1e-08
Sphere;`' '` constructor;0;1;1;0;0;1;0;0;0;1;0;0;1;0;1;0;0;0;0;0;0;3;0;1e-08
Sphere;`""" """` constructor;0;1;1;0;0;1;0;0;0;1;0;0;1;0;1;0;0;0;0;0;0;3;0;1e-08
Sphere;`join()` method;0;1;1;0;0;1;0;0;0;1;0;0;1;0;1;0;0;0;0;0;0;3;0;1e-08
Sphere;Repetition;0;1;1;0;0;1;0;0;0;1;0;0;1;0;1;0;0;0;0;0;0;3;0;1e-08
Sphere;`//=` float operator;0;1;1;0;0;1;0;0;0;1;0;0;1;0;1;0;0;0;0;0;0;3;0;1e-08
Sphere;Control Flow;0;1;1;0;0;1;0;0;0;1;0;0;1;0;1;0;0;0;0;0;0;3;0;1e-08
Sphere;Loops;0;1;1;0;0;1;0;0;0;1;0;0;1;0;1;0;0;0;0;0;0;3;0;1e-08
Sphere;`%=` float operator;0;1;1;0;0;1;0;0;0;1;0;0;1;0;1;0;0;0;0;0;0;3;0;1e-08
Sphere;Concatenation;0;1;1;0;0;1;0;0;0;1;0;0;1;0;1;0;0;0;0;0;0;3;0;1e-08
Sphere;`*` string operator;0;1;1;0;0;1;0;0;0;1;0;0;1;0;1;0;0;0;0;0;0;3;0;1e-08
Sphere;`-=` float operator;0;1;1;0;0;1;0;0;0;1;0;0;1;0;1;0;0;0;0;1;0;3;0;0.2
Sphere;`//` integer operator;0;1;1;0;0;1;0;0;0;1;0;0;1;0;1;0;0;0;0;0;0;3;0;1e-08
Sphere;Atomic Data Types;0;1;1;0;0;1;0;0;0;1;0;0;1;0;1;0;0;0;0;0;0;3;0;1e-08
Sphere;Subtraction;0;1;1;0;0;1;0;0;0;1;0;0;1;0;1;0;0;0;0;0;0;3;0;1e-08
Sphere;Type Casting;0;1;1;0;0;1;0;0;0;1;0;0;1;0;1;0;0;0;0;0;0;3;0;1e-08
Sphere;`not` operator;0;1;1;0;0;1;0;0;0;1;0;0;1;0;1;0;0;0;0;1;0;3;0;0.2
Sphere;String Slicing;0;1;1;0;0;1;0;0;0;1;0;0;1;0;1;0;0;0;0;0;0;3;0;1e-08
Sphere;`and` operator;0;1;1;0;0;1;0;0;0;1;0;0;1;0;1;0;0;0;0;1;0;3;0;0.2
Sphere;`/=` integer operator;0;1;1;0;0;1;0;0;0;1;0;0;1;0;1;0;0;0;0;1;0;3;0;0.2
Sphere;Multiplication;0;1;1;0;0;1;0;0;0;1;0;0;1;0;1;0;0;0;0;0;0;3;0;1e-08
Sphere;`return` keyword;0;1;1;0;0;1;0;0;0;1;0;0;1;0;1;0;0;0;0;0;0;3;0;1e-08
Sphere;Indexing;0;1;1;0;0;1;0;0;0;1;0;0;1;0;1;0;0;0;0;0;0;3;0;1e-08
Sphere;Ordered Data Structures;0;1;1;0;0;1;0;0;0;1;0;0;1;0;1;0;0;0;0;0;0;3;0;1e-08
Sphere;Formatted Strings;0;1;1;0;0;1;0;0;0;1;0;0;1;0;1;0;0;0;0;0;0;3;0;1e-08
Sphere;Division;0;1;1;0;0;1;0;0;0;1;0;0;1;0;1;0;0;0;0;0;0;3;0;1e-08
Sphere;`if` keyword;0;1;1;0;0;1;0;0;0;1;0;0;1;0;1;0;0;0;0;0;0;3;0;1e-08
Sphere;Equality;0;1;1;0;0;1;0;0;0;1;0;0;1;0;1;0;0;0;0;0;0;3;0;1e-08
Sphere;Strings;0;1;1;0;0;1;0;0;0;1;0;0;1;0;1;0;0;0;0;1;0;3;0;0.2
Sphere;`==` integer operator;0;1;1;0;0;1;0;0;0;1;0;0;1;0;1;0;0;0;0;1;0;3;0;0.2
Sphere;`!=` string operator;0;1;1;0;0;1;0;0;0;1;0;0;1;0;1;0;0;0;0;0;0;3;0;1e-08
Sphere;String Indexing;0;1;1;0;0;1;0;0;0;1;0;0;1;0;1;0;0;0;0;0;0;3;0;1e-08
Sphere;Comments;0;1;1;0;0;1;0;0;0;1;0;0;1;0;1;0;0;0;0;0;0;3;1;0.8
Sphere;`upper()` method;0;1;1;0;0;1;0;0;0;1;0;0;1;0;1;0;0;0;0;0;0;3;0;1e-08
Sphere;`try` keyword;0;1;1;0;0;1;0;0;0;1;0;0;1;0;1;0;0;0;0;0;0;3;0;1e-08
Sphere;`>` float operator;0;1;1;0;0;1;0;0;0;1;0;0;1;0;1;0;0;0;0;1;0;3;0;0.2
Sphere;`==` string operator;0;1;1;0;0;1;0;0;0;1;0;0;1;0;1;0;0;0;0;0;0;3;0;1e-08
Sphere;`for` loops;0;1;1;0;0;1;0;0;0;1;0;0;1;0;1;0;0;0;0;0;0;3;0;1e-08
Sphere;`" "` constructor;0;1;1;0;0;1;0;0;0;1;0;0;1;0;1;0;0;0;0;0;0;3;0;1e-08
Sphere;`int()` function;0;1;1;0;0;1;0;0;0;1;0;0;1;0;1;0;0;0;0;1;0;3;0;0.2
Sphere;`replace()` method;0;1;1;0;0;1;0;0;0;1;0;0;1;0;1;0;0;0;0;0;0;3;0;1e-08
Sphere;Integer Division;0;1;1;0;0;1;0;0;0;1;0;0;1;0;1;0;0;0;0;0;0;3;0;1e-08
Sphere;`%` integer operator;0;1;1;0;0;1;0;0;0;1;0;0;1;0;1;0;0;0;0;0;0;3;0;1e-08
Sphere;`len()` string function;0;1;1;0;0;1;0;0;0;1;0;0;1;0;1;0;0;0;0;0;0;3;0;1e-08
Sphere;`<=` integer operator;0;1;1;0;0;1;0;0;0;1;0;0;1;0;1;0;0;0;0;1;0;3;0;0.2
Sphere;RAM functionality;0;1;1;0;0;1;0;0;0;1;0;0;1;0;1;0;0;0;0;0;0;3;1;0.8
Sphere;`>` string operator;0;1;1;0;0;1;0;0;0;1;0;0;1;0;1;0;0;0;0;0;0;3;0;1e-08
Sphere;`/=` float operator;0;1;1;0;0;1;0;0;0;1;0;0;1;0;1;0;0;0;0;1;0;3;0;0.2
Sphere;`float()` function;0;1;1;0;0;1;0;0;0;1;0;0;1;0;1;0;0;0;0;1;0;3;0;0.2
Sphere;Slicing;0;1;1;0;0;1;0;0;0;1;0;0;1;0;1;0;0;0;0;0;0;3;0;1e-08
Sphere;Modulus;0;1;1;0;0;1;0;0;0;1;0;0;1;0;1;0;0;0;0;0;0;3;0;1e-08
Sphere;`!=` integer operator;0;1;1;0;0;1;0;0;0;1;0;0;1;0;1;0;0;0;0;1;0;3;0;0.2
Sphere;`>` integer operator;0;1;1;0;0;1;0;0;0;1;0;0;1;0;1;0;0;0;0;1;0;3;0;0.2
Sphere;`while` loops;0;1;1;0;0;1;0;0;0;1;0;0;1;0;1;0;0;0;0;0;0;3;0;1e-08
Sphere;Methods;0;1;1;0;0;1;0;0;0;1;0;0;1;0;1;0;0;0;0;0;0;3;0;1e-08
Sphere;`>=` float operator;0;1;1;0;0;1;0;0;0;1;0;0;1;0;1;0;0;0;0;1;0;3;0;0.2
Sphere;Machine Code;0;1;1;0;0;1;0;0;0;1;0;0;1;0;1;0;0;0;0;0;0;3;1;0.8
Sphere;Program Definition;0;1;1;0;0;1;0;0;0;1;0;0;1;0;1;0;0;0;0;0;0;3;1;0.8
Sphere;`//=` integer operator;0;1;1;0;0;1;0;0;0;1;0;0;1;0;1;0;0;0;0;0;0;3;0;1e-08
Sphere;`def` constructor;0;1;1;0;0;1;0;0;0;1;0;0;1;0;1;0;0;0;0;0;0;3;0;1e-08
Sphere;`capitalize()` method;0;1;1;0;0;1;0;0;0;1;0;0;1;0;1;0;0;0;0;0;0;3;0;1e-08
==::==::==
Question;81;0
Question;20;0
Question;5;1
Question;18;0
Question;8;0
Question;53;0
Question;84;0
Question;11;0
Question;83;0
Question;9;0
Question;93;0
Question;15;0
Question;82;0
Question;85;0
Question;91;0
Question;19;0
Question;79;0
Question;48;0
Question;17;0
Question;12;0
Question;90;0
Question;14;1
Question;13;1
Question;7;1
Answer;58;0
Answer;305;0
Answer;315;0
Answer;50;1
Answer;21;0
Answer;27;1
Answer;209;0
Answer;217;0
Answer;210;0
Answer;56;1
Answer;218;0
Answer;213;0
Answer;316;0
Answer;304;0
Answer;223;0
Answer;314;0
Answer;130;0
Answer;61;0
Answer;36;0
Answer;220;0
Answer;216;0
Answer;208;0
Answer;211;0
Answer;225;0
Answer;33;0
Answer;49;0
Answer;141;0
Answer;224;0
Answer;206;0
Answer;19;0
Answer;37;0
Answer;303;0
Answer;222;0
Answer;42;0
Answer;47;0
Answer;57;0
Answer;214;0
Answer;29;0
Answer;215;0
Answer;53;0
Answer;219;0
Answer;277;0
Answer;44;0
Answer;32;0
Answer;28;0
Answer;221;0
Answer;43;0
Answer;48;0
Answer;46;0
Answer;201;0
Answer;131;0
Answer;308;0
Answer;307;0
Answer;200;0
Answer;51;0
Answer;35;0
Answer;54;0
Answer;60;0
Answer;64;0
Answer;30;0
Answer;198;0
Answer;20;0
Answer;18;1
Answer;31;0
Answer;63;0
Answer;199;0
Answer;45;0
Answer;313;0
Answer;207;0
Answer;212;0
Answer;62;0
Answer;306;0
Answer;34;0
Answer;55;0
Answer;26;0
Answer;52;0
Answer;276;0
Answer;-1;0
Mis;`<` is `not >`;0;1;1;0;0;1;0;0;0;1;0;0;1;0;0;0;0;0;1;1;0;4;1
Mis;Backwards chaining;0;1;1;0;0;1;0;0;0;1;0;0;1;0;0;0;0;0;1;0;0;4;0
Mis;`print()` needs input;0;1;1;0;0;1;0;0;0;1;0;0;1;0;0;0;0;0;1;0;0;4;0
Mis;Blank last slice non-inclusive;0;1;1;0;0;1;0;0;0;1;0;0;1;0;0;0;0;0;1;0;0;4;0
Mis;Return frame bypass;0;1;1;0;0;1;0;0;0;1;0;0;1;0;0;0;0;0;1;0;0;4;0
Mis;Functions must have input;0;1;1;0;0;1;0;0;0;1;0;0;1;0;0;0;0;0;1;0;0;4;0
Mis;No Boolean literals;0;1;1;0;0;1;0;0;0;1;0;0;1;0;0;0;0;0;1;1;0;4;0
Mis;String equality isn't case sensitive;0;1;1;0;0;1;0;0;0;1;0;0;1;0;0;0;0;0;1;1;0;4;0
Mis;Single letter variables;0;1;1;0;0;1;0;0;0;1;0;0;1;0;0;0;0;0;1;0;0;4;0
Mis;`return` on `def` indentation level;0;1;1;0;0;1;0;0;0;1;0;0;1;0;0;0;0;0;1;1;0;4;0
Mis;Iterable repetition interleaves;0;1;1;0;0;1;0;0;0;1;0;0;1;0;0;0;0;0;1;0;0;4;0
Mis;Sequenced conditionals;0;1;1;0;0;1;0;0;0;1;0;0;1;0;0;0;0;0;1;1;0;4;0
Mis;`input()` includes newline;0;1;1;0;0;1;0;0;0;1;0;0;1;0;0;0;0;0;1;0;0;4;0
Mis;Concat with single element;0;1;1;0;0;1;0;0;0;1;0;0;1;0;0;0;0;0;1;0;0;4;0
Mis;Extending strings adds space;0;1;1;0;0;1;0;0;0;1;0;0;1;0;0;0;0;0;1;1;0;4;0
Mis;Variables cannot be assigned twice;0;1;1;0;0;1;0;0;0;1;0;0;1;0;0;0;0;0;1;1;1;4;1
Mis;No `and` on objects;0;1;1;0;0;1;0;0;0;1;0;0;1;0;0;0;0;0;1;0;0;4;0
Mis;`range()` only has one input;0;1;1;0;0;1;0;0;0;1;0;0;1;0;0;0;0;0;1;0;0;4;0
Mis;Linear Order of Operations;0;1;1;0;0;1;0;0;0;1;0;0;1;0;0;0;0;0;1;1;0;4;0
Mis;`%` percentage operator;0;1;1;0;0;1;0;0;0;1;0;0;1;0;0;0;0;0;1;0;0;4;0
Mis;`self` has no value;0;1;1;0;0;1;0;0;0;1;0;0;1;0;0;0;0;0;1;1;0;4;0
Mis;Characters are strings;0;1;1;0;0;1;0;0;0;1;0;0;1;0;0;0;0;0;1;0;0;4;0
Mis;Keyword functions;0;1;1;0;0;1;0;0;0;1;0;0;1;0;0;0;0;0;1;0;0;4;0
Mis;Floating point equality okay;0;1;1;0;0;1;0;0;0;1;0;0;1;0;0;0;0;0;1;1;0;4;0
Mis;Lazy assignment;0;1;1;0;0;1;0;0;0;1;0;0;1;0;0;0;0;0;1;0;0;4;0
Mis;Index -1 is start of list;0;1;1;0;0;1;0;0;0;1;0;0;1;0;0;0;0;0;1;1;0;4;0
Mis;No variable functions;0;1;1;0;0;1;0;0;0;1;0;0;1;0;0;0;0;0;1;1;0;4;0
Mis;Multi-line strings with `' '`;0;1;1;0;0;1;0;0;0;1;0;0;1;0;0;0;0;0;1;1;0;4;0
Mis;No variable methods;0;1;1;0;0;1;0;0;0;1;0;0;1;0;0;0;0;0;1;0;0;4;0
Mis;Iterable repeition multiplies by constant;0;1;1;0;0;1;0;0;0;1;0;0;1;0;0;0;0;0;1;0;0;4;0
Mis;String methods mutate;0;1;1;0;0;1;0;0;0;1;0;0;1;0;0;0;0;0;1;0;0;4;0
Mis;No short circuit;0;1;1;0;0;1;0;0;0;1;0;0;1;0;0;0;0;0;1;1;0;4;0
Mis;Slice exclusive of first index;0;1;1;0;0;1;0;0;0;1;0;0;1;0;0;0;0;0;1;0;0;4;0
Mis;`print()` non-terminating return;0;1;1;0;0;1;0;0;0;1;0;0;1;0;0;0;0;0;1;0;0;4;0
Mis;No floating point limit;0;1;1;0;0;1;0;0;0;1;0;0;1;0;0;0;0;0;1;1;0;4;0
Mis;`>` is `not <`;0;1;1;0;0;1;0;0;0;1;0;0;1;0;0;0;0;0;1;1;0;4;1
Mis;`try` without `except`;0;1;1;0;0;1;0;0;0;1;0;0;1;0;0;0;0;0;1;1;0;4;0
Mis;Inline Function Definition;0;1;1;0;0;1;0;0;0;1;0;0;1;0;0;0;0;0;1;1;0;4;0
Mis;`print()` no newline;0;1;1;0;0;1;0;0;0;1;0;0;1;0;0;0;0;0;1;0;0;4;0
Mis;`range()` starts at 1;0;1;1;0;0;1;0;0;0;1;0;0;1;0;0;0;0;0;1;1;0;4;0
Mis;Blank slice is empty;0;1;1;0;0;1;0;0;0;1;0;0;1;0;0;0;0;0;1;0;0;4;0
Mis;`-` works on strings;0;1;1;0;0;1;0;0;0;1;0;0;1;0;0;0;0;0;1;1;0;4;0
Mis;No constructor method chain;0;1;1;0;0;1;0;0;0;1;0;0;1;0;0;0;0;0;1;0;0;4;0
Mis;`#` is an operator;0;1;1;0;0;1;0;0;0;1;0;0;1;0;0;0;0;0;1;1;0;4;0
Mis;No escape sequences;0;1;1;0;0;1;0;0;0;1;0;0;1;0;0;0;0;0;1;0;0;4;0
Mis;Methods must have input;0;1;1;0;0;1;0;0;0;1;0;0;1;0;0;0;0;0;1;0;0;4;0
Mis;Assignment duplicates;0;1;1;0;0;1;0;0;0;1;0;0;1;0;0;0;0;0;1;0;0;4;0
Mis;`=` comparison;0;1;1;0;0;1;0;0;0;1;0;0;1;0;0;0;0;0;1;1;0;4;0
Mis;No tuple return;0;1;1;0;0;1;0;0;0;1;0;0;1;0;0;0;0;0;1;0;0;4;0
Mis;`for` is `while`;0;1;1;0;0;1;0;0;0;1;0;0;1;0;0;0;0;0;1;0;0;4;0
Mis;Curly brackets stay;0;1;1;0;0;1;0;0;0;1;0;0;1;0;0;0;0;0;1;0;0;4;0
Mis;`/` is modulus;0;1;1;0;0;1;0;0;0;1;0;0;1;0;0;0;0;0;1;1;0;4;0
Mis;No implicit void functions;0;1;1;0;0;1;0;0;0;1;0;0;1;0;0;0;0;0;1;0;0;4;0
Mis;Operators cannot be chained;0;1;1;0;0;1;0;0;0;1;0;0;1;0;0;0;0;0;1;1;0;4;0
Mis;Functions must return;0;1;1;0;0;1;0;0;0;1;0;0;1;0;0;0;0;0;1;0;0;4;0
Mis;No `not` on objects;0;1;1;0;0;1;0;0;0;1;0;0;1;0;0;0;0;0;1;0;0;4;0
Mis;Ternary Boolean return;0;1;1;0;0;1;0;0;0;1;0;0;1;0;0;0;0;0;1;0;0;4;0
Mis;`if` loop;0;1;1;0;0;1;0;0;0;1;0;0;1;0;0;0;0;0;1;1;0;4;0
Mis;`range()` includes the final value;0;1;1;0;0;1;0;0;0;1;0;0;1;0;0;0;0;0;1;0;0;4;0
Mis;Methods can have no arguments;0;1;1;0;0;1;0;0;0;1;0;0;1;0;0;0;0;0;1;0;0;4;0
Mis;No string constructor method chain;0;1;1;0;0;1;0;0;0;1;0;0;1;0;0;0;0;0;1;0;0;4;0
Mis;`return` continues;0;1;1;0;0;1;0;0;0;1;0;0;1;0;0;0;0;0;1;0;0;4;0
Mis;String equality not `==`;0;1;1;0;0;1;0;0;0;1;0;0;1;0;0;0;0;0;1;0;0;4;0
Mis;String repetition adds space;0;1;1;0;0;1;0;0;0;1;0;0;1;0;0;0;0;0;1;0;0;4;0
Mis;Automatic Integer Conversion;0;1;1;0;0;1;0;0;0;1;0;0;1;0;0;0;0;0;1;1;0;4;0
Mis;Slices include last value;0;1;1;0;0;1;0;0;0;1;0;0;1;0;0;0;0;0;1;0;0;4;0
Mis;Integers limit;0;1;1;0;0;1;0;0;0;1;0;0;1;0;0;0;0;0;1;1;0;4;0
Mis;Confused string assignment;0;1;1;0;0;1;0;0;0;1;0;0;1;0;0;0;0;0;1;0;0;4;0
Mis;Lowercase Booleans;0;1;1;0;0;1;0;0;0;1;0;0;1;0;0;0;0;0;1;0;0;4;0
Mis;`pass` is `continue`;0;1;1;0;0;1;0;0;0;1;0;0;1;0;0;0;0;0;1;1;0;4;0
Mis;`print()` returns;0;1;1;0;0;1;0;0;0;1;0;0;1;0;0;0;0;0;1;1;0;4;0
Mis;`print()` only accepts one input;0;1;1;0;0;1;0;0;0;1;0;0;1;0;0;0;0;0;1;0;0;4;0
Mis;Secondary memory data loss;0;1;1;0;0;1;0;0;0;1;0;0;1;0;0;0;0;0;1;1;0;4;0
Mis;Transitive Assignment;0;1;1;0;0;1;0;0;0;1;0;0;1;0;0;0;0;0;1;1;0;4;0
Mis;No literal return;0;1;1;0;0;1;0;0;0;1;0;0;1;0;0;0;0;0;1;0;0;4;0
Mis;`input()` return value;0;1;1;0;0;1;0;0;0;1;0;0;1;0;0;0;0;0;1;1;0;4;0
Mis;Floating point `range()`;0;1;1;0;0;1;0;0;0;1;0;0;1;0;0;0;0;0;1;0;0;4;0
Mis;No `or` on objects;0;1;1;0;0;1;0;0;0;1;0;0;1;0;0;0;0;0;1;0;0;4;0
Mis;`print()` always has a newline;0;1;1;0;0;1;0;0;0;1;0;0;1;0;0;0;0;0;1;0;0;4;0
Mis;`print()` only string;0;1;1;0;0;1;0;0;0;1;0;0;1;0;0;0;0;0;1;0;0;4;0
Mis;`/` is integer division;0;1;1;0;0;1;0;0;0;1;0;0;1;0;0;0;0;0;1;1;0;4;0
Mis;`input()` requires function input;0;1;1;0;0;1;0;0;0;1;0;0;1;0;0;0;0;0;1;0;0;4;0
Mis;No method chain;0;1;1;0;0;1;0;0;0;1;0;0;1;0;0;0;0;0;1;0;0;4;0
Mis;`int()` rounds up floats;0;1;1;0;0;1;0;0;0;1;0;0;1;0;0;0;0;0;1;1;0;4;0
Mis;Multi-line strings with `" "`;0;1;1;0;0;1;0;0;0;1;0;0;1;0;0;0;0;0;1;1;0;4;0
Mis;List concat vector addition;0;1;1;0;0;1;0;0;0;1;0;0;1;0;0;0;0;0;1;1;0;4;0
Mis;`/` works on strings;0;1;1;0;0;1;0;0;0;1;0;0;1;0;0;0;0;0;1;1;0;4;0
Mis;Strings are mutable;0;1;1;0;0;1;0;0;0;1;0;0;1;0;0;0;0;0;1;0;0;4;0
Mis;No loop termination;0;1;1;0;0;1;0;0;0;1;0;0;1;0;0;0;0;0;1;1;0;4;0
Mis;Conditional Boolean return;0;1;1;0;0;1;0;0;0;1;0;0;1;0;0;0;0;0;1;0;0;4;0
Mis;Slices require indices;0;1;1;0;0;1;0;0;0;1;0;0;1;0;0;0;0;0;1;1;0;4;0
Mis;Parenthesized return;0;1;1;0;0;1;0;0;0;1;0;0;1;0;0;0;0;0;1;0;0;4;0
Mis;`%` is division;0;1;1;0;0;1;0;0;0;1;0;0;1;0;0;0;0;0;1;0;0;4;0
Mis;Iterable repetition repeated constant multiplication;0;1;1;0;0;1;0;0;0;1;0;0;1;0;0;0;0;0;1;1;0;4;0
Mis;`//` divides;0;1;1;0;0;1;0;0;0;1;0;0;1;0;0;0;0;0;1;0;0;4;0
Mis;Cannot mix index sign in slice;0;1;1;0;0;1;0;0;0;1;0;0;1;0;0;0;0;0;1;0;0;4;0
Mis;`//` is modulus;0;1;1;0;0;1;0;0;0;1;0;0;1;0;0;0;0;0;1;0;0;4;0
Mis;Slice removes;0;1;1;0;0;1;0;0;0;1;0;0;1;0;0;0;0;0;1;0;0;4;0
Mis;No nesting loops;0;1;1;0;0;1;0;0;0;1;0;0;1;0;0;0;0;0;1;0;0;4;0
Mis;Literals don't have a data type;0;1;1;0;0;1;0;0;0;1;0;0;1;0;0;0;0;0;1;1;0;4;0
Mis;`%` is integer division;0;1;1;0;0;1;0;0;0;1;0;0;1;0;0;0;0;0;1;0;0;4;0
Mis;No formatted string;0;1;1;0;0;1;0;0;0;1;0;0;1;0;0;0;0;0;1;1;0;4;0
Mis;`for` stops before last element;0;1;1;0;0;1;0;0;0;1;0;0;1;0;0;0;0;0;1;1;0;4;0
Mis;`int()` rounds floats;0;1;1;0;0;1;0;0;0;1;0;0;1;0;0;0;0;0;1;0;0;4;0
Mis;Implied repetition over logical operator;0;1;1;0;0;1;0;0;0;1;0;0;1;0;0;0;0;0;1;0;0;4;0
Mis;`for` only with `range()`;0;1;1;0;0;1;0;0;0;1;0;0;1;0;0;0;0;0;1;0;0;4;0
Mis;`while` tests after loop;0;1;1;0;0;1;0;0;0;1;0;0;1;0;0;0;0;0;1;1;0;4;0
Mis;Multi-value return;0;1;1;0;0;1;0;0;0;1;0;0;1;0;0;0;0;0;1;0;0;4;0
Mis;Strings are not objects;0;1;1;0;0;1;0;0;0;1;0;0;1;0;0;0;0;0;1;1;0;4;0
Sphere;Assignment;0;1;1;0;0;1;0;0;0;1;0;0;1;0;0;0;0;0;1;1;1;4;1;0.8
Sphere;Variables;0;1;1;0;0;1;0;0;0;1;0;0;1;0;0;0;0;0;1;1;1;4;1;0.9384615384615385
Sphere;`/` integer operator;0;1;1;0;0;1;0;0;0;1;0;0;1;0;0;0;0;0;1;1;1;4;1;0.8857142857142859
Sphere;Integers;0;1;1;0;0;1;0;0;0;1;0;0;1;0;0;0;0;0;1;1;1;4;1;0.8
Sphere;`=` operator;0;1;1;0;0;1;0;0;0;1;0;0;1;0;0;0;0;0;1;1;1;4;1;0.9384615384615385
Sphere;`print()` function;0;1;1;0;0;1;0;0;0;1;0;0;1;0;0;0;0;0;1;1;1;4;1;0.9200000000000002
Sphere;Comments;0;1;1;0;0;1;0;0;0;1;0;0;1;0;0;0;0;0;1;1;1;4;1;0.8857142857142859
Sphere;`str()` function;0;1;1;0;0;1;0;0;0;1;0;0;1;0;0;0;0;0;1;0;0;4;0;1e-08
Sphere;Floats;0;1;1;0;0;1;0;0;0;1;0;0;1;0;0;0;0;0;1;0;0;4;1;0.8
Sphere;`+=` float operator;0;1;1;0;0;1;0;0;0;1;0;0;1;0;0;0;0;0;1;0;0;4;0;0.2
Sphere;Built-in Functions;0;1;1;0;0;1;0;0;0;1;0;0;1;0;0;0;0;0;1;0;0;4;0;1e-08
Sphere;`+=` integer operator;0;1;1;0;0;1;0;0;0;1;0;0;1;0;0;0;0;0;1;0;0;4;0;0.2
Sphere;Secondary Memory;0;1;1;0;0;1;0;0;0;1;0;0;1;0;0;0;0;0;1;0;0;4;1;0.8
Sphere;`*=` float operator;0;1;1;0;0;1;0;0;0;1;0;0;1;0;0;0;0;0;1;0;0;4;0;0.2
Sphere;Conditionals;0;1;1;0;0;1;0;0;0;1;0;0;1;0;0;0;0;0;1;0;0;4;0;1e-08
Sphere;Addition;0;1;1;0;0;1;0;0;0;1;0;0;1;0;0;0;0;0;1;0;0;4;0;1e-08
Sphere;Compilers;0;1;1;0;0;1;0;0;0;1;0;0;1;0;0;0;0;0;1;0;0;4;1;0.8
Sphere;`range()` function;0;1;1;0;0;1;0;0;0;1;0;0;1;0;0;0;0;0;1;0;0;4;0;1e-08
Sphere;`%=` integer operator;0;1;1;0;0;1;0;0;0;1;0;0;1;0;0;0;0;0;1;0;0;4;0;1e-08
Sphere;Interpreters;0;1;1;0;0;1;0;0;0;1;0;0;1;0;0;0;0;0;1;0;0;4;1;0.8
Sphere;Booleans;0;1;1;0;0;1;0;0;0;1;0;0;1;0;0;0;0;0;1;0;0;4;0;0.2
Sphere;`%` float operator;0;1;1;0;0;1;0;0;0;1;0;0;1;0;0;0;0;0;1;0;0;4;0;1e-08
Sphere;`elif` keyword;0;1;1;0;0;1;0;0;0;1;0;0;1;0;0;0;0;0;1;0;0;4;0;1e-08
Sphere;`<=` float operator;0;1;1;0;0;1;0;0;0;1;0;0;1;0;0;0;0;0;1;0;0;4;0;0.2
Sphere;`<` float operator;0;1;1;0;0;1;0;0;0;1;0;0;1;0;0;0;0;0;1;0;0;4;0;0.2
Sphere;`continue` keyword;0;1;1;0;0;1;0;0;0;1;0;0;1;0;0;0;0;0;1;0;0;4;0;1e-08
Sphere;`+` string operator;0;1;1;0;0;1;0;0;0;1;0;0;1;0;0;0;0;0;1;0;0;4;0;1e-08
Sphere;`lower()` method;0;1;1;0;0;1;0;0;0;1;0;0;1;0;0;0;0;0;1;0;0;4;0;1e-08
Sphere;`else` keyword;0;1;1;0;0;1;0;0;0;1;0;0;1;0;0;0;0;0;1;0;0;4;0;1e-08
Sphere;`-=` integer operator;0;1;1;0;0;1;0;0;0;1;0;0;1;0;0;0;0;0;1;0;0;4;0;0.2
Sphere;`or` operator;0;1;1;0;0;1;0;0;0;1;0;0;1;0;0;0;0;0;1;0;0;4;0;0.2
Sphere;`!=` float operator;0;1;1;0;0;1;0;0;0;1;0;0;1;0;0;0;0;0;1;0;0;4;0;0.2
Sphere;`<` string operator;0;1;1;0;0;1;0;0;0;1;0;0;1;0;0;0;0;0;1;0;0;4;0;1e-08
Sphere;`<` integer operator;0;1;1;0;0;1;0;0;0;1;0;0;1;0;0;0;0;0;1;0;0;4;0;0.2
Sphere;Floating point equality;0;1;1;0;0;1;0;0;0;1;0;0;1;0;0;0;0;0;1;0;0;4;0;0.2
Sphere;Comparison;0;1;1;0;0;1;0;0;0;1;0;0;1;0;0;0;0;0;1;0;0;4;0;1e-08
Sphere;`type()` function;0;1;1;0;0;1;0;0;0;1;0;0;1;0;0;0;0;0;1;0;0;4;0;1e-08
Sphere;Functions;0;1;1;0;0;1;0;0;0;1;0;0;1;0;0;0;0;0;1;0;0;4;0;1e-08
Sphere;Contracted `if`;0;1;1;0;0;1;0;0;0;1;0;0;1;0;0;0;0;0;1;0;0;4;0;1e-08
Sphere;Automatic Conversion;0;1;1;0;0;1;0;0;0;1;0;0;1;0;0;0;0;0;1;0;0;4;0;0.2
Sphere;`+` float operator;0;1;1;0;0;1;0;0;0;1;0;0;1;0;0;0;0;0;1;0;0;4;1;0.8
Sphere;`>=` integer operator;0;1;1;0;0;1;0;0;0;1;0;0;1;0;0;0;0;0;1;0;0;4;0;0.2
Sphere;`break` keyword;0;1;1;0;0;1;0;0;0;1;0;0;1;0;0;0;0;0;1;0;0;4;0;1e-08
Sphere;CPU functionality;0;1;1;0;0;1;0;0;0;1;0;0;1;0;0;0;0;0;1;0;0;4;1;0.8
Sphere;Self Assignment;0;1;1;0;0;1;0;0;0;1;0;0;1;0;0;0;0;0;1;0;0;4;1;0.9200000000000002
Sphere;`*=` integer operator;0;1;1;0;0;1;0;0;0;1;0;0;1;0;0;0;0;0;1;0;0;4;0;0.2
Sphere;`//` float operator;0;1;1;0;0;1;0;0;0;1;0;0;1;0;0;0;0;0;1;0;0;4;0;1e-08
Sphere;`' '` constructor;0;1;1;0;0;1;0;0;0;1;0;0;1;0;0;0;0;0;1;0;0;4;0;1e-08
Sphere;`""" """` constructor;0;1;1;0;0;1;0;0;0;1;0;0;1;0;0;0;0;0;1;0;0;4;0;1e-08
Sphere;`join()` method;0;1;1;0;0;1;0;0;0;1;0;0;1;0;0;0;0;0;1;0;0;4;0;1e-08
Sphere;Repetition;0;1;1;0;0;1;0;0;0;1;0;0;1;0;0;0;0;0;1;0;0;4;0;1e-08
Sphere;`//=` float operator;0;1;1;0;0;1;0;0;0;1;0;0;1;0;0;0;0;0;1;0;0;4;0;1e-08
Sphere;Control Flow;0;1;1;0;0;1;0;0;0;1;0;0;1;0;0;0;0;0;1;0;0;4;0;1e-08
Sphere;Loops;0;1;1;0;0;1;0;0;0;1;0;0;1;0;0;0;0;0;1;0;0;4;0;1e-08
Sphere;`%=` float operator;0;1;1;0;0;1;0;0;0;1;0;0;1;0;0;0;0;0;1;0;0;4;0;1e-08
Sphere;Concatenation;0;1;1;0;0;1;0;0;0;1;0;0;1;0;0;0;0;0;1;0;0;4;0;1e-08
Sphere;`*` string operator;0;1;1;0;0;1;0;0;0;1;0;0;1;0;0;0;0;0;1;0;0;4;0;1e-08
Sphere;`-=` float operator;0;1;1;0;0;1;0;0;0;1;0;0;1;0;0;0;0;0;1;0;0;4;0;0.2
Sphere;`//` integer operator;0;1;1;0;0;1;0;0;0;1;0;0;1;0;0;0;0;0;1;0;0;4;0;1e-08
Sphere;`*` float operator;0;1;1;0;0;1;0;0;0;1;0;0;1;0;0;0;0;0;1;0;0;4;1;0.8
Sphere;Atomic Data Types;0;1;1;0;0;1;0;0;0;1;0;0;1;0;0;0;0;0;1;0;0;4;0;1e-08
Sphere;Subtraction;0;1;1;0;0;1;0;0;0;1;0;0;1;0;0;0;0;0;1;0;0;4;0;1e-08
Sphere;Type Casting;0;1;1;0;0;1;0;0;0;1;0;0;1;0;0;0;0;0;1;0;0;4;0;1e-08
Sphere;`not` operator;0;1;1;0;0;1;0;0;0;1;0;0;1;0;0;0;0;0;1;0;0;4;0;0.2
Sphere;String Slicing;0;1;1;0;0;1;0;0;0;1;0;0;1;0;0;0;0;0;1;0;0;4;0;1e-08
Sphere;`and` operator;0;1;1;0;0;1;0;0;0;1;0;0;1;0;0;0;0;0;1;0;0;4;0;0.2
Sphere;`/=` integer operator;0;1;1;0;0;1;0;0;0;1;0;0;1;0;0;0;0;0;1;0;0;4;0;0.2
Sphere;Multiplication;0;1;1;0;0;1;0;0;0;1;0;0;1;0;0;0;0;0;1;0;0;4;0;1e-08
Sphere;`*` integer operator;0;1;1;0;0;1;0;0;0;1;0;0;1;0;0;0;0;0;1;0;0;4;1;0.8
Sphere;`input()` function;0;1;1;0;0;1;0;0;0;1;0;0;1;0;0;0;0;0;1;0;0;4;1;0.8857142857142859
Sphere;`return` keyword;0;1;1;0;0;1;0;0;0;1;0;0;1;0;0;0;0;0;1;0;0;4;0;1e-08
Sphere;Indexing;0;1;1;0;0;1;0;0;0;1;0;0;1;0;0;0;0;0;1;0;0;4;0;1e-08
Sphere;Ordered Data Structures;0;1;1;0;0;1;0;0;0;1;0;0;1;0;0;0;0;0;1;0;0;4;0;1e-08
Sphere;`+` integer operator;0;1;1;0;0;1;0;0;0;1;0;0;1;0;0;0;0;0;1;0;0;4;1;0.8857142857142859
Sphere;Formatted Strings;0;1;1;0;0;1;0;0;0;1;0;0;1;0;0;0;0;0;1;0;0;4;0;1e-08
Sphere;Division;0;1;1;0;0;1;0;0;0;1;0;0;1;0;0;0;0;0;1;0;0;4;0;1e-08
Sphere;`if` keyword;0;1;1;0;0;1;0;0;0;1;0;0;1;0;0;0;0;0;1;0;0;4;0;1e-08
Sphere;Equality;0;1;1;0;0;1;0;0;0;1;0;0;1;0;0;0;0;0;1;0;0;4;0;1e-08
Sphere;Strings;0;1;1;0;0;1;0;0;0;1;0;0;1;0;0;0;0;0;1;0;0;4;0;0.2
Sphere;`==` integer operator;0;1;1;0;0;1;0;0;0;1;0;0;1;0;0;0;0;0;1;0;0;4;0;0.2
Sphere;`-` integer operator;0;1;1;0;0;1;0;0;0;1;0;0;1;0;0;0;0;0;1;0;0;4;1;0.8
Sphere;`!=` string operator;0;1;1;0;0;1;0;0;0;1;0;0;1;0;0;0;0;0;1;0;0;4;0;1e-08
Sphere;String Indexing;0;1;1;0;0;1;0;0;0;1;0;0;1;0;0;0;0;0;1;0;0;4;0;1e-08
Sphere;Operator Chaining;0;1;1;0;0;1;0;0;0;1;0;0;1;0;0;0;0;0;1;0;0;4;1;0.8
Sphere;`/` float operator;0;1;1;0;0;1;0;0;0;1;0;0;1;0;0;0;0;0;1;0;0;4;1;0.8
Sphere;`upper()` method;0;1;1;0;0;1;0;0;0;1;0;0;1;0;0;0;0;0;1;0;0;4;0;1e-08
Sphere;`try` keyword;0;1;1;0;0;1;0;0;0;1;0;0;1;0;0;0;0;0;1;0;0;4;0;1e-08
Sphere;`>` float operator;0;1;1;0;0;1;0;0;0;1;0;0;1;0;0;0;0;0;1;0;0;4;0;0.2
Sphere;`==` string operator;0;1;1;0;0;1;0;0;0;1;0;0;1;0;0;0;0;0;1;0;0;4;0;1e-08
Sphere;`for` loops;0;1;1;0;0;1;0;0;0;1;0;0;1;0;0;0;0;0;1;0;0;4;0;1e-08
Sphere;`" "` constructor;0;1;1;0;0;1;0;0;0;1;0;0;1;0;0;0;0;0;1;0;0;4;0;1e-08
Sphere;`int()` function;0;1;1;0;0;1;0;0;0;1;0;0;1;0;0;0;0;0;1;0;0;4;0;0.2
Sphere;`replace()` method;0;1;1;0;0;1;0;0;0;1;0;0;1;0;0;0;0;0;1;0;0;4;0;1e-08
Sphere;Integer Division;0;1;1;0;0;1;0;0;0;1;0;0;1;0;0;0;0;0;1;0;0;4;0;1e-08
Sphere;`%` integer operator;0;1;1;0;0;1;0;0;0;1;0;0;1;0;0;0;0;0;1;0;0;4;0;1e-08
Sphere;Order of Operations;0;1;1;0;0;1;0;0;0;1;0;0;1;0;0;0;0;0;1;0;0;4;1;0.8
Sphere;`len()` string function;0;1;1;0;0;1;0;0;0;1;0;0;1;0;0;0;0;0;1;0;0;4;0;1e-08
Sphere;`<=` integer operator;0;1;1;0;0;1;0;0;0;1;0;0;1;0;0;0;0;0;1;0;0;4;0;0.2
Sphere;RAM functionality;0;1;1;0;0;1;0;0;0;1;0;0;1;0;0;0;0;0;1;0;0;4;1;0.8
Sphere;`>` string operator;0;1;1;0;0;1;0;0;0;1;0;0;1;0;0;0;0;0;1;0;0;4;0;1e-08
Sphere;`/=` float operator;0;1;1;0;0;1;0;0;0;1;0;0;1;0;0;0;0;0;1;0;0;4;0;0.2
Sphere;`-` float operator;0;1;1;0;0;1;0;0;0;1;0;0;1;0;0;0;0;0;1;0;0;4;1;0.8
Sphere;`float()` function;0;1;1;0;0;1;0;0;0;1;0;0;1;0;0;0;0;0;1;0;0;4;0;0.2
Sphere;Slicing;0;1;1;0;0;1;0;0;0;1;0;0;1;0;0;0;0;0;1;0;0;4;0;1e-08
Sphere;Modulus;0;1;1;0;0;1;0;0;0;1;0;0;1;0;0;0;0;0;1;0;0;4;0;1e-08
Sphere;`!=` integer operator;0;1;1;0;0;1;0;0;0;1;0;0;1;0;0;0;0;0;1;0;0;4;0;0.2
Sphere;`>` integer operator;0;1;1;0;0;1;0;0;0;1;0;0;1;0;0;0;0;0;1;0;0;4;0;0.2
Sphere;`while` loops;0;1;1;0;0;1;0;0;0;1;0;0;1;0;0;0;0;0;1;0;0;4;0;1e-08
Sphere;Methods;0;1;1;0;0;1;0;0;0;1;0;0;1;0;0;0;0;0;1;0;0;4;0;1e-08
Sphere;`>=` float operator;0;1;1;0;0;1;0;0;0;1;0;0;1;0;0;0;0;0;1;0;0;4;0;0.2
Sphere;Machine Code;0;1;1;0;0;1;0;0;0;1;0;0;1;0;0;0;0;0;1;0;0;4;1;0.8
Sphere;Program Definition;0;1;1;0;0;1;0;0;0;1;0;0;1;0;0;0;0;0;1;0;0;4;1;0.8
Sphere;`//=` integer operator;0;1;1;0;0;1;0;0;0;1;0;0;1;0;0;0;0;0;1;0;0;4;0;1e-08
Sphere;`def` constructor;0;1;1;0;0;1;0;0;0;1;0;0;1;0;0;0;0;0;1;0;0;4;0;1e-08
Sphere;`capitalize()` method;0;1;1;0;0;1;0;0;0;1;0;0;1;0;0;0;0;0;1;0;0;4;0;1e-08
==::==::==
Question;81;0
Question;20;0
Question;5;0
Question;18;0
Question;8;0
Question;53;0
Question;84;0
Question;11;0
Question;83;0
Question;9;0
Question;93;0
Question;15;0
Question;82;0
Question;85;0
Question;91;0
Question;19;0
Question;79;0
Question;48;0
Question;17;0
Question;12;0
Question;90;0
Question;14;0
Question;13;0
Question;7;0
Answer;58;0
Answer;305;0
Answer;315;0
Answer;50;0
Answer;21;0
Answer;27;0
Answer;209;0
Answer;217;0
Answer;210;0
Answer;56;0
Answer;218;0
Answer;213;0
Answer;316;0
Answer;304;0
Answer;223;0
Answer;314;0
Answer;130;0
Answer;61;0
Answer;36;0
Answer;220;0
Answer;216;0
Answer;208;0
Answer;211;0
Answer;225;0
Answer;33;0
Answer;49;0
Answer;141;0
Answer;224;0
Answer;206;0
Answer;19;0
Answer;37;0
Answer;303;0
Answer;222;0
Answer;42;0
Answer;47;0
Answer;57;0
Answer;214;0
Answer;29;0
Answer;215;0
Answer;53;0
Answer;219;0
Answer;277;0
Answer;44;0
Answer;32;0
Answer;28;0
Answer;221;0
Answer;43;0
Answer;48;0
Answer;46;0
Answer;201;0
Answer;131;0
Answer;308;0
Answer;307;0
Answer;200;0
Answer;51;0
Answer;35;0
Answer;54;0
Answer;60;0
Answer;64;0
Answer;30;0
Answer;198;0
Answer;20;0
Answer;18;0
Answer;31;0
Answer;63;0
Answer;199;0
Answer;45;0
Answer;313;0
Answer;207;0
Answer;212;0
Answer;62;0
Answer;306;0
Answer;34;0
Answer;55;0
Answer;26;0
Answer;52;0
Answer;276;0
Answer;-1;0
Mis;`<` is `not >`;0;1;1;0;0;1;0;0;0;1;0;0;1;0;0;1;0;0;0;1;0;5;1
Mis;Backwards chaining;0;1;1;0;0;1;0;0;0;1;0;0;1;0;0;1;0;0;0;0;0;5;0
Mis;`print()` needs input;0;1;1;0;0;1;0;0;0;1;0;0;1;0;0;1;0;0;0;0;0;5;0
Mis;Blank last slice non-inclusive;0;1;1;0;0;1;0;0;0;1;0;0;1;0;0;1;0;0;0;0;0;5;0
Mis;Return frame bypass;0;1;1;0;0;1;0;0;0;1;0;0;1;0;0;1;0;0;0;0;0;5;0
Mis;Functions must have input;0;1;1;0;0;1;0;0;0;1;0;0;1;0;0;1;0;0;0;0;0;5;0
Mis;No Boolean literals;0;1;1;0;0;1;0;0;0;1;0;0;1;0;0;1;0;0;0;1;0;5;0
Mis;String equality isn't case sensitive;0;1;1;0;0;1;0;0;0;1;0;0;1;0;0;1;0;0;0;1;0;5;0
Mis;Single letter variables;0;1;1;0;0;1;0;0;0;1;0;0;1;0;0;1;0;0;0;0;0;5;0
Mis;`return` on `def` indentation level;0;1;1;0;0;1;0;0;0;1;0;0;1;0;0;1;0;0;0;1;0;5;0
Mis;Iterable repetition interleaves;0;1;1;0;0;1;0;0;0;1;0;0;1;0;0;1;0;0;0;0;0;5;0
Mis;Sequenced conditionals;0;1;1;0;0;1;0;0;0;1;0;0;1;0;0;1;0;0;0;1;0;5;0
Mis;`input()` includes newline;0;1;1;0;0;1;0;0;0;1;0;0;1;0;0;1;0;0;0;0;0;5;0
Mis;Concat with single element;0;1;1;0;0;1;0;0;0;1;0;0;1;0;0;1;0;0;0;0;0;5;0
Mis;Extending strings adds space;0;1;1;0;0;1;0;0;0;1;0;0;1;0;0;1;0;0;0;1;0;5;0
Mis;Variables cannot be assigned twice;0;1;1;0;0;1;0;0;0;1;0;0;1;0;0;1;0;0;0;1;0;5;0
Mis;No `and` on objects;0;1;1;0;0;1;0;0;0;1;0;0;1;0;0;1;0;0;0;0;0;5;0
Mis;`range()` only has one input;0;1;1;0;0;1;0;0;0;1;0;0;1;0;0;1;0;0;0;0;0;5;0
Mis;Linear Order of Operations;0;1;1;0;0;1;0;0;0;1;0;0;1;0;0;1;0;0;0;1;0;5;0
Mis;`%` percentage operator;0;1;1;0;0;1;0;0;0;1;0;0;1;0;0;1;0;0;0;0;0;5;0
Mis;`self` has no value;0;1;1;0;0;1;0;0;0;1;0;0;1;0;0;1;0;0;0;1;0;5;0
Mis;Characters are strings;0;1;1;0;0;1;0;0;0;1;0;0;1;0;0;1;0;0;0;0;0;5;0
Mis;Keyword functions;0;1;1;0;0;1;0;0;0;1;0;0;1;0;0;1;0;0;0;0;0;5;0
Mis;Floating point equality okay;0;1;1;0;0;1;0;0;0;1;0;0;1;0;0;1;0;0;0;1;0;5;0
Mis;Lazy assignment;0;1;1;0;0;1;0;0;0;1;0;0;1;0;0;1;0;0;0;0;0;5;0
Mis;Index -1 is start of list;0;1;1;0;0;1;0;0;0;1;0;0;1;0;0;1;0;0;0;1;0;5;0
Mis;No variable functions;0;1;1;0;0;1;0;0;0;1;0;0;1;0;0;1;0;0;0;1;0;5;0
Mis;Multi-line strings with `' '`;0;1;1;0;0;1;0;0;0;1;0;0;1;0;0;1;0;0;0;1;0;5;0
Mis;No variable methods;0;1;1;0;0;1;0;0;0;1;0;0;1;0;0;1;0;0;0;0;0;5;0
Mis;Iterable repeition multiplies by constant;0;1;1;0;0;1;0;0;0;1;0;0;1;0;0;1;0;0;0;0;0;5;0
Mis;String methods mutate;0;1;1;0;0;1;0;0;0;1;0;0;1;0;0;1;0;0;0;0;0;5;0
Mis;No short circuit;0;1;1;0;0;1;0;0;0;1;0;0;1;0;0;1;0;0;0;1;0;5;0
Mis;Slice exclusive of first index;0;1;1;0;0;1;0;0;0;1;0;0;1;0;0;1;0;0;0;0;0;5;0
Mis;`print()` non-terminating return;0;1;1;0;0;1;0;0;0;1;0;0;1;0;0;1;0;0;0;0;0;5;0
Mis;No floating point limit;0;1;1;0;0;1;0;0;0;1;0;0;1;0;0;1;0;0;0;1;0;5;0
Mis;`>` is `not <`;0;1;1;0;0;1;0;0;0;1;0;0;1;0;0;1;0;0;0;1;0;5;1
Mis;`try` without `except`;0;1;1;0;0;1;0;0;0;1;0;0;1;0;0;1;0;0;0;1;0;5;0
Mis;Inline Function Definition;0;1;1;0;0;1;0;0;0;1;0;0;1;0;0;1;0;0;0;1;0;5;0
Mis;`print()` no newline;0;1;1;0;0;1;0;0;0;1;0;0;1;0;0;1;0;0;0;0;0;5;0
Mis;`range()` starts at 1;0;1;1;0;0;1;0;0;0;1;0;0;1;0;0;1;0;0;0;1;0;5;0
Mis;Blank slice is empty;0;1;1;0;0;1;0;0;0;1;0;0;1;0;0;1;0;0;0;0;0;5;0
Mis;`-` works on strings;0;1;1;0;0;1;0;0;0;1;0;0;1;0;0;1;0;0;0;1;0;5;0
Mis;No constructor method chain;0;1;1;0;0;1;0;0;0;1;0;0;1;0;0;1;0;0;0;0;0;5;0
Mis;`#` is an operator;0;1;1;0;0;1;0;0;0;1;0;0;1;0;0;1;0;0;0;1;0;5;0
Mis;No escape sequences;0;1;1;0;0;1;0;0;0;1;0;0;1;0;0;1;0;0;0;0;0;5;0
Mis;Methods must have input;0;1;1;0;0;1;0;0;0;1;0;0;1;0;0;1;0;0;0;0;0;5;0
Mis;Assignment duplicates;0;1;1;0;0;1;0;0;0;1;0;0;1;0;0;1;0;0;0;0;0;5;0
Mis;`=` comparison;0;1;1;0;0;1;0;0;0;1;0;0;1;0;0;1;0;0;0;1;0;5;0
Mis;No tuple return;0;1;1;0;0;1;0;0;0;1;0;0;1;0;0;1;0;0;0;0;0;5;0
Mis;`for` is `while`;0;1;1;0;0;1;0;0;0;1;0;0;1;0;0;1;0;0;0;0;0;5;0
Mis;Curly brackets stay;0;1;1;0;0;1;0;0;0;1;0;0;1;0;0;1;0;0;0;0;0;5;0
Mis;`/` is modulus;0;1;1;0;0;1;0;0;0;1;0;0;1;0;0;1;0;0;0;1;0;5;0
Mis;No implicit void functions;0;1;1;0;0;1;0;0;0;1;0;0;1;0;0;1;0;0;0;0;0;5;0
Mis;Operators cannot be chained;0;1;1;0;0;1;0;0;0;1;0;0;1;0;0;1;0;0;0;1;0;5;0
Mis;Functions must return;0;1;1;0;0;1;0;0;0;1;0;0;1;0;0;1;0;0;0;0;0;5;0
Mis;No `not` on objects;0;1;1;0;0;1;0;0;0;1;0;0;1;0;0;1;0;0;0;0;0;5;0
Mis;Ternary Boolean return;0;1;1;0;0;1;0;0;0;1;0;0;1;0;0;1;0;0;0;0;0;5;0
Mis;`if` loop;0;1;1;0;0;1;0;0;0;1;0;0;1;0;0;1;0;0;0;1;0;5;0
Mis;`range()` includes the final value;0;1;1;0;0;1;0;0;0;1;0;0;1;0;0;1;0;0;0;0;0;5;0
Mis;Methods can have no arguments;0;1;1;0;0;1;0;0;0;1;0;0;1;0;0;1;0;0;0;0;0;5;0
Mis;No string constructor method chain;0;1;1;0;0;1;0;0;0;1;0;0;1;0;0;1;0;0;0;0;0;5;0
Mis;`return` continues;0;1;1;0;0;1;0;0;0;1;0;0;1;0;0;1;0;0;0;0;0;5;0
Mis;String equality not `==`;0;1;1;0;0;1;0;0;0;1;0;0;1;0;0;1;0;0;0;0;0;5;0
Mis;String repetition adds space;0;1;1;0;0;1;0;0;0;1;0;0;1;0;0;1;0;0;0;0;0;5;0
Mis;Automatic Integer Conversion;0;1;1;0;0;1;0;0;0;1;0;0;1;0;0;1;0;0;0;1;0;5;0
Mis;Slices include last value;0;1;1;0;0;1;0;0;0;1;0;0;1;0;0;1;0;0;0;0;0;5;0
Mis;Integers limit;0;1;1;0;0;1;0;0;0;1;0;0;1;0;0;1;0;0;0;1;0;5;0
Mis;Confused string assignment;0;1;1;0;0;1;0;0;0;1;0;0;1;0;0;1;0;0;0;0;0;5;0
Mis;Lowercase Booleans;0;1;1;0;0;1;0;0;0;1;0;0;1;0;0;1;0;0;0;0;0;5;0
Mis;`pass` is `continue`;0;1;1;0;0;1;0;0;0;1;0;0;1;0;0;1;0;0;0;1;0;5;0
Mis;`print()` returns;0;1;1;0;0;1;0;0;0;1;0;0;1;0;0;1;0;0;0;1;0;5;0
Mis;`print()` only accepts one input;0;1;1;0;0;1;0;0;0;1;0;0;1;0;0;1;0;0;0;0;0;5;0
Mis;Secondary memory data loss;0;1;1;0;0;1;0;0;0;1;0;0;1;0;0;1;0;0;0;1;0;5;0
Mis;Transitive Assignment;0;1;1;0;0;1;0;0;0;1;0;0;1;0;0;1;0;0;0;1;0;5;0
Mis;No literal return;0;1;1;0;0;1;0;0;0;1;0;0;1;0;0;1;0;0;0;0;0;5;0
Mis;`input()` return value;0;1;1;0;0;1;0;0;0;1;0;0;1;0;0;1;0;0;0;1;0;5;0
Mis;Floating point `range()`;0;1;1;0;0;1;0;0;0;1;0;0;1;0;0;1;0;0;0;0;0;5;0
Mis;No `or` on objects;0;1;1;0;0;1;0;0;0;1;0;0;1;0;0;1;0;0;0;0;0;5;0
Mis;`print()` always has a newline;0;1;1;0;0;1;0;0;0;1;0;0;1;0;0;1;0;0;0;0;0;5;0
Mis;`print()` only string;0;1;1;0;0;1;0;0;0;1;0;0;1;0;0;1;0;0;0;0;0;5;0
Mis;`/` is integer division;0;1;1;0;0;1;0;0;0;1;0;0;1;0;0;1;0;0;0;1;0;5;0
Mis;`input()` requires function input;0;1;1;0;0;1;0;0;0;1;0;0;1;0;0;1;0;0;0;0;0;5;0
Mis;No method chain;0;1;1;0;0;1;0;0;0;1;0;0;1;0;0;1;0;0;0;0;0;5;0
Mis;`int()` rounds up floats;0;1;1;0;0;1;0;0;0;1;0;0;1;0;0;1;0;0;0;1;0;5;0
Mis;Multi-line strings with `" "`;0;1;1;0;0;1;0;0;0;1;0;0;1;0;0;1;0;0;0;1;0;5;0
Mis;List concat vector addition;0;1;1;0;0;1;0;0;0;1;0;0;1;0;0;1;0;0;0;1;0;5;0
Mis;`/` works on strings;0;1;1;0;0;1;0;0;0;1;0;0;1;0;0;1;0;0;0;1;0;5;0
Mis;Strings are mutable;0;1;1;0;0;1;0;0;0;1;0;0;1;0;0;1;0;0;0;0;0;5;0
Mis;No loop termination;0;1;1;0;0;1;0;0;0;1;0;0;1;0;0;1;0;0;0;1;0;5;0
Mis;Conditional Boolean return;0;1;1;0;0;1;0;0;0;1;0;0;1;0;0;1;0;0;0;0;0;5;0
Mis;Slices require indices;0;1;1;0;0;1;0;0;0;1;0;0;1;0;0;1;0;0;0;1;0;5;0
Mis;Parenthesized return;0;1;1;0;0;1;0;0;0;1;0;0;1;0;0;1;0;0;0;0;0;5;0
Mis;`%` is division;0;1;1;0;0;1;0;0;0;1;0;0;1;0;0;1;0;0;0;0;0;5;0
Mis;Iterable repetition repeated constant multiplication;0;1;1;0;0;1;0;0;0;1;0;0;1;0;0;1;0;0;0;1;0;5;0
Mis;`//` divides;0;1;1;0;0;1;0;0;0;1;0;0;1;0;0;1;0;0;0;0;0;5;0
Mis;Cannot mix index sign in slice;0;1;1;0;0;1;0;0;0;1;0;0;1;0;0;1;0;0;0;0;0;5;0
Mis;`//` is modulus;0;1;1;0;0;1;0;0;0;1;0;0;1;0;0;1;0;0;0;0;0;5;0
Mis;Slice removes;0;1;1;0;0;1;0;0;0;1;0;0;1;0;0;1;0;0;0;0;0;5;0
Mis;No nesting loops;0;1;1;0;0;1;0;0;0;1;0;0;1;0;0;1;0;0;0;0;0;5;0
Mis;Literals don't have a data type;0;1;1;0;0;1;0;0;0;1;0;0;1;0;0;1;0;0;0;1;0;5;0
Mis;`%` is integer division;0;1;1;0;0;1;0;0;0;1;0;0;1;0;0;1;0;0;0;0;0;5;0
Mis;No formatted string;0;1;1;0;0;1;0;0;0;1;0;0;1;0;0;1;0;0;0;1;0;5;0
Mis;`for` stops before last element;0;1;1;0;0;1;0;0;0;1;0;0;1;0;0;1;0;0;0;1;0;5;0
Mis;`int()` rounds floats;0;1;1;0;0;1;0;0;0;1;0;0;1;0;0;1;0;0;0;0;0;5;0
Mis;Implied repetition over logical operator;0;1;1;0;0;1;0;0;0;1;0;0;1;0;0;1;0;0;0;0;0;5;0
Mis;`for` only with `range()`;0;1;1;0;0;1;0;0;0;1;0;0;1;0;0;1;0;0;0;0;0;5;0
Mis;`while` tests after loop;0;1;1;0;0;1;0;0;0;1;0;0;1;0;0;1;0;0;0;1;0;5;0
Mis;Multi-value return;0;1;1;0;0;1;0;0;0;1;0;0;1;0;0;1;0;0;0;0;0;5;0
Mis;Strings are not objects;0;1;1;0;0;1;0;0;0;1;0;0;1;0;0;1;0;0;0;1;0;5;0
Sphere;Strings;0;1;1;0;0;1;0;0;0;1;0;0;1;0;0;1;0;0;0;1;0;5;1;0.8
Sphere;`int()` function;0;1;1;0;0;1;0;0;0;1;0;0;1;0;0;1;0;0;0;1;0;5;1;0.8
Sphere;Order of Operations;0;1;1;0;0;1;0;0;0;1;0;0;1;0;0;1;0;0;0;1;0;5;1;0.8857142857142859
Sphere;`float()` function;0;1;1;0;0;1;0;0;0;1;0;0;1;0;0;1;0;0;0;1;0;5;1;0.8
Sphere;Operator Chaining;0;1;1;0;0;1;0;0;0;1;0;0;1;0;0;1;0;0;0;1;0;5;1;0.8857142857142859
Sphere;Floats;0;1;1;0;0;1;0;0;0;1;0;0;1;0;0;1;0;0;0;1;0;5;1;0.8857142857142859
Sphere;Assignment;0;1;1;0;0;1;0;0;0;1;0;0;1;0;0;1;0;0;0;1;0;5;1;0.8857142857142859
Sphere;Variables;0;1;1;0;0;1;0;0;0;1;0;0;1;0;0;1;0;0;0;1;0;5;1;0.95
Sphere;Integers;0;1;1;0;0;1;0;0;0;1;0;0;1;0;0;1;0;0;0;1;0;5;1;0.8857142857142859
Sphere;`=` operator;0;1;1;0;0;1;0;0;0;1;0;0;1;0;0;1;0;0;0;1;0;5;1;0.95
Sphere;`str()` function;0;1;1;0;0;1;0;0;0;1;0;0;1;0;0;1;0;0;0;1;0;5;0;0.2
Sphere;`+=` float operator;0;1;1;0;0;1;0;0;0;1;0;0;1;0;0;1;0;0;0;0;0;5;0;0.2
Sphere;Built-in Functions;0;1;1;0;0;1;0;0;0;1;0;0;1;0;0;1;0;0;0;0;0;5;0;1e-08
Sphere;`+=` integer operator;0;1;1;0;0;1;0;0;0;1;0;0;1;0;0;1;0;0;0;0;0;5;0;0.2
Sphere;Secondary Memory;0;1;1;0;0;1;0;0;0;1;0;0;1;0;0;1;0;0;0;0;0;5;1;0.8
Sphere;`*=` float operator;0;1;1;0;0;1;0;0;0;1;0;0;1;0;0;1;0;0;0;0;0;5;0;0.2
Sphere;Conditionals;0;1;1;0;0;1;0;0;0;1;0;0;1;0;0;1;0;0;0;0;0;5;0;1e-08
Sphere;Addition;0;1;1;0;0;1;0;0;0;1;0;0;1;0;0;1;0;0;0;0;0;5;0;1e-08
Sphere;Compilers;0;1;1;0;0;1;0;0;0;1;0;0;1;0;0;1;0;0;0;0;0;5;1;0.8
Sphere;`range()` function;0;1;1;0;0;1;0;0;0;1;0;0;1;0;0;1;0;0;0;0;0;5;0;1e-08
Sphere;`%=` integer operator;0;1;1;0;0;1;0;0;0;1;0;0;1;0;0;1;0;0;0;1;0;5;0;0.2
Sphere;Interpreters;0;1;1;0;0;1;0;0;0;1;0;0;1;0;0;1;0;0;0;0;0;5;1;0.8
Sphere;Booleans;0;1;1;0;0;1;0;0;0;1;0;0;1;0;0;1;0;0;0;0;0;5;0;0.2
Sphere;`%` float operator;0;1;1;0;0;1;0;0;0;1;0;0;1;0;0;1;0;0;0;1;0;5;0;0.2
Sphere;`elif` keyword;0;1;1;0;0;1;0;0;0;1;0;0;1;0;0;1;0;0;0;0;0;5;0;1e-08
Sphere;`<=` float operator;0;1;1;0;0;1;0;0;0;1;0;0;1;0;0;1;0;0;0;0;0;5;0;0.2
Sphere;`<` float operator;0;1;1;0;0;1;0;0;0;1;0;0;1;0;0;1;0;0;0;0;0;5;0;0.2
Sphere;`continue` keyword;0;1;1;0;0;1;0;0;0;1;0;0;1;0;0;1;0;0;0;0;0;5;0;1e-08
Sphere;`+` string operator;0;1;1;0;0;1;0;0;0;1;0;0;1;0;0;1;0;0;0;0;0;5;0;1e-08
Sphere;`lower()` method;0;1;1;0;0;1;0;0;0;1;0;0;1;0;0;1;0;0;0;0;0;5;0;1e-08
Sphere;`else` keyword;0;1;1;0;0;1;0;0;0;1;0;0;1;0;0;1;0;0;0;0;0;5;0;1e-08
Sphere;`-=` integer operator;0;1;1;0;0;1;0;0;0;1;0;0;1;0;0;1;0;0;0;0;0;5;0;0.2
Sphere;`or` operator;0;1;1;0;0;1;0;0;0;1;0;0;1;0;0;1;0;0;0;0;0;5;0;0.2
Sphere;`!=` float operator;0;1;1;0;0;1;0;0;0;1;0;0;1;0;0;1;0;0;0;0;0;5;0;0.2
Sphere;`<` string operator;0;1;1;0;0;1;0;0;0;1;0;0;1;0;0;1;0;0;0;0;0;5;0;1e-08
Sphere;`<` integer operator;0;1;1;0;0;1;0;0;0;1;0;0;1;0;0;1;0;0;0;0;0;5;0;0.2
Sphere;Floating point equality;0;1;1;0;0;1;0;0;0;1;0;0;1;0;0;1;0;0;0;0;0;5;0;0.2
Sphere;Comparison;0;1;1;0;0;1;0;0;0;1;0;0;1;0;0;1;0;0;0;0;0;5;0;1e-08
Sphere;`type()` function;0;1;1;0;0;1;0;0;0;1;0;0;1;0;0;1;0;0;0;1;0;5;0;0.2
Sphere;Functions;0;1;1;0;0;1;0;0;0;1;0;0;1;0;0;1;0;0;0;1;0;5;0;0.2
Sphere;Contracted `if`;0;1;1;0;0;1;0;0;0;1;0;0;1;0;0;1;0;0;0;0;0;5;0;1e-08
Sphere;Automatic Conversion;0;1;1;0;0;1;0;0;0;1;0;0;1;0;0;1;0;0;0;0;0;5;0;0.2
Sphere;`+` float operator;0;1;1;0;0;1;0;0;0;1;0;0;1;0;0;1;0;0;0;0;0;5;1;0.8
Sphere;`>=` integer operator;0;1;1;0;0;1;0;0;0;1;0;0;1;0;0;1;0;0;0;0;0;5;0;0.2
Sphere;`break` keyword;0;1;1;0;0;1;0;0;0;1;0;0;1;0;0;1;0;0;0;0;0;5;0;1e-08
Sphere;CPU functionality;0;1;1;0;0;1;0;0;0;1;0;0;1;0;0;1;0;0;0;0;0;5;1;0.8
Sphere;Self Assignment;0;1;1;0;0;1;0;0;0;1;0;0;1;0;0;1;0;0;0;0;0;5;1;0.9200000000000002
Sphere;`*=` integer operator;0;1;1;0;0;1;0;0;0;1;0;0;1;0;0;1;0;0;0;0;0;5;0;0.2
Sphere;`//` float operator;0;1;1;0;0;1;0;0;0;1;0;0;1;0;0;1;0;0;0;1;0;5;0;0.2
Sphere;`' '` constructor;0;1;1;0;0;1;0;0;0;1;0;0;1;0;0;1;0;0;0;1;0;5;0;0.2
Sphere;`""" """` constructor;0;1;1;0;0;1;0;0;0;1;0;0;1;0;0;1;0;0;0;0;0;5;0;1e-08
Sphere;`join()` method;0;1;1;0;0;1;0;0;0;1;0;0;1;0;0;1;0;0;0;0;0;5;0;1e-08
Sphere;`/` integer operator;0;1;1;0;0;1;0;0;0;1;0;0;1;0;0;1;0;0;0;0;0;5;1;0.8857142857142859
Sphere;Repetition;0;1;1;0;0;1;0;0;0;1;0;0;1;0;0;1;0;0;0;0;0;5;0;1e-08
Sphere;`//=` float operator;0;1;1;0;0;1;0;0;0;1;0;0;1;0;0;1;0;0;0;1;0;5;0;0.2
Sphere;Control Flow;0;1;1;0;0;1;0;0;0;1;0;0;1;0;0;1;0;0;0;0;0;5;0;1e-08
Sphere;Loops;0;1;1;0;0;1;0;0;0;1;0;0;1;0;0;1;0;0;0;0;0;5;0;1e-08
Sphere;`%=` float operator;0;1;1;0;0;1;0;0;0;1;0;0;1;0;0;1;0;0;0;1;0;5;0;0.2
Sphere;Concatenation;0;1;1;0;0;1;0;0;0;1;0;0;1;0;0;1;0;0;0;0;0;5;0;1e-08
Sphere;`*` string operator;0;1;1;0;0;1;0;0;0;1;0;0;1;0;0;1;0;0;0;0;0;5;0;1e-08
Sphere;`-=` float operator;0;1;1;0;0;1;0;0;0;1;0;0;1;0;0;1;0;0;0;0;0;5;0;0.2
Sphere;`//` integer operator;0;1;1;0;0;1;0;0;0;1;0;0;1;0;0;1;0;0;0;1;0;5;0;0.2
Sphere;`*` float operator;0;1;1;0;0;1;0;0;0;1;0;0;1;0;0;1;0;0;0;0;0;5;1;0.8
Sphere;Atomic Data Types;0;1;1;0;0;1;0;0;0;1;0;0;1;0;0;1;0;0;0;0;0;5;0;1e-08
Sphere;Subtraction;0;1;1;0;0;1;0;0;0;1;0;0;1;0;0;1;0;0;0;0;0;5;0;1e-08
Sphere;Type Casting;0;1;1;0;0;1;0;0;0;1;0;0;1;0;0;1;0;0;0;0;0;5;0;1e-08
Sphere;`not` operator;0;1;1;0;0;1;0;0;0;1;0;0;1;0;0;1;0;0;0;0;0;5;0;0.2
Sphere;String Slicing;0;1;1;0;0;1;0;0;0;1;0;0;1;0;0;1;0;0;0;0;0;5;0;1e-08
Sphere;`and` operator;0;1;1;0;0;1;0;0;0;1;0;0;1;0;0;1;0;0;0;0;0;5;0;0.2
Sphere;`/=` integer operator;0;1;1;0;0;1;0;0;0;1;0;0;1;0;0;1;0;0;0;0;0;5;0;0.2
Sphere;Multiplication;0;1;1;0;0;1;0;0;0;1;0;0;1;0;0;1;0;0;0;0;0;5;0;1e-08
Sphere;`*` integer operator;0;1;1;0;0;1;0;0;0;1;0;0;1;0;0;1;0;0;0;0;0;5;1;0.8
Sphere;`input()` function;0;1;1;0;0;1;0;0;0;1;0;0;1;0;0;1;0;0;0;0;0;5;1;0.8857142857142859
Sphere;`return` keyword;0;1;1;0;0;1;0;0;0;1;0;0;1;0;0;1;0;0;0;0;0;5;0;1e-08
Sphere;Indexing;0;1;1;0;0;1;0;0;0;1;0;0;1;0;0;1;0;0;0;0;0;5;0;1e-08
Sphere;Ordered Data Structures;0;1;1;0;0;1;0;0;0;1;0;0;1;0;0;1;0;0;0;0;0;5;0;1e-08
Sphere;`+` integer operator;0;1;1;0;0;1;0;0;0;1;0;0;1;0;0;1;0;0;0;0;0;5;1;0.8857142857142859
Sphere;Formatted Strings;0;1;1;0;0;1;0;0;0;1;0;0;1;0;0;1;0;0;0;0;0;5;0;1e-08
Sphere;Division;0;1;1;0;0;1;0;0;0;1;0;0;1;0;0;1;0;0;0;0;0;5;0;1e-08
Sphere;`if` keyword;0;1;1;0;0;1;0;0;0;1;0;0;1;0;0;1;0;0;0;0;0;5;0;1e-08
Sphere;Equality;0;1;1;0;0;1;0;0;0;1;0;0;1;0;0;1;0;0;0;0;0;5;0;1e-08
Sphere;`==` integer operator;0;1;1;0;0;1;0;0;0;1;0;0;1;0;0;1;0;0;0;0;0;5;0;0.2
Sphere;`-` integer operator;0;1;1;0;0;1;0;0;0;1;0;0;1;0;0;1;0;0;0;0;0;5;1;0.8
Sphere;`!=` string operator;0;1;1;0;0;1;0;0;0;1;0;0;1;0;0;1;0;0;0;0;0;5;0;1e-08
Sphere;String Indexing;0;1;1;0;0;1;0;0;0;1;0;0;1;0;0;1;0;0;0;0;0;5;0;1e-08
Sphere;Comments;0;1;1;0;0;1;0;0;0;1;0;0;1;0;0;1;0;0;0;0;0;5;1;0.8857142857142859
Sphere;`/` float operator;0;1;1;0;0;1;0;0;0;1;0;0;1;0;0;1;0;0;0;0;0;5;1;0.8
Sphere;`upper()` method;0;1;1;0;0;1;0;0;0;1;0;0;1;0;0;1;0;0;0;0;0;5;0;1e-08
Sphere;`try` keyword;0;1;1;0;0;1;0;0;0;1;0;0;1;0;0;1;0;0;0;0;0;5;0;1e-08
Sphere;`>` float operator;0;1;1;0;0;1;0;0;0;1;0;0;1;0;0;1;0;0;0;0;0;5;0;0.2
Sphere;`==` string operator;0;1;1;0;0;1;0;0;0;1;0;0;1;0;0;1;0;0;0;0;0;5;0;1e-08
Sphere;`for` loops;0;1;1;0;0;1;0;0;0;1;0;0;1;0;0;1;0;0;0;0;0;5;0;1e-08
Sphere;`" "` constructor;0;1;1;0;0;1;0;0;0;1;0;0;1;0;0;1;0;0;0;1;0;5;0;0.2
Sphere;`replace()` method;0;1;1;0;0;1;0;0;0;1;0;0;1;0;0;1;0;0;0;0;0;5;0;1e-08
Sphere;Integer Division;0;1;1;0;0;1;0;0;0;1;0;0;1;0;0;1;0;0;0;0;0;5;0;1e-08
Sphere;`%` integer operator;0;1;1;0;0;1;0;0;0;1;0;0;1;0;0;1;0;0;0;1;0;5;0;0.2
Sphere;`print()` function;0;1;1;0;0;1;0;0;0;1;0;0;1;0;0;1;0;0;0;0;0;5;1;0.9200000000000002
Sphere;`len()` string function;0;1;1;0;0;1;0;0;0;1;0;0;1;0;0;1;0;0;0;0;0;5;0;1e-08
Sphere;`<=` integer operator;0;1;1;0;0;1;0;0;0;1;0;0;1;0;0;1;0;0;0;0;0;5;0;0.2
Sphere;RAM functionality;0;1;1;0;0;1;0;0;0;1;0;0;1;0;0;1;0;0;0;0;0;5;1;0.8
Sphere;`>` string operator;0;1;1;0;0;1;0;0;0;1;0;0;1;0;0;1;0;0;0;0;0;5;0;1e-08
Sphere;`/=` float operator;0;1;1;0;0;1;0;0;0;1;0;0;1;0;0;1;0;0;0;0;0;5;0;0.2
Sphere;`-` float operator;0;1;1;0;0;1;0;0;0;1;0;0;1;0;0;1;0;0;0;0;0;5;1;0.8
Sphere;Slicing;0;1;1;0;0;1;0;0;0;1;0;0;1;0;0;1;0;0;0;0;0;5;0;1e-08
Sphere;Modulus;0;1;1;0;0;1;0;0;0;1;0;0;1;0;0;1;0;0;0;0;0;5;0;1e-08
Sphere;`!=` integer operator;0;1;1;0;0;1;0;0;0;1;0;0;1;0;0;1;0;0;0;0;0;5;0;0.2
Sphere;`>` integer operator;0;1;1;0;0;1;0;0;0;1;0;0;1;0;0;1;0;0;0;0;0;5;0;0.2
Sphere;`while` loops;0;1;1;0;0;1;0;0;0;1;0;0;1;0;0;1;0;0;0;0;0;5;0;1e-08
Sphere;Methods;0;1;1;0;0;1;0;0;0;1;0;0;1;0;0;1;0;0;0;0;0;5;0;1e-08
Sphere;`>=` float operator;0;1;1;0;0;1;0;0;0;1;0;0;1;0;0;1;0;0;0;0;0;5;0;0.2
Sphere;Machine Code;0;1;1;0;0;1;0;0;0;1;0;0;1;0;0;1;0;0;0;0;0;5;1;0.8
Sphere;Program Definition;0;1;1;0;0;1;0;0;0;1;0;0;1;0;0;1;0;0;0;0;0;5;1;0.8
Sphere;`//=` integer operator;0;1;1;0;0;1;0;0;0;1;0;0;1;0;0;1;0;0;0;1;0;5;0;0.2
Sphere;`def` constructor;0;1;1;0;0;1;0;0;0;1;0;0;1;0;0;1;0;0;0;1;0;5;0;0.2
Sphere;`capitalize()` method;0;1;1;0;0;1;0;0;0;1;0;0;1;0;0;1;0;0;0;0;0;5;0;1e-08
==::==::==
Question;81;0
Question;20;0
Question;5;0
Question;18;0
Question;8;0
Question;53;0
Question;84;0
Question;11;0
Question;83;0
Question;9;0
Question;93;0
Question;15;0
Question;82;0
Question;85;0
Question;91;0
Question;19;0
Question;79;0
Question;48;0
Question;17;0
Question;12;0
Question;90;0
Question;14;0
Question;13;0
Question;7;0
Answer;58;0
Answer;305;0
Answer;315;0
Answer;50;0
Answer;21;0
Answer;27;0
Answer;209;0
Answer;217;0
Answer;210;0
Answer;56;0
Answer;218;0
Answer;213;0
Answer;316;0
Answer;304;0
Answer;223;0
Answer;314;0
Answer;130;0
Answer;61;0
Answer;36;0
Answer;220;0
Answer;216;0
Answer;208;0
Answer;211;0
Answer;225;0
Answer;33;0
Answer;49;0
Answer;141;0
Answer;224;0
Answer;206;0
Answer;19;0
Answer;37;0
Answer;303;0
Answer;222;0
Answer;42;0
Answer;47;0
Answer;57;0
Answer;214;0
Answer;29;0
Answer;215;0
Answer;53;0
Answer;219;0
Answer;277;0
Answer;44;0
Answer;32;0
Answer;28;0
Answer;221;0
Answer;43;0
Answer;48;0
Answer;46;0
Answer;201;0
Answer;131;0
Answer;308;0
Answer;307;0
Answer;200;0
Answer;51;0
Answer;35;0
Answer;54;0
Answer;60;0
Answer;64;0
Answer;30;0
Answer;198;0
Answer;20;0
Answer;18;0
Answer;31;0
Answer;63;0
Answer;199;0
Answer;45;0
Answer;313;0
Answer;207;0
Answer;212;0
Answer;62;0
Answer;306;0
Answer;34;0
Answer;55;0
Answer;26;0
Answer;52;0
Answer;276;0
Answer;-1;0
Mis;`<` is `not >`;0;1;1;0;0;1;0;0;0;1;0;0;1;0;0;1;0;0;0;1;0;6;1
Mis;Backwards chaining;0;1;1;0;0;1;0;0;0;1;0;0;1;0;0;1;0;0;0;0;0;6;0
Mis;`print()` needs input;0;1;1;0;0;1;0;0;0;1;0;0;1;0;0;1;0;0;0;0;0;6;0
Mis;Blank last slice non-inclusive;0;1;1;0;0;1;0;0;0;1;0;0;1;0;0;1;0;0;0;0;0;6;0
Mis;Return frame bypass;0;1;1;0;0;1;0;0;0;1;0;0;1;0;0;1;0;0;0;0;0;6;0
Mis;Functions must have input;0;1;1;0;0;1;0;0;0;1;0;0;1;0;0;1;0;0;0;0;0;6;0
Mis;No Boolean literals;0;1;1;0;0;1;0;0;0;1;0;0;1;0;0;1;0;0;0;1;0;6;0
Mis;String equality isn't case sensitive;0;1;1;0;0;1;0;0;0;1;0;0;1;0;0;1;0;0;0;1;0;6;0
Mis;Single letter variables;0;1;1;0;0;1;0;0;0;1;0;0;1;0;0;1;0;0;0;0;0;6;0
Mis;`return` on `def` indentation level;0;1;1;0;0;1;0;0;0;1;0;0;1;0;0;1;0;0;0;1;0;6;0
Mis;Iterable repetition interleaves;0;1;1;0;0;1;0;0;0;1;0;0;1;0;0;1;0;0;0;0;0;6;0
Mis;Sequenced conditionals;0;1;1;0;0;1;0;0;0;1;0;0;1;0;0;1;0;0;0;1;0;6;0
Mis;`input()` includes newline;0;1;1;0;0;1;0;0;0;1;0;0;1;0;0;1;0;0;0;0;0;6;0
Mis;Concat with single element;0;1;1;0;0;1;0;0;0;1;0;0;1;0;0;1;0;0;0;0;0;6;0
Mis;Extending strings adds space;0;1;1;0;0;1;0;0;0;1;0;0;1;0;0;1;0;0;0;1;0;6;0
Mis;Variables cannot be assigned twice;0;1;1;0;0;1;0;0;0;1;0;0;1;0;0;1;0;0;0;1;0;6;0
Mis;No `and` on objects;0;1;1;0;0;1;0;0;0;1;0;0;1;0;0;1;0;0;0;0;0;6;0
Mis;`range()` only has one input;0;1;1;0;0;1;0;0;0;1;0;0;1;0;0;1;0;0;0;0;0;6;0
Mis;Linear Order of Operations;0;1;1;0;0;1;0;0;0;1;0;0;1;0;0;1;0;0;0;1;0;6;0
Mis;`%` percentage operator;0;1;1;0;0;1;0;0;0;1;0;0;1;0;0;1;0;0;0;0;0;6;0
Mis;`self` has no value;0;1;1;0;0;1;0;0;0;1;0;0;1;0;0;1;0;0;0;1;0;6;0
Mis;Characters are strings;0;1;1;0;0;1;0;0;0;1;0;0;1;0;0;1;0;0;0;0;0;6;0
Mis;Keyword functions;0;1;1;0;0;1;0;0;0;1;0;0;1;0;0;1;0;0;0;0;0;6;0
Mis;Floating point equality okay;0;1;1;0;0;1;0;0;0;1;0;0;1;0;0;1;0;0;0;1;0;6;0
Mis;Lazy assignment;0;1;1;0;0;1;0;0;0;1;0;0;1;0;0;1;0;0;0;0;0;6;0
Mis;Index -1 is start of list;0;1;1;0;0;1;0;0;0;1;0;0;1;0;0;1;0;0;0;1;0;6;0
Mis;No variable functions;0;1;1;0;0;1;0;0;0;1;0;0;1;0;0;1;0;0;0;1;0;6;0
Mis;Multi-line strings with `' '`;0;1;1;0;0;1;0;0;0;1;0;0;1;0;0;1;0;0;0;1;0;6;0
Mis;No variable methods;0;1;1;0;0;1;0;0;0;1;0;0;1;0;0;1;0;0;0;0;0;6;0
Mis;Iterable repeition multiplies by constant;0;1;1;0;0;1;0;0;0;1;0;0;1;0;0;1;0;0;0;0;0;6;0
Mis;String methods mutate;0;1;1;0;0;1;0;0;0;1;0;0;1;0;0;1;0;0;0;0;0;6;0
Mis;No short circuit;0;1;1;0;0;1;0;0;0;1;0;0;1;0;0;1;0;0;0;1;0;6;0
Mis;Slice exclusive of first index;0;1;1;0;0;1;0;0;0;1;0;0;1;0;0;1;0;0;0;0;0;6;0
Mis;`print()` non-terminating return;0;1;1;0;0;1;0;0;0;1;0;0;1;0;0;1;0;0;0;0;0;6;0
Mis;No floating point limit;0;1;1;0;0;1;0;0;0;1;0;0;1;0;0;1;0;0;0;1;0;6;0
Mis;`>` is `not <`;0;1;1;0;0;1;0;0;0;1;0;0;1;0;0;1;0;0;0;1;0;6;1
Mis;`try` without `except`;0;1;1;0;0;1;0;0;0;1;0;0;1;0;0;1;0;0;0;1;0;6;0
Mis;Inline Function Definition;0;1;1;0;0;1;0;0;0;1;0;0;1;0;0;1;0;0;0;1;0;6;0
Mis;`print()` no newline;0;1;1;0;0;1;0;0;0;1;0;0;1;0;0;1;0;0;0;0;0;6;0
Mis;`range()` starts at 1;0;1;1;0;0;1;0;0;0;1;0;0;1;0;0;1;0;0;0;1;0;6;0
Mis;Blank slice is empty;0;1;1;0;0;1;0;0;0;1;0;0;1;0;0;1;0;0;0;0;0;6;0
Mis;`-` works on strings;0;1;1;0;0;1;0;0;0;1;0;0;1;0;0;1;0;0;0;1;0;6;0
Mis;No constructor method chain;0;1;1;0;0;1;0;0;0;1;0;0;1;0;0;1;0;0;0;0;0;6;0
Mis;`#` is an operator;0;1;1;0;0;1;0;0;0;1;0;0;1;0;0;1;0;0;0;1;0;6;0
Mis;No escape sequences;0;1;1;0;0;1;0;0;0;1;0;0;1;0;0;1;0;0;0;0;0;6;0
Mis;Methods must have input;0;1;1;0;0;1;0;0;0;1;0;0;1;0;0;1;0;0;0;0;0;6;0
Mis;Assignment duplicates;0;1;1;0;0;1;0;0;0;1;0;0;1;0;0;1;0;0;0;0;0;6;0
Mis;`=` comparison;0;1;1;0;0;1;0;0;0;1;0;0;1;0;0;1;0;0;0;1;0;6;0
Mis;No tuple return;0;1;1;0;0;1;0;0;0;1;0;0;1;0;0;1;0;0;0;0;0;6;0
Mis;`for` is `while`;0;1;1;0;0;1;0;0;0;1;0;0;1;0;0;1;0;0;0;0;0;6;0
Mis;Curly brackets stay;0;1;1;0;0;1;0;0;0;1;0;0;1;0;0;1;0;0;0;0;0;6;0
Mis;`/` is modulus;0;1;1;0;0;1;0;0;0;1;0;0;1;0;0;1;0;0;0;1;0;6;0
Mis;No implicit void functions;0;1;1;0;0;1;0;0;0;1;0;0;1;0;0;1;0;0;0;0;0;6;0
Mis;Operators cannot be chained;0;1;1;0;0;1;0;0;0;1;0;0;1;0;0;1;0;0;0;1;0;6;0
Mis;Functions must return;0;1;1;0;0;1;0;0;0;1;0;0;1;0;0;1;0;0;0;0;0;6;0
Mis;No `not` on objects;0;1;1;0;0;1;0;0;0;1;0;0;1;0;0;1;0;0;0;0;0;6;0
Mis;Ternary Boolean return;0;1;1;0;0;1;0;0;0;1;0;0;1;0;0;1;0;0;0;0;0;6;0
Mis;`if` loop;0;1;1;0;0;1;0;0;0;1;0;0;1;0;0;1;0;0;0;1;0;6;0
Mis;`range()` includes the final value;0;1;1;0;0;1;0;0;0;1;0;0;1;0;0;1;0;0;0;0;0;6;0
Mis;Methods can have no arguments;0;1;1;0;0;1;0;0;0;1;0;0;1;0;0;1;0;0;0;0;0;6;0
Mis;No string constructor method chain;0;1;1;0;0;1;0;0;0;1;0;0;1;0;0;1;0;0;0;0;0;6;0
Mis;`return` continues;0;1;1;0;0;1;0;0;0;1;0;0;1;0;0;1;0;0;0;0;0;6;0
Mis;String equality not `==`;0;1;1;0;0;1;0;0;0;1;0;0;1;0;0;1;0;0;0;0;0;6;0
Mis;String repetition adds space;0;1;1;0;0;1;0;0;0;1;0;0;1;0;0;1;0;0;0;0;0;6;0
Mis;Automatic Integer Conversion;0;1;1;0;0;1;0;0;0;1;0;0;1;0;0;1;0;0;0;1;0;6;0
Mis;Slices include last value;0;1;1;0;0;1;0;0;0;1;0;0;1;0;0;1;0;0;0;0;0;6;0
Mis;Integers limit;0;1;1;0;0;1;0;0;0;1;0;0;1;0;0;1;0;0;0;1;0;6;0
Mis;Confused string assignment;0;1;1;0;0;1;0;0;0;1;0;0;1;0;0;1;0;0;0;0;0;6;0
Mis;Lowercase Booleans;0;1;1;0;0;1;0;0;0;1;0;0;1;0;0;1;0;0;0;0;0;6;0
Mis;`pass` is `continue`;0;1;1;0;0;1;0;0;0;1;0;0;1;0;0;1;0;0;0;1;0;6;0
Mis;`print()` returns;0;1;1;0;0;1;0;0;0;1;0;0;1;0;0;1;0;0;0;1;0;6;0
Mis;`print()` only accepts one input;0;1;1;0;0;1;0;0;0;1;0;0;1;0;0;1;0;0;0;0;0;6;0
Mis;Secondary memory data loss;0;1;1;0;0;1;0;0;0;1;0;0;1;0;0;1;0;0;0;1;0;6;0
Mis;Transitive Assignment;0;1;1;0;0;1;0;0;0;1;0;0;1;0;0;1;0;0;0;1;0;6;0
Mis;No literal return;0;1;1;0;0;1;0;0;0;1;0;0;1;0;0;1;0;0;0;0;0;6;0
Mis;`input()` return value;0;1;1;0;0;1;0;0;0;1;0;0;1;0;0;1;0;0;0;1;0;6;0
Mis;Floating point `range()`;0;1;1;0;0;1;0;0;0;1;0;0;1;0;0;1;0;0;0;0;0;6;0
Mis;No `or` on objects;0;1;1;0;0;1;0;0;0;1;0;0;1;0;0;1;0;0;0;0;0;6;0
Mis;`print()` always has a newline;0;1;1;0;0;1;0;0;0;1;0;0;1;0;0;1;0;0;0;0;0;6;0
Mis;`print()` only string;0;1;1;0;0;1;0;0;0;1;0;0;1;0;0;1;0;0;0;0;0;6;0
Mis;`/` is integer division;0;1;1;0;0;1;0;0;0;1;0;0;1;0;0;1;0;0;0;1;0;6;0
Mis;`input()` requires function input;0;1;1;0;0;1;0;0;0;1;0;0;1;0;0;1;0;0;0;0;0;6;0
Mis;No method chain;0;1;1;0;0;1;0;0;0;1;0;0;1;0;0;1;0;0;0;0;0;6;0
Mis;`int()` rounds up floats;0;1;1;0;0;1;0;0;0;1;0;0;1;0;0;1;0;0;0;1;0;6;0
Mis;Multi-line strings with `" "`;0;1;1;0;0;1;0;0;0;1;0;0;1;0;0;1;0;0;0;1;0;6;0
Mis;List concat vector addition;0;1;1;0;0;1;0;0;0;1;0;0;1;0;0;1;0;0;0;1;0;6;0
Mis;`/` works on strings;0;1;1;0;0;1;0;0;0;1;0;0;1;0;0;1;0;0;0;1;0;6;0
Mis;Strings are mutable;0;1;1;0;0;1;0;0;0;1;0;0;1;0;0;1;0;0;0;0;0;6;0
Mis;No loop termination;0;1;1;0;0;1;0;0;0;1;0;0;1;0;0;1;0;0;0;1;0;6;0
Mis;Conditional Boolean return;0;1;1;0;0;1;0;0;0;1;0;0;1;0;0;1;0;0;0;0;0;6;0
Mis;Slices require indices;0;1;1;0;0;1;0;0;0;1;0;0;1;0;0;1;0;0;0;1;0;6;0
Mis;Parenthesized return;0;1;1;0;0;1;0;0;0;1;0;0;1;0;0;1;0;0;0;0;0;6;0
Mis;`%` is division;0;1;1;0;0;1;0;0;0;1;0;0;1;0;0;1;0;0;0;0;0;6;0
Mis;Iterable repetition repeated constant multiplication;0;1;1;0;0;1;0;0;0;1;0;0;1;0;0;1;0;0;0;1;0;6;0
Mis;`//` divides;0;1;1;0;0;1;0;0;0;1;0;0;1;0;0;1;0;0;0;0;0;6;0
Mis;Cannot mix index sign in slice;0;1;1;0;0;1;0;0;0;1;0;0;1;0;0;1;0;0;0;0;0;6;0
Mis;`//` is modulus;0;1;1;0;0;1;0;0;0;1;0;0;1;0;0;1;0;0;0;0;0;6;0
Mis;Slice removes;0;1;1;0;0;1;0;0;0;1;0;0;1;0;0;1;0;0;0;0;0;6;0
Mis;No nesting loops;0;1;1;0;0;1;0;0;0;1;0;0;1;0;0;1;0;0;0;0;0;6;0
Mis;Literals don't have a data type;0;1;1;0;0;1;0;0;0;1;0;0;1;0;0;1;0;0;0;1;0;6;0
Mis;`%` is integer division;0;1;1;0;0;1;0;0;0;1;0;0;1;0;0;1;0;0;0;1;0;6;0
Mis;No formatted string;0;1;1;0;0;1;0;0;0;1;0;0;1;0;0;1;0;0;0;1;0;6;0
Mis;`for` stops before last element;0;1;1;0;0;1;0;0;0;1;0;0;1;0;0;1;0;0;0;1;0;6;0
Mis;`int()` rounds floats;0;1;1;0;0;1;0;0;0;1;0;0;1;0;0;1;0;0;0;0;0;6;0
Mis;Implied repetition over logical operator;0;1;1;0;0;1;0;0;0;1;0;0;1;0;0;1;0;0;0;0;0;6;0
Mis;`for` only with `range()`;0;1;1;0;0;1;0;0;0;1;0;0;1;0;0;1;0;0;0;0;0;6;0
Mis;`while` tests after loop;0;1;1;0;0;1;0;0;0;1;0;0;1;0;0;1;0;0;0;1;0;6;0
Mis;Multi-value return;0;1;1;0;0;1;0;0;0;1;0;0;1;0;0;1;0;0;0;0;0;6;0
Mis;Strings are not objects;0;1;1;0;0;1;0;0;0;1;0;0;1;0;0;1;0;0;0;1;0;6;0
Sphere;Operator Chaining;0;1;1;0;0;1;0;0;0;1;0;0;1;0;0;1;0;0;0;1;0;6;1;0.9200000000000002
Sphere;`str()` function;0;1;1;0;0;1;0;0;0;1;0;0;1;0;0;1;0;0;0;1;0;6;1;0.8
Sphere;`//` integer operator;0;1;1;0;0;1;0;0;0;1;0;0;1;0;0;1;0;0;0;1;0;6;1;0.8
Sphere;`type()` function;0;1;1;0;0;1;0;0;0;1;0;0;1;0;0;1;0;0;0;1;0;6;1;0.8
Sphere;`" "` constructor;0;1;1;0;0;1;0;0;0;1;0;0;1;0;0;1;0;0;0;1;0;6;1;0.8
Sphere;`//=` float operator;0;1;1;0;0;1;0;0;0;1;0;0;1;0;0;1;0;0;0;1;0;6;1;0.8
Sphere;`' '` constructor;0;1;1;0;0;1;0;0;0;1;0;0;1;0;0;1;0;0;0;1;0;6;1;0.8
Sphere;Strings;0;1;1;0;0;1;0;0;0;1;0;0;1;0;0;1;0;0;0;1;0;6;1;0.8857142857142859
Sphere;`int()` function;0;1;1;0;0;1;0;0;0;1;0;0;1;0;0;1;0;0;0;1;0;6;1;0.8857142857142859
Sphere;`//=` integer operator;0;1;1;0;0;1;0;0;0;1;0;0;1;0;0;1;0;0;0;1;0;6;1;0.8
Sphere;`//` float operator;0;1;1;0;0;1;0;0;0;1;0;0;1;0;0;1;0;0;0;1;0;6;1;0.8
Sphere;`def` constructor;0;1;1;0;0;1;0;0;0;1;0;0;1;0;0;1;0;0;0;1;0;6;1;0.8
Sphere;Order of Operations;0;1;1;0;0;1;0;0;0;1;0;0;1;0;0;1;0;0;0;1;0;6;1;0.9200000000000002
Sphere;`%=` float operator;0;1;1;0;0;1;0;0;0;1;0;0;1;0;0;1;0;0;0;1;0;6;1;0.8
Sphere;`float()` function;0;1;1;0;0;1;0;0;0;1;0;0;1;0;0;1;0;0;0;1;0;6;1;0.8857142857142859
Sphere;`%` float operator;0;1;1;0;0;1;0;0;0;1;0;0;1;0;0;1;0;0;0;1;0;6;1;0.8
Sphere;`%` integer operator;0;1;1;0;0;1;0;0;0;1;0;0;1;0;0;1;0;0;0;1;0;6;1;0.8
Sphere;Functions;0;1;1;0;0;1;0;0;0;1;0;0;1;0;0;1;0;0;0;1;0;6;1;0.8
Sphere;Floats;0;1;1;0;0;1;0;0;0;1;0;0;1;0;0;1;0;0;0;1;0;6;1;0.9200000000000002
Sphere;Assignment;0;1;1;0;0;1;0;0;0;1;0;0;1;0;0;1;0;0;0;1;0;6;1;0.9200000000000002
Sphere;Variables;0;1;1;0;0;1;0;0;0;1;0;0;1;0;0;1;0;0;0;1;0;6;1;0.9578947368421054
Sphere;Integers;0;1;1;0;0;1;0;0;0;1;0;0;1;0;0;1;0;0;0;1;0;6;1;0.9200000000000002
Sphere;`=` operator;0;1;1;0;0;1;0;0;0;1;0;0;1;0;0;1;0;0;0;1;0;6;1;0.9578947368421054
Sphere;`+=` float operator;0;1;1;0;0;1;0;0;0;1;0;0;1;0;0;1;0;0;0;0;0;6;0;0.2
Sphere;Built-in Functions;0;1;1;0;0;1;0;0;0;1;0;0;1;0;0;1;0;0;0;0;0;6;0;1e-08
Sphere;`+=` integer operator;0;1;1;0;0;1;0;0;0;1;0;0;1;0;0;1;0;0;0;0;0;6;0;0.2
Sphere;Secondary Memory;0;1;1;0;0;1;0;0;0;1;0;0;1;0;0;1;0;0;0;0;0;6;1;0.8
Sphere;`*=` float operator;0;1;1;0;0;1;0;0;0;1;0;0;1;0;0;1;0;0;0;0;0;6;0;0.2
Sphere;Conditionals;0;1;1;0;0;1;0;0;0;1;0;0;1;0;0;1;0;0;0;0;0;6;0;1e-08
Sphere;Addition;0;1;1;0;0;1;0;0;0;1;0;0;1;0;0;1;0;0;0;0;0;6;0;1e-08
Sphere;Compilers;0;1;1;0;0;1;0;0;0;1;0;0;1;0;0;1;0;0;0;0;0;6;1;0.8
Sphere;`range()` function;0;1;1;0;0;1;0;0;0;1;0;0;1;0;0;1;0;0;0;0;0;6;0;1e-08
Sphere;`%=` integer operator;0;1;1;0;0;1;0;0;0;1;0;0;1;0;0;1;0;0;0;0;0;6;0;0.8
Sphere;Interpreters;0;1;1;0;0;1;0;0;0;1;0;0;1;0;0;1;0;0;0;0;0;6;1;0.8
Sphere;Booleans;0;1;1;0;0;1;0;0;0;1;0;0;1;0;0;1;0;0;0;0;0;6;0;0.2
Sphere;`elif` keyword;0;1;1;0;0;1;0;0;0;1;0;0;1;0;0;1;0;0;0;0;0;6;0;1e-08
Sphere;`<=` float operator;0;1;1;0;0;1;0;0;0;1;0;0;1;0;0;1;0;0;0;0;0;6;0;0.2
Sphere;`<` float operator;0;1;1;0;0;1;0;0;0;1;0;0;1;0;0;1;0;0;0;0;0;6;0;0.2
Sphere;`continue` keyword;0;1;1;0;0;1;0;0;0;1;0;0;1;0;0;1;0;0;0;0;0;6;0;1e-08
Sphere;`+` string operator;0;1;1;0;0;1;0;0;0;1;0;0;1;0;0;1;0;0;0;0;0;6;0;1e-08
Sphere;`lower()` method;0;1;1;0;0;1;0;0;0;1;0;0;1;0;0;1;0;0;0;0;0;6;0;1e-08
Sphere;`else` keyword;0;1;1;0;0;1;0;0;0;1;0;0;1;0;0;1;0;0;0;0;0;6;0;1e-08
Sphere;`-=` integer operator;0;1;1;0;0;1;0;0;0;1;0;0;1;0;0;1;0;0;0;0;0;6;0;0.2
Sphere;`or` operator;0;1;1;0;0;1;0;0;0;1;0;0;1;0;0;1;0;0;0;0;0;6;0;0.2
Sphere;`!=` float operator;0;1;1;0;0;1;0;0;0;1;0;0;1;0;0;1;0;0;0;0;0;6;0;0.2
Sphere;`<` string operator;0;1;1;0;0;1;0;0;0;1;0;0;1;0;0;1;0;0;0;0;0;6;0;1e-08
Sphere;`<` integer operator;0;1;1;0;0;1;0;0;0;1;0;0;1;0;0;1;0;0;0;0;0;6;0;0.2
Sphere;Floating point equality;0;1;1;0;0;1;0;0;0;1;0;0;1;0;0;1;0;0;0;0;0;6;0;0.2
Sphere;Comparison;0;1;1;0;0;1;0;0;0;1;0;0;1;0;0;1;0;0;0;0;0;6;0;1e-08
Sphere;Contracted `if`;0;1;1;0;0;1;0;0;0;1;0;0;1;0;0;1;0;0;0;0;0;6;0;1e-08
Sphere;Automatic Conversion;0;1;1;0;0;1;0;0;0;1;0;0;1;0;0;1;0;0;0;0;0;6;0;0.2
Sphere;`+` float operator;0;1;1;0;0;1;0;0;0;1;0;0;1;0;0;1;0;0;0;0;0;6;1;0.8
Sphere;`>=` integer operator;0;1;1;0;0;1;0;0;0;1;0;0;1;0;0;1;0;0;0;0;0;6;0;0.2
Sphere;`break` keyword;0;1;1;0;0;1;0;0;0;1;0;0;1;0;0;1;0;0;0;0;0;6;0;1e-08
Sphere;CPU functionality;0;1;1;0;0;1;0;0;0;1;0;0;1;0;0;1;0;0;0;0;0;6;1;0.8
Sphere;Self Assignment;0;1;1;0;0;1;0;0;0;1;0;0;1;0;0;1;0;0;0;0;0;6;1;0.9200000000000002
Sphere;`*=` integer operator;0;1;1;0;0;1;0;0;0;1;0;0;1;0;0;1;0;0;0;0;0;6;0;0.2
Sphere;`""" """` constructor;0;1;1;0;0;1;0;0;0;1;0;0;1;0;0;1;0;0;0;0;0;6;0;1e-08
Sphere;`join()` method;0;1;1;0;0;1;0;0;0;1;0;0;1;0;0;1;0;0;0;0;0;6;0;1e-08
Sphere;`/` integer operator;0;1;1;0;0;1;0;0;0;1;0;0;1;0;0;1;0;0;0;0;0;6;1;0.8857142857142859
Sphere;Repetition;0;1;1;0;0;1;0;0;0;1;0;0;1;0;0;1;0;0;0;0;0;6;0;1e-08
Sphere;Control Flow;0;1;1;0;0;1;0;0;0;1;0;0;1;0;0;1;0;0;0;0;0;6;0;1e-08
Sphere;Loops;0;1;1;0;0;1;0;0;0;1;0;0;1;0;0;1;0;0;0;0;0;6;0;1e-08
Sphere;Concatenation;0;1;1;0;0;1;0;0;0;1;0;0;1;0;0;1;0;0;0;0;0;6;0;1e-08
Sphere;`*` string operator;0;1;1;0;0;1;0;0;0;1;0;0;1;0;0;1;0;0;0;0;0;6;0;1e-08
Sphere;`-=` float operator;0;1;1;0;0;1;0;0;0;1;0;0;1;0;0;1;0;0;0;0;0;6;0;0.2
Sphere;`*` float operator;0;1;1;0;0;1;0;0;0;1;0;0;1;0;0;1;0;0;0;0;0;6;1;0.8
Sphere;Atomic Data Types;0;1;1;0;0;1;0;0;0;1;0;0;1;0;0;1;0;0;0;0;0;6;0;1e-08
Sphere;Subtraction;0;1;1;0;0;1;0;0;0;1;0;0;1;0;0;1;0;0;0;0;0;6;0;1e-08
Sphere;Type Casting;0;1;1;0;0;1;0;0;0;1;0;0;1;0;0;1;0;0;0;0;0;6;0;1e-08
Sphere;`not` operator;0;1;1;0;0;1;0;0;0;1;0;0;1;0;0;1;0;0;0;0;0;6;0;0.2
Sphere;String Slicing;0;1;1;0;0;1;0;0;0;1;0;0;1;0;0;1;0;0;0;0;0;6;0;1e-08
Sphere;`and` operator;0;1;1;0;0;1;0;0;0;1;0;0;1;0;0;1;0;0;0;0;0;6;0;0.2
Sphere;`/=` integer operator;0;1;1;0;0;1;0;0;0;1;0;0;1;0;0;1;0;0;0;0;0;6;0;0.2
Sphere;Multiplication;0;1;1;0;0;1;0;0;0;1;0;0;1;0;0;1;0;0;0;0;0;6;0;1e-08
Sphere;`*` integer operator;0;1;1;0;0;1;0;0;0;1;0;0;1;0;0;1;0;0;0;0;0;6;1;0.8
Sphere;`input()` function;0;1;1;0;0;1;0;0;0;1;0;0;1;0;0;1;0;0;0;0;0;6;1;0.8857142857142859
Sphere;`return` keyword;0;1;1;0;0;1;0;0;0;1;0;0;1;0;0;1;0;0;0;0;0;6;0;1e-08
Sphere;Indexing;0;1;1;0;0;1;0;0;0;1;0;0;1;0;0;1;0;0;0;0;0;6;0;1e-08
Sphere;Ordered Data Structures;0;1;1;0;0;1;0;0;0;1;0;0;1;0;0;1;0;0;0;0;0;6;0;1e-08
Sphere;`+` integer operator;0;1;1;0;0;1;0;0;0;1;0;0;1;0;0;1;0;0;0;0;0;6;1;0.8857142857142859
Sphere;Formatted Strings;0;1;1;0;0;1;0;0;0;1;0;0;1;0;0;1;0;0;0;0;0;6;0;1e-08
Sphere;Division;0;1;1;0;0;1;0;0;0;1;0;0;1;0;0;1;0;0;0;0;0;6;0;1e-08
Sphere;`if` keyword;0;1;1;0;0;1;0;0;0;1;0;0;1;0;0;1;0;0;0;0;0;6;0;1e-08
Sphere;Equality;0;1;1;0;0;1;0;0;0;1;0;0;1;0;0;1;0;0;0;0;0;6;0;1e-08
Sphere;`==` integer operator;0;1;1;0;0;1;0;0;0;1;0;0;1;0;0;1;0;0;0;0;0;6;0;0.2
Sphere;`-` integer operator;0;1;1;0;0;1;0;0;0;1;0;0;1;0;0;1;0;0;0;0;0;6;1;0.8
Sphere;`!=` string operator;0;1;1;0;0;1;0;0;0;1;0;0;1;0;0;1;0;0;0;0;0;6;0;1e-08
Sphere;String Indexing;0;1;1;0;0;1;0;0;0;1;0;0;1;0;0;1;0;0;0;0;0;6;0;1e-08
Sphere;Comments;0;1;1;0;0;1;0;0;0;1;0;0;1;0;0;1;0;0;0;0;0;6;1;0.8857142857142859
Sphere;`/` float operator;0;1;1;0;0;1;0;0;0;1;0;0;1;0;0;1;0;0;0;0;0;6;1;0.8
Sphere;`upper()` method;0;1;1;0;0;1;0;0;0;1;0;0;1;0;0;1;0;0;0;0;0;6;0;1e-08
Sphere;`try` keyword;0;1;1;0;0;1;0;0;0;1;0;0;1;0;0;1;0;0;0;0;0;6;0;1e-08
Sphere;`>` float operator;0;1;1;0;0;1;0;0;0;1;0;0;1;0;0;1;0;0;0;0;0;6;0;0.2
Sphere;`==` string operator;0;1;1;0;0;1;0;0;0;1;0;0;1;0;0;1;0;0;0;0;0;6;0;1e-08
Sphere;`for` loops;0;1;1;0;0;1;0;0;0;1;0;0;1;0;0;1;0;0;0;0;0;6;0;1e-08
Sphere;`replace()` method;0;1;1;0;0;1;0;0;0;1;0;0;1;0;0;1;0;0;0;0;0;6;0;1e-08
Sphere;Integer Division;0;1;1;0;0;1;0;0;0;1;0;0;1;0;0;1;0;0;0;0;0;6;0;1e-08
Sphere;`print()` function;0;1;1;0;0;1;0;0;0;1;0;0;1;0;0;1;0;0;0;0;0;6;1;0.9200000000000002
Sphere;`len()` string function;0;1;1;0;0;1;0;0;0;1;0;0;1;0;0;1;0;0;0;0;0;6;0;1e-08
Sphere;`<=` integer operator;0;1;1;0;0;1;0;0;0;1;0;0;1;0;0;1;0;0;0;0;0;6;0;0.2
Sphere;RAM functionality;0;1;1;0;0;1;0;0;0;1;0;0;1;0;0;1;0;0;0;0;0;6;1;0.8
Sphere;`>` string operator;0;1;1;0;0;1;0;0;0;1;0;0;1;0;0;1;0;0;0;0;0;6;0;1e-08
Sphere;`/=` float operator;0;1;1;0;0;1;0;0;0;1;0;0;1;0;0;1;0;0;0;0;0;6;0;0.2
Sphere;`-` float operator;0;1;1;0;0;1;0;0;0;1;0;0;1;0;0;1;0;0;0;0;0;6;1;0.8
Sphere;Slicing;0;1;1;0;0;1;0;0;0;1;0;0;1;0;0;1;0;0;0;0;0;6;0;1e-08
Sphere;Modulus;0;1;1;0;0;1;0;0;0;1;0;0;1;0;0;1;0;0;0;0;0;6;0;1e-08
Sphere;`!=` integer operator;0;1;1;0;0;1;0;0;0;1;0;0;1;0;0;1;0;0;0;0;0;6;0;0.2
Sphere;`>` integer operator;0;1;1;0;0;1;0;0;0;1;0;0;1;0;0;1;0;0;0;0;0;6;0;0.2
Sphere;`while` loops;0;1;1;0;0;1;0;0;0;1;0;0;1;0;0;1;0;0;0;0;0;6;0;1e-08
Sphere;Methods;0;1;1;0;0;1;0;0;0;1;0;0;1;0;0;1;0;0;0;0;0;6;0;1e-08
Sphere;`>=` float operator;0;1;1;0;0;1;0;0;0;1;0;0;1;0;0;1;0;0;0;0;0;6;0;0.2
Sphere;Machine Code;0;1;1;0;0;1;0;0;0;1;0;0;1;0;0;1;0;0;0;0;0;6;1;0.8
Sphere;Program Definition;0;1;1;0;0;1;0;0;0;1;0;0;1;0;0;1;0;0;0;0;0;6;1;0.8
Sphere;`capitalize()` method;0;1;1;0;0;1;0;0;0;1;0;0;1;0;0;1;0;0;0;0;0;6;0;1e-08
==::==::==
Question;81;0
Question;20;0
Question;5;0
Question;18;0
Question;8;0
Question;53;0
Question;84;0
Question;11;0
Question;83;0
Question;9;0
Question;93;0
Question;15;0
Question;82;0
Question;85;0
Question;91;0
Question;19;0
Question;79;0
Question;48;0
Question;17;0
Question;12;0
Question;90;0
Question;14;0
Question;13;0
Question;7;0
Answer;58;0
Answer;305;0
Answer;315;0
Answer;50;0
Answer;21;0
Answer;27;0
Answer;209;0
Answer;217;0
Answer;210;0
Answer;56;0
Answer;218;0
Answer;213;0
Answer;316;0
Answer;304;0
Answer;223;0
Answer;314;0
Answer;130;0
Answer;61;0
Answer;36;0
Answer;220;0
Answer;216;0
Answer;208;0
Answer;211;0
Answer;225;0
Answer;33;0
Answer;49;0
Answer;141;0
Answer;224;0
Answer;206;0
Answer;19;0
Answer;37;0
Answer;303;0
Answer;222;0
Answer;42;0
Answer;47;0
Answer;57;0
Answer;214;0
Answer;29;0
Answer;215;0
Answer;53;0
Answer;219;0
Answer;277;0
Answer;44;0
Answer;32;0
Answer;28;0
Answer;221;0
Answer;43;0
Answer;48;0
Answer;46;0
Answer;201;0
Answer;131;0
Answer;308;0
Answer;307;0
Answer;200;0
Answer;51;0
Answer;35;0
Answer;54;0
Answer;60;0
Answer;64;0
Answer;30;0
Answer;198;0
Answer;20;0
Answer;18;0
Answer;31;0
Answer;63;0
Answer;199;0
Answer;45;0
Answer;313;0
Answer;207;0
Answer;212;0
Answer;62;0
Answer;306;0
Answer;34;0
Answer;55;0
Answer;26;0
Answer;52;0
Answer;276;0
Answer;-1;0
Mis;`<` is `not >`;0;1;1;0;0;1;0;0;0;1;0;0;1;0;0;1;0;0;0;1;0;7;0
Mis;Backwards chaining;0;1;1;0;0;1;0;0;0;1;0;0;1;0;0;1;0;0;0;0;0;7;0
Mis;`print()` needs input;0;1;1;0;0;1;0;0;0;1;0;0;1;0;0;1;0;0;0;0;0;7;0
Mis;Blank last slice non-inclusive;0;1;1;0;0;1;0;0;0;1;0;0;1;0;0;1;0;0;0;0;0;7;0
Mis;Return frame bypass;0;1;1;0;0;1;0;0;0;1;0;0;1;0;0;1;0;0;0;0;0;7;0
Mis;Functions must have input;0;1;1;0;0;1;0;0;0;1;0;0;1;0;0;1;0;0;0;0;0;7;0
Mis;No Boolean literals;0;1;1;0;0;1;0;0;0;1;0;0;1;0;0;1;0;0;0;1;0;7;0
Mis;String equality isn't case sensitive;0;1;1;0;0;1;0;0;0;1;0;0;1;0;0;1;0;0;0;1;0;7;0
Mis;Single letter variables;0;1;1;0;0;1;0;0;0;1;0;0;1;0;0;1;0;0;0;0;0;7;0
Mis;`return` on `def` indentation level;0;1;1;0;0;1;0;0;0;1;0;0;1;0;0;1;0;0;0;1;0;7;0
Mis;Iterable repetition interleaves;0;1;1;0;0;1;0;0;0;1;0;0;1;0;0;1;0;0;0;0;0;7;0
Mis;Sequenced conditionals;0;1;1;0;0;1;0;0;0;1;0;0;1;0;0;1;0;0;0;1;0;7;0
Mis;`input()` includes newline;0;1;1;0;0;1;0;0;0;1;0;0;1;0;0;1;0;0;0;0;0;7;0
Mis;Concat with single element;0;1;1;0;0;1;0;0;0;1;0;0;1;0;0;1;0;0;0;0;0;7;0
Mis;Extending strings adds space;0;1;1;0;0;1;0;0;0;1;0;0;1;0;0;1;0;0;0;1;0;7;0
Mis;Variables cannot be assigned twice;0;1;1;0;0;1;0;0;0;1;0;0;1;0;0;1;0;0;0;1;0;7;0
Mis;No `and` on objects;0;1;1;0;0;1;0;0;0;1;0;0;1;0;0;1;0;0;0;0;0;7;0
Mis;`range()` only has one input;0;1;1;0;0;1;0;0;0;1;0;0;1;0;0;1;0;0;0;0;0;7;0
Mis;Linear Order of Operations;0;1;1;0;0;1;0;0;0;1;0;0;1;0;0;1;0;0;0;1;0;7;0
Mis;`%` percentage operator;0;1;1;0;0;1;0;0;0;1;0;0;1;0;0;1;0;0;0;0;0;7;0
Mis;`self` has no value;0;1;1;0;0;1;0;0;0;1;0;0;1;0;0;1;0;0;0;1;0;7;0
Mis;Characters are strings;0;1;1;0;0;1;0;0;0;1;0;0;1;0;0;1;0;0;0;0;0;7;0
Mis;Keyword functions;0;1;1;0;0;1;0;0;0;1;0;0;1;0;0;1;0;0;0;0;0;7;0
Mis;Floating point equality okay;0;1;1;0;0;1;0;0;0;1;0;0;1;0;0;1;0;0;0;1;0;7;0
Mis;Lazy assignment;0;1;1;0;0;1;0;0;0;1;0;0;1;0;0;1;0;0;0;0;0;7;0
Mis;Index -1 is start of list;0;1;1;0;0;1;0;0;0;1;0;0;1;0;0;1;0;0;0;1;0;7;0
Mis;No variable functions;0;1;1;0;0;1;0;0;0;1;0;0;1;0;0;1;0;0;0;1;0;7;0
Mis;Multi-line strings with `' '`;0;1;1;0;0;1;0;0;0;1;0;0;1;0;0;1;0;0;0;1;0;7;0
Mis;No variable methods;0;1;1;0;0;1;0;0;0;1;0;0;1;0;0;1;0;0;0;0;0;7;0
Mis;Iterable repeition multiplies by constant;0;1;1;0;0;1;0;0;0;1;0;0;1;0;0;1;0;0;0;0;0;7;0
Mis;String methods mutate;0;1;1;0;0;1;0;0;0;1;0;0;1;0;0;1;0;0;0;0;0;7;0
Mis;No short circuit;0;1;1;0;0;1;0;0;0;1;0;0;1;0;0;1;0;0;0;1;0;7;0
Mis;Slice exclusive of first index;0;1;1;0;0;1;0;0;0;1;0;0;1;0;0;1;0;0;0;0;0;7;0
Mis;`print()` non-terminating return;0;1;1;0;0;1;0;0;0;1;0;0;1;0;0;1;0;0;0;0;0;7;0
Mis;No floating point limit;0;1;1;0;0;1;0;0;0;1;0;0;1;0;0;1;0;0;0;1;0;7;0
Mis;`>` is `not <`;0;1;1;0;0;1;0;0;0;1;0;0;1;0;0;1;0;0;0;1;0;7;0
Mis;`try` without `except`;0;1;1;0;0;1;0;0;0;1;0;0;1;0;0;1;0;0;0;1;0;7;0
Mis;Inline Function Definition;0;1;1;0;0;1;0;0;0;1;0;0;1;0;0;1;0;0;0;1;0;7;0
Mis;`print()` no newline;0;1;1;0;0;1;0;0;0;1;0;0;1;0;0;1;0;0;0;0;0;7;0
Mis;`range()` starts at 1;0;1;1;0;0;1;0;0;0;1;0;0;1;0;0;1;0;0;0;1;0;7;0
Mis;Blank slice is empty;0;1;1;0;0;1;0;0;0;1;0;0;1;0;0;1;0;0;0;0;0;7;0
Mis;`-` works on strings;0;1;1;0;0;1;0;0;0;1;0;0;1;0;0;1;0;0;0;1;0;7;0
Mis;No constructor method chain;0;1;1;0;0;1;0;0;0;1;0;0;1;0;0;1;0;0;0;0;0;7;0
Mis;`#` is an operator;0;1;1;0;0;1;0;0;0;1;0;0;1;0;0;1;0;0;0;1;0;7;0
Mis;No escape sequences;0;1;1;0;0;1;0;0;0;1;0;0;1;0;0;1;0;0;0;0;0;7;0
Mis;Methods must have input;0;1;1;0;0;1;0;0;0;1;0;0;1;0;0;1;0;0;0;0;0;7;0
Mis;Assignment duplicates;0;1;1;0;0;1;0;0;0;1;0;0;1;0;0;1;0;0;0;0;0;7;0
Mis;`=` comparison;0;1;1;0;0;1;0;0;0;1;0;0;1;0;0;1;0;0;0;1;0;7;0
Mis;No tuple return;0;1;1;0;0;1;0;0;0;1;0;0;1;0;0;1;0;0;0;0;0;7;0
Mis;`for` is `while`;0;1;1;0;0;1;0;0;0;1;0;0;1;0;0;1;0;0;0;0;0;7;0
Mis;Curly brackets stay;0;1;1;0;0;1;0;0;0;1;0;0;1;0;0;1;0;0;0;0;0;7;0
Mis;`/` is modulus;0;1;1;0;0;1;0;0;0;1;0;0;1;0;0;1;0;0;0;1;0;7;0
Mis;No implicit void functions;0;1;1;0;0;1;0;0;0;1;0;0;1;0;0;1;0;0;0;0;0;7;0
Mis;Operators cannot be chained;0;1;1;0;0;1;0;0;0;1;0;0;1;0;0;1;0;0;0;1;0;7;0
Mis;Functions must return;0;1;1;0;0;1;0;0;0;1;0;0;1;0;0;1;0;0;0;0;0;7;0
Mis;No `not` on objects;0;1;1;0;0;1;0;0;0;1;0;0;1;0;0;1;0;0;0;0;0;7;0
Mis;Ternary Boolean return;0;1;1;0;0;1;0;0;0;1;0;0;1;0;0;1;0;0;0;0;0;7;0
Mis;`if` loop;0;1;1;0;0;1;0;0;0;1;0;0;1;0;0;1;0;0;0;1;0;7;0
Mis;`range()` includes the final value;0;1;1;0;0;1;0;0;0;1;0;0;1;0;0;1;0;0;0;0;0;7;0
Mis;Methods can have no arguments;0;1;1;0;0;1;0;0;0;1;0;0;1;0;0;1;0;0;0;0;0;7;0
Mis;No string constructor method chain;0;1;1;0;0;1;0;0;0;1;0;0;1;0;0;1;0;0;0;0;0;7;0
Mis;`return` continues;0;1;1;0;0;1;0;0;0;1;0;0;1;0;0;1;0;0;0;0;0;7;0
Mis;String equality not `==`;0;1;1;0;0;1;0;0;0;1;0;0;1;0;0;1;0;0;0;0;0;7;0
Mis;String repetition adds space;0;1;1;0;0;1;0;0;0;1;0;0;1;0;0;1;0;0;0;0;0;7;0
Mis;Automatic Integer Conversion;0;1;1;0;0;1;0;0;0;1;0;0;1;0;0;1;0;0;0;1;0;7;0
Mis;Slices include last value;0;1;1;0;0;1;0;0;0;1;0;0;1;0;0;1;0;0;0;0;0;7;0
Mis;Integers limit;0;1;1;0;0;1;0;0;0;1;0;0;1;0;0;1;0;0;0;1;0;7;0
Mis;Confused string assignment;0;1;1;0;0;1;0;0;0;1;0;0;1;0;0;1;0;0;0;0;0;7;0
Mis;Lowercase Booleans;0;1;1;0;0;1;0;0;0;1;0;0;1;0;0;1;0;0;0;0;0;7;0
Mis;`pass` is `continue`;0;1;1;0;0;1;0;0;0;1;0;0;1;0;0;1;0;0;0;1;0;7;0
Mis;`print()` returns;0;1;1;0;0;1;0;0;0;1;0;0;1;0;0;1;0;0;0;1;0;7;0
Mis;`print()` only accepts one input;0;1;1;0;0;1;0;0;0;1;0;0;1;0;0;1;0;0;0;0;0;7;0
Mis;Secondary memory data loss;0;1;1;0;0;1;0;0;0;1;0;0;1;0;0;1;0;0;0;1;0;7;0
Mis;Transitive Assignment;0;1;1;0;0;1;0;0;0;1;0;0;1;0;0;1;0;0;0;1;0;7;0
Mis;No literal return;0;1;1;0;0;1;0;0;0;1;0;0;1;0;0;1;0;0;0;0;0;7;0
Mis;`input()` return value;0;1;1;0;0;1;0;0;0;1;0;0;1;0;0;1;0;0;0;1;0;7;0
Mis;Floating point `range()`;0;1;1;0;0;1;0;0;0;1;0;0;1;0;0;1;0;0;0;0;0;7;0
Mis;No `or` on objects;0;1;1;0;0;1;0;0;0;1;0;0;1;0;0;1;0;0;0;0;0;7;0
Mis;`print()` always has a newline;0;1;1;0;0;1;0;0;0;1;0;0;1;0;0;1;0;0;0;0;0;7;0
Mis;`print()` only string;0;1;1;0;0;1;0;0;0;1;0;0;1;0;0;1;0;0;0;0;0;7;0
Mis;`/` is integer division;0;1;1;0;0;1;0;0;0;1;0;0;1;0;0;1;0;0;0;1;0;7;0
Mis;`input()` requires function input;0;1;1;0;0;1;0;0;0;1;0;0;1;0;0;1;0;0;0;0;0;7;0
Mis;No method chain;0;1;1;0;0;1;0;0;0;1;0;0;1;0;0;1;0;0;0;0;0;7;0
Mis;`int()` rounds up floats;0;1;1;0;0;1;0;0;0;1;0;0;1;0;0;1;0;0;0;1;0;7;0
Mis;Multi-line strings with `" "`;0;1;1;0;0;1;0;0;0;1;0;0;1;0;0;1;0;0;0;1;0;7;0
Mis;List concat vector addition;0;1;1;0;0;1;0;0;0;1;0;0;1;0;0;1;0;0;0;1;0;7;0
Mis;`/` works on strings;0;1;1;0;0;1;0;0;0;1;0;0;1;0;0;1;0;0;0;1;0;7;0
Mis;Strings are mutable;0;1;1;0;0;1;0;0;0;1;0;0;1;0;0;1;0;0;0;0;0;7;0
Mis;No loop termination;0;1;1;0;0;1;0;0;0;1;0;0;1;0;0;1;0;0;0;1;0;7;0
Mis;Conditional Boolean return;0;1;1;0;0;1;0;0;0;1;0;0;1;0;0;1;0;0;0;0;0;7;0
Mis;Slices require indices;0;1;1;0;0;1;0;0;0;1;0;0;1;0;0;1;0;0;0;1;0;7;0
Mis;Parenthesized return;0;1;1;0;0;1;0;0;0;1;0;0;1;0;0;1;0;0;0;0;0;7;0
Mis;`%` is division;0;1;1;0;0;1;0;0;0;1;0;0;1;0;0;1;0;0;0;0;0;7;0
Mis;Iterable repetition repeated constant multiplication;0;1;1;0;0;1;0;0;0;1;0;0;1;0;0;1;0;0;0;1;0;7;0
Mis;`//` divides;0;1;1;0;0;1;0;0;0;1;0;0;1;0;0;1;0;0;0;0;0;7;0
Mis;Cannot mix index sign in slice;0;1;1;0;0;1;0;0;0;1;0;0;1;0;0;1;0;0;0;0;0;7;0
Mis;`//` is modulus;0;1;1;0;0;1;0;0;0;1;0;0;1;0;0;1;0;0;0;0;0;7;0
Mis;Slice removes;0;1;1;0;0;1;0;0;0;1;0;0;1;0;0;1;0;0;0;0;0;7;0
Mis;No nesting loops;0;1;1;0;0;1;0;0;0;1;0;0;1;0;0;1;0;0;0;0;0;7;0
Mis;Literals don't have a data type;0;1;1;0;0;1;0;0;0;1;0;0;1;0;0;1;0;0;0;1;0;7;0
Mis;`%` is integer division;0;1;1;0;0;1;0;0;0;1;0;0;1;0;0;1;0;0;0;1;0;7;0
Mis;No formatted string;0;1;1;0;0;1;0;0;0;1;0;0;1;0;0;1;0;0;0;1;0;7;0
Mis;`for` stops before last element;0;1;1;0;0;1;0;0;0;1;0;0;1;0;0;1;0;0;0;1;0;7;0
Mis;`int()` rounds floats;0;1;1;0;0;1;0;0;0;1;0;0;1;0;0;1;0;0;0;0;0;7;0
Mis;Implied repetition over logical operator;0;1;1;0;0;1;0;0;0;1;0;0;1;0;0;1;0;0;0;0;0;7;0
Mis;`for` only with `range()`;0;1;1;0;0;1;0;0;0;1;0;0;1;0;0;1;0;0;0;0;0;7;0
Mis;`while` tests after loop;0;1;1;0;0;1;0;0;0;1;0;0;1;0;0;1;0;0;0;1;0;7;0
Mis;Multi-value return;0;1;1;0;0;1;0;0;0;1;0;0;1;0;0;1;0;0;0;0;0;7;0
Mis;Strings are not objects;0;1;1;0;0;1;0;0;0;1;0;0;1;0;0;1;0;0;0;1;0;7;0
Sphere;Floats;0;1;1;0;0;1;0;0;0;1;0;0;1;0;0;1;0;0;0;1;0;7;1;0.9384615384615385
Sphere;`+=` float operator;0;1;1;0;0;1;0;0;0;1;0;0;1;0;0;1;0;0;0;1;0;7;1;0.8
Sphere;`+` integer operator;0;1;1;0;0;1;0;0;0;1;0;0;1;0;0;1;0;0;0;1;0;7;1;0.9200000000000002
Sphere;`+=` integer operator;0;1;1;0;0;1;0;0;0;1;0;0;1;0;0;1;0;0;0;1;0;7;1;0.8
Sphere;`*=` float operator;0;1;1;0;0;1;0;0;0;1;0;0;1;0;0;1;0;0;0;1;0;7;1;0.8
Sphere;Strings;0;1;1;0;0;1;0;0;0;1;0;0;1;0;0;1;0;0;0;1;0;7;1;0.9200000000000002
Sphere;`-` integer operator;0;1;1;0;0;1;0;0;0;1;0;0;1;0;0;1;0;0;0;1;0;7;1;0.8857142857142859
Sphere;Booleans;0;1;1;0;0;1;0;0;0;1;0;0;1;0;0;1;0;0;0;1;0;7;1;0.8
Sphere;`/` float operator;0;1;1;0;0;1;0;0;0;1;0;0;1;0;0;1;0;0;0;1;0;7;1;0.8857142857142859
Sphere;Assignment;0;1;1;0;0;1;0;0;0;1;0;0;1;0;0;1;0;0;0;1;0;7;1;0.9384615384615385
Sphere;`-=` integer operator;0;1;1;0;0;1;0;0;0;1;0;0;1;0;0;1;0;0;0;1;0;7;1;0.8
Sphere;`or` operator;0;1;1;0;0;1;0;0;0;1;0;0;1;0;0;1;0;0;0;1;0;7;1;0.8
Sphere;`int()` function;0;1;1;0;0;1;0;0;0;1;0;0;1;0;0;1;0;0;0;1;0;7;1;0.9200000000000002
Sphere;`print()` function;0;1;1;0;0;1;0;0;0;1;0;0;1;0;0;1;0;0;0;1;0;7;1;0.9384615384615385
Sphere;Order of Operations;0;1;1;0;0;1;0;0;0;1;0;0;1;0;0;1;0;0;0;1;0;7;1;0.9384615384615385
Sphere;Automatic Conversion;0;1;1;0;0;1;0;0;0;1;0;0;1;0;0;1;0;0;0;1;0;7;1;0.8
Sphere;`<=` integer operator;0;1;1;0;0;1;0;0;0;1;0;0;1;0;0;1;0;0;0;1;0;7;1;0.8
Sphere;`+` float operator;0;1;1;0;0;1;0;0;0;1;0;0;1;0;0;1;0;0;0;1;0;7;1;0.8857142857142859
Sphere;Self Assignment;0;1;1;0;0;1;0;0;0;1;0;0;1;0;0;1;0;0;0;1;0;7;1;0.9384615384615385
Sphere;`*=` integer operator;0;1;1;0;0;1;0;0;0;1;0;0;1;0;0;1;0;0;0;1;0;7;1;0.8
Sphere;`/=` float operator;0;1;1;0;0;1;0;0;0;1;0;0;1;0;0;1;0;0;0;1;0;7;1;0.8
Sphere;`/` integer operator;0;1;1;0;0;1;0;0;0;1;0;0;1;0;0;1;0;0;0;1;0;7;1;0.9200000000000002
Sphere;`-` float operator;0;1;1;0;0;1;0;0;0;1;0;0;1;0;0;1;0;0;0;1;0;7;1;0.8857142857142859
Sphere;`float()` function;0;1;1;0;0;1;0;0;0;1;0;0;1;0;0;1;0;0;0;1;0;7;1;0.9200000000000002
Sphere;Integers;0;1;1;0;0;1;0;0;0;1;0;0;1;0;0;1;0;0;0;1;0;7;1;0.9384615384615385
Sphere;`!=` integer operator;0;1;1;0;0;1;0;0;0;1;0;0;1;0;0;1;0;0;0;1;0;7;1;0.8
Sphere;`=` operator;0;1;1;0;0;1;0;0;0;1;0;0;1;0;0;1;0;0;0;1;0;7;1;0.9636363636363636
Sphere;`-=` float operator;0;1;1;0;0;1;0;0;0;1;0;0;1;0;0;1;0;0;0;1;0;7;1;0.8
Sphere;`*` float operator;0;1;1;0;0;1;0;0;0;1;0;0;1;0;0;1;0;0;0;1;0;7;1;0.8857142857142859
Sphere;`>=` float operator;0;1;1;0;0;1;0;0;0;1;0;0;1;0;0;1;0;0;0;1;0;7;1;0.8
Sphere;`not` operator;0;1;1;0;0;1;0;0;0;1;0;0;1;0;0;1;0;0;0;1;0;7;1;0.8
Sphere;Variables;0;1;1;0;0;1;0;0;0;1;0;0;1;0;0;1;0;0;0;1;0;7;1;0.9636363636363636
Sphere;`and` operator;0;1;1;0;0;1;0;0;0;1;0;0;1;0;0;1;0;0;0;1;0;7;1;0.8
Sphere;`/=` integer operator;0;1;1;0;0;1;0;0;0;1;0;0;1;0;0;1;0;0;0;1;0;7;1;0.8
Sphere;`*` integer operator;0;1;1;0;0;1;0;0;0;1;0;0;1;0;0;1;0;0;0;1;0;7;1;0.8857142857142859
Sphere;`input()` function;0;1;1;0;0;1;0;0;0;1;0;0;1;0;0;1;0;0;0;1;0;7;1;0.9200000000000002
Sphere;`<` float operator;0;1;1;0;0;1;0;0;0;1;0;0;1;0;0;1;0;0;0;1;0;7;1;0.8
Sphere;`>` float operator;0;1;1;0;0;1;0;0;0;1;0;0;1;0;0;1;0;0;0;1;0;7;1;0.8
Sphere;`==` integer operator;0;1;1;0;0;1;0;0;0;1;0;0;1;0;0;1;0;0;0;1;0;7;1;0.8
Sphere;`<` integer operator;0;1;1;0;0;1;0;0;0;1;0;0;1;0;0;1;0;0;0;1;0;7;1;0.8
Sphere;Floating point equality;0;1;1;0;0;1;0;0;0;1;0;0;1;0;0;1;0;0;0;1;0;7;1;0.8
Sphere;Operator Chaining;0;1;1;0;0;1;0;0;0;1;0;0;1;0;0;1;0;0;0;1;0;7;1;0.9384615384615385
Sphere;`>` integer operator;0;1;1;0;0;1;0;0;0;1;0;0;1;0;0;1;0;0;0;1;0;7;1;0.8
Sphere;`str()` function;0;1;1;0;0;1;0;0;0;1;0;0;1;0;0;1;0;0;0;0;0;7;1;0.8
Sphere;Built-in Functions;0;1;1;0;0;1;0;0;0;1;0;0;1;0;0;1;0;0;0;0;0;7;0;1e-08
Sphere;Secondary Memory;0;1;1;0;0;1;0;0;0;1;0;0;1;0;0;1;0;0;0;0;0;7;1;0.8
Sphere;Conditionals;0;1;1;0;0;1;0;0;0;1;0;0;1;0;0;1;0;0;0;0;0;7;0;1e-08
Sphere;Addition;0;1;1;0;0;1;0;0;0;1;0;0;1;0;0;1;0;0;0;0;0;7;0;1e-08
Sphere;Compilers;0;1;1;0;0;1;0;0;0;1;0;0;1;0;0;1;0;0;0;0;0;7;1;0.8
Sphere;`range()` function;0;1;1;0;0;1;0;0;0;1;0;0;1;0;0;1;0;0;0;0;0;7;0;1e-08
Sphere;`%=` integer operator;0;1;1;0;0;1;0;0;0;1;0;0;1;0;0;1;0;0;0;0;0;7;0;0.8
Sphere;Interpreters;0;1;1;0;0;1;0;0;0;1;0;0;1;0;0;1;0;0;0;0;0;7;1;0.8
Sphere;`%` float operator;0;1;1;0;0;1;0;0;0;1;0;0;1;0;0;1;0;0;0;0;0;7;1;0.8
Sphere;`elif` keyword;0;1;1;0;0;1;0;0;0;1;0;0;1;0;0;1;0;0;0;0;0;7;0;1e-08
Sphere;`<=` float operator;0;1;1;0;0;1;0;0;0;1;0;0;1;0;0;1;0;0;0;1;0;7;0;0.8
Sphere;`continue` keyword;0;1;1;0;0;1;0;0;0;1;0;0;1;0;0;1;0;0;0;0;0;7;0;1e-08
Sphere;`+` string operator;0;1;1;0;0;1;0;0;0;1;0;0;1;0;0;1;0;0;0;0;0;7;0;1e-08
Sphere;`lower()` method;0;1;1;0;0;1;0;0;0;1;0;0;1;0;0;1;0;0;0;0;0;7;0;1e-08
Sphere;`else` keyword;0;1;1;0;0;1;0;0;0;1;0;0;1;0;0;1;0;0;0;0;0;7;0;1e-08
Sphere;`!=` float operator;0;1;1;0;0;1;0;0;0;1;0;0;1;0;0;1;0;0;0;1;0;7;0;0.8
Sphere;`<` string operator;0;1;1;0;0;1;0;0;0;1;0;0;1;0;0;1;0;0;0;0;0;7;0;1e-08
Sphere;Comparison;0;1;1;0;0;1;0;0;0;1;0;0;1;0;0;1;0;0;0;0;0;7;0;1e-08
Sphere;`type()` function;0;1;1;0;0;1;0;0;0;1;0;0;1;0;0;1;0;0;0;0;0;7;1;0.8
Sphere;Functions;0;1;1;0;0;1;0;0;0;1;0;0;1;0;0;1;0;0;0;0;0;7;1;0.8
Sphere;Contracted `if`;0;1;1;0;0;1;0;0;0;1;0;0;1;0;0;1;0;0;0;0;0;7;0;1e-08
Sphere;`>=` integer operator;0;1;1;0;0;1;0;0;0;1;0;0;1;0;0;1;0;0;0;0;0;7;0;0.8
Sphere;`break` keyword;0;1;1;0;0;1;0;0;0;1;0;0;1;0;0;1;0;0;0;0;0;7;0;1e-08
Sphere;CPU functionality;0;1;1;0;0;1;0;0;0;1;0;0;1;0;0;1;0;0;0;0;0;7;1;0.8
Sphere;`//` float operator;0;1;1;0;0;1;0;0;0;1;0;0;1;0;0;1;0;0;0;0;0;7;1;0.8
Sphere;`' '` constructor;0;1;1;0;0;1;0;0;0;1;0;0;1;0;0;1;0;0;0;0;0;7;1;0.8
Sphere;`""" """` constructor;0;1;1;0;0;1;0;0;0;1;0;0;1;0;0;1;0;0;0;0;0;7;0;1e-08
Sphere;`join()` method;0;1;1;0;0;1;0;0;0;1;0;0;1;0;0;1;0;0;0;0;0;7;0;1e-08
Sphere;Repetition;0;1;1;0;0;1;0;0;0;1;0;0;1;0;0;1;0;0;0;0;0;7;0;1e-08
Sphere;`//=` float operator;0;1;1;0;0;1;0;0;0;1;0;0;1;0;0;1;0;0;0;0;0;7;1;0.8
Sphere;Control Flow;0;1;1;0;0;1;0;0;0;1;0;0;1;0;0;1;0;0;0;0;0;7;0;1e-08
Sphere;Loops;0;1;1;0;0;1;0;0;0;1;0;0;1;0;0;1;0;0;0;0;0;7;0;1e-08
Sphere;`%=` float operator;0;1;1;0;0;1;0;0;0;1;0;0;1;0;0;1;0;0;0;0;0;7;1;0.8
Sphere;Concatenation;0;1;1;0;0;1;0;0;0;1;0;0;1;0;0;1;0;0;0;0;0;7;0;1e-08
Sphere;`*` string operator;0;1;1;0;0;1;0;0;0;1;0;0;1;0;0;1;0;0;0;0;0;7;0;1e-08
Sphere;`//` integer operator;0;1;1;0;0;1;0;0;0;1;0;0;1;0;0;1;0;0;0;0;0;7;1;0.8
Sphere;Atomic Data Types;0;1;1;0;0;1;0;0;0;1;0;0;1;0;0;1;0;0;0;0;0;7;0;1e-08
Sphere;Subtraction;0;1;1;0;0;1;0;0;0;1;0;0;1;0;0;1;0;0;0;0;0;7;0;1e-08
Sphere;Type Casting;0;1;1;0;0;1;0;0;0;1;0;0;1;0;0;1;0;0;0;0;0;7;0;1e-08
Sphere;String Slicing;0;1;1;0;0;1;0;0;0;1;0;0;1;0;0;1;0;0;0;0;0;7;0;1e-08
Sphere;Multiplication;0;1;1;0;0;1;0;0;0;1;0;0;1;0;0;1;0;0;0;0;0;7;0;1e-08
Sphere;`return` keyword;0;1;1;0;0;1;0;0;0;1;0;0;1;0;0;1;0;0;0;0;0;7;0;1e-08
Sphere;Indexing;0;1;1;0;0;1;0;0;0;1;0;0;1;0;0;1;0;0;0;0;0;7;0;1e-08
Sphere;Ordered Data Structures;0;1;1;0;0;1;0;0;0;1;0;0;1;0;0;1;0;0;0;0;0;7;0;1e-08
Sphere;Formatted Strings;0;1;1;0;0;1;0;0;0;1;0;0;1;0;0;1;0;0;0;0;0;7;0;1e-08
Sphere;Division;0;1;1;0;0;1;0;0;0;1;0;0;1;0;0;1;0;0;0;0;0;7;0;1e-08
Sphere;`if` keyword;0;1;1;0;0;1;0;0;0;1;0;0;1;0;0;1;0;0;0;0;0;7;0;1e-08
Sphere;Equality;0;1;1;0;0;1;0;0;0;1;0;0;1;0;0;1;0;0;0;0;0;7;0;1e-08
Sphere;`!=` string operator;0;1;1;0;0;1;0;0;0;1;0;0;1;0;0;1;0;0;0;0;0;7;0;1e-08
Sphere;String Indexing;0;1;1;0;0;1;0;0;0;1;0;0;1;0;0;1;0;0;0;0;0;7;0;1e-08
Sphere;Comments;0;1;1;0;0;1;0;0;0;1;0;0;1;0;0;1;0;0;0;0;0;7;1;0.8857142857142859
Sphere;`upper()` method;0;1;1;0;0;1;0;0;0;1;0;0;1;0;0;1;0;0;0;0;0;7;0;1e-08
Sphere;`try` keyword;0;1;1;0;0;1;0;0;0;1;0;0;1;0;0;1;0;0;0;0;0;7;0;1e-08
Sphere;`==` string operator;0;1;1;0;0;1;0;0;0;1;0;0;1;0;0;1;0;0;0;0;0;7;0;1e-08
Sphere;`for` loops;0;1;1;0;0;1;0;0;0;1;0;0;1;0;0;1;0;0;0;0;0;7;0;1e-08
Sphere;`" "` constructor;0;1;1;0;0;1;0;0;0;1;0;0;1;0;0;1;0;0;0;0;0;7;1;0.8
Sphere;`replace()` method;0;1;1;0;0;1;0;0;0;1;0;0;1;0;0;1;0;0;0;0;0;7;0;1e-08
Sphere;Integer Division;0;1;1;0;0;1;0;0;0;1;0;0;1;0;0;1;0;0;0;0;0;7;0;1e-08
Sphere;`%` integer operator;0;1;1;0;0;1;0;0;0;1;0;0;1;0;0;1;0;0;0;0;0;7;1;0.8
Sphere;`len()` string function;0;1;1;0;0;1;0;0;0;1;0;0;1;0;0;1;0;0;0;0;0;7;0;1e-08
Sphere;RAM functionality;0;1;1;0;0;1;0;0;0;1;0;0;1;0;0;1;0;0;0;0;0;7;1;0.8
Sphere;`>` string operator;0;1;1;0;0;1;0;0;0;1;0;0;1;0;0;1;0;0;0;0;0;7;0;1e-08
Sphere;Slicing;0;1;1;0;0;1;0;0;0;1;0;0;1;0;0;1;0;0;0;0;0;7;0;1e-08
Sphere;Modulus;0;1;1;0;0;1;0;0;0;1;0;0;1;0;0;1;0;0;0;0;0;7;0;1e-08
Sphere;`while` loops;0;1;1;0;0;1;0;0;0;1;0;0;1;0;0;1;0;0;0;0;0;7;0;1e-08
Sphere;Methods;0;1;1;0;0;1;0;0;0;1;0;0;1;0;0;1;0;0;0;0;0;7;0;1e-08
Sphere;Machine Code;0;1;1;0;0;1;0;0;0;1;0;0;1;0;0;1;0;0;0;0;0;7;1;0.8
Sphere;Program Definition;0;1;1;0;0;1;0;0;0;1;0;0;1;0;0;1;0;0;0;0;0;7;1;0.8
Sphere;`//=` integer operator;0;1;1;0;0;1;0;0;0;1;0;0;1;0;0;1;0;0;0;0;0;7;1;0.8
Sphere;`def` constructor;0;1;1;0;0;1;0;0;0;1;0;0;1;0;0;1;0;0;0;0;0;7;1;0.8
Sphere;`capitalize()` method;0;1;1;0;0;1;0;0;0;1;0;0;1;0;0;1;0;0;0;0;0;7;0;1e-08
==::==::==
Question;81;0
Question;20;0
Question;5;0
Question;18;0
Question;8;0
Question;53;0
Question;84;0
Question;11;0
Question;83;0
Question;9;0
Question;93;0
Question;15;0
Question;82;0
Question;85;0
Question;91;0
Question;19;0
Question;79;0
Question;48;0
Question;17;0
Question;12;0
Question;90;0
Question;14;0
Question;13;0
Question;7;0
Answer;58;0
Answer;305;0
Answer;315;0
Answer;50;0
Answer;21;0
Answer;27;0
Answer;209;0
Answer;217;0
Answer;210;0
Answer;56;0
Answer;218;0
Answer;213;0
Answer;316;0
Answer;304;0
Answer;223;0
Answer;314;0
Answer;130;0
Answer;61;0
Answer;36;0
Answer;220;0
Answer;216;0
Answer;208;0
Answer;211;0
Answer;225;0
Answer;33;0
Answer;49;0
Answer;141;0
Answer;224;0
Answer;206;0
Answer;19;0
Answer;37;0
Answer;303;0
Answer;222;0
Answer;42;0
Answer;47;0
Answer;57;0
Answer;214;0
Answer;29;0
Answer;215;0
Answer;53;0
Answer;219;0
Answer;277;0
Answer;44;0
Answer;32;0
Answer;28;0
Answer;221;0
Answer;43;0
Answer;48;0
Answer;46;0
Answer;201;0
Answer;131;0
Answer;308;0
Answer;307;0
Answer;200;0
Answer;51;0
Answer;35;0
Answer;54;0
Answer;60;0
Answer;64;0
Answer;30;0
Answer;198;0
Answer;20;0
Answer;18;0
Answer;31;0
Answer;63;0
Answer;199;0
Answer;45;0
Answer;313;0
Answer;207;0
Answer;212;0
Answer;62;0
Answer;306;0
Answer;34;0
Answer;55;0
Answer;26;0
Answer;52;0
Answer;276;0
Answer;-1;0
Mis;`<` is `not >`;0;1;1;0;0;1;0;0;0;1;0;0;1;0;0;0;0;0;0;1;0;8;0
Mis;Backwards chaining;0;1;1;0;0;1;0;0;0;1;0;0;1;0;0;0;0;0;0;0;0;8;0
Mis;`print()` needs input;0;1;1;0;0;1;0;0;0;1;0;0;1;0;0;0;0;0;0;0;0;8;0
Mis;Blank last slice non-inclusive;0;1;1;0;0;1;0;0;0;1;0;0;1;0;0;0;0;0;0;0;0;8;0
Mis;Return frame bypass;0;1;1;0;0;1;0;0;0;1;0;0;1;0;0;0;0;0;0;0;0;8;0
Mis;Functions must have input;0;1;1;0;0;1;0;0;0;1;0;0;1;0;0;0;0;0;0;0;0;8;0
Mis;No Boolean literals;0;1;1;0;0;1;0;0;0;1;0;0;1;0;0;0;0;0;0;1;0;8;0
Mis;String equality isn't case sensitive;0;1;1;0;0;1;0;0;0;1;0;0;1;0;0;0;0;0;0;1;0;8;0
Mis;Single letter variables;0;1;1;0;0;1;0;0;0;1;0;0;1;0;0;0;0;0;0;0;0;8;0
Mis;`return` on `def` indentation level;0;1;1;0;0;1;0;0;0;1;0;0;1;0;0;0;0;0;0;1;0;8;0
Mis;Iterable repetition interleaves;0;1;1;0;0;1;0;0;0;1;0;0;1;0;0;0;0;0;0;0;0;8;0
Mis;Sequenced conditionals;0;1;1;0;0;1;0;0;0;1;0;0;1;0;0;0;0;0;0;1;0;8;0
Mis;`input()` includes newline;0;1;1;0;0;1;0;0;0;1;0;0;1;0;0;0;0;0;0;0;0;8;0
Mis;Concat with single element;0;1;1;0;0;1;0;0;0;1;0;0;1;0;0;0;0;0;0;0;0;8;0
Mis;Extending strings adds space;0;1;1;0;0;1;0;0;0;1;0;0;1;0;0;0;0;0;0;1;0;8;0
Mis;Variables cannot be assigned twice;0;1;1;0;0;1;0;0;0;1;0;0;1;0;0;0;0;0;0;1;0;8;0
Mis;No `and` on objects;0;1;1;0;0;1;0;0;0;1;0;0;1;0;0;0;0;0;0;0;0;8;0
Mis;`range()` only has one input;0;1;1;0;0;1;0;0;0;1;0;0;1;0;0;0;0;0;0;0;0;8;0
Mis;Linear Order of Operations;0;1;1;0;0;1;0;0;0;1;0;0;1;0;0;0;0;0;0;1;0;8;0
Mis;`%` percentage operator;0;1;1;0;0;1;0;0;0;1;0;0;1;0;0;0;0;0;0;0;0;8;0
Mis;`self` has no value;0;1;1;0;0;1;0;0;0;1;0;0;1;0;0;0;0;0;0;1;0;8;0
Mis;Characters are strings;0;1;1;0;0;1;0;0;0;1;0;0;1;0;0;0;0;0;0;0;0;8;0
Mis;Keyword functions;0;1;1;0;0;1;0;0;0;1;0;0;1;0;0;0;0;0;0;0;0;8;0
Mis;Floating point equality okay;0;1;1;0;0;1;0;0;0;1;0;0;1;0;0;0;0;0;0;1;0;8;0
Mis;Lazy assignment;0;1;1;0;0;1;0;0;0;1;0;0;1;0;0;0;0;0;0;0;0;8;0
Mis;Index -1 is start of list;0;1;1;0;0;1;0;0;0;1;0;0;1;0;0;0;0;0;0;1;0;8;0
Mis;No variable functions;0;1;1;0;0;1;0;0;0;1;0;0;1;0;0;0;0;0;0;1;0;8;0
Mis;Multi-line strings with `' '`;0;1;1;0;0;1;0;0;0;1;0;0;1;0;0;0;0;0;0;1;0;8;0
Mis;No variable methods;0;1;1;0;0;1;0;0;0;1;0;0;1;0;0;0;0;0;0;0;0;8;0
Mis;Iterable repeition multiplies by constant;0;1;1;0;0;1;0;0;0;1;0;0;1;0;0;0;0;0;0;0;0;8;0
Mis;String methods mutate;0;1;1;0;0;1;0;0;0;1;0;0;1;0;0;0;0;0;0;0;0;8;0
Mis;No short circuit;0;1;1;0;0;1;0;0;0;1;0;0;1;0;0;0;0;0;0;1;0;8;0
Mis;Slice exclusive of first index;0;1;1;0;0;1;0;0;0;1;0;0;1;0;0;0;0;0;0;0;0;8;0
Mis;`print()` non-terminating return;0;1;1;0;0;1;0;0;0;1;0;0;1;0;0;0;0;0;0;0;0;8;0
Mis;No floating point limit;0;1;1;0;0;1;0;0;0;1;0;0;1;0;0;0;0;0;0;1;0;8;0
Mis;`>` is `not <`;0;1;1;0;0;1;0;0;0;1;0;0;1;0;0;0;0;0;0;1;0;8;0
Mis;`try` without `except`;0;1;1;0;0;1;0;0;0;1;0;0;1;0;0;0;0;0;0;1;0;8;0
Mis;Inline Function Definition;0;1;1;0;0;1;0;0;0;1;0;0;1;0;0;0;0;0;0;1;0;8;0
Mis;`print()` no newline;0;1;1;0;0;1;0;0;0;1;0;0;1;0;0;0;0;0;0;0;0;8;0
Mis;`range()` starts at 1;0;1;1;0;0;1;0;0;0;1;0;0;1;0;0;0;0;0;0;1;0;8;0
Mis;Blank slice is empty;0;1;1;0;0;1;0;0;0;1;0;0;1;0;0;0;0;0;0;0;0;8;0
Mis;`-` works on strings;0;1;1;0;0;1;0;0;0;1;0;0;1;0;0;0;0;0;0;1;0;8;0
Mis;No constructor method chain;0;1;1;0;0;1;0;0;0;1;0;0;1;0;0;0;0;0;0;0;0;8;0
Mis;`#` is an operator;0;1;1;0;0;1;0;0;0;1;0;0;1;0;0;0;0;0;0;1;0;8;0
Mis;No escape sequences;0;1;1;0;0;1;0;0;0;1;0;0;1;0;0;0;0;0;0;0;0;8;0
Mis;Methods must have input;0;1;1;0;0;1;0;0;0;1;0;0;1;0;0;0;0;0;0;0;0;8;0
Mis;Assignment duplicates;0;1;1;0;0;1;0;0;0;1;0;0;1;0;0;0;0;0;0;0;0;8;0
Mis;`=` comparison;0;1;1;0;0;1;0;0;0;1;0;0;1;0;0;0;0;0;0;1;0;8;0
Mis;No tuple return;0;1;1;0;0;1;0;0;0;1;0;0;1;0;0;0;0;0;0;0;0;8;0
Mis;`for` is `while`;0;1;1;0;0;1;0;0;0;1;0;0;1;0;0;0;0;0;0;0;0;8;0
Mis;Curly brackets stay;0;1;1;0;0;1;0;0;0;1;0;0;1;0;0;0;0;0;0;0;0;8;0
Mis;`/` is modulus;0;1;1;0;0;1;0;0;0;1;0;0;1;0;0;0;0;0;0;1;0;8;0
Mis;No implicit void functions;0;1;1;0;0;1;0;0;0;1;0;0;1;0;0;0;0;0;0;0;0;8;0
Mis;Operators cannot be chained;0;1;1;0;0;1;0;0;0;1;0;0;1;0;0;0;0;0;0;1;0;8;0
Mis;Functions must return;0;1;1;0;0;1;0;0;0;1;0;0;1;0;0;0;0;0;0;0;0;8;0
Mis;No `not` on objects;0;1;1;0;0;1;0;0;0;1;0;0;1;0;0;0;0;0;0;0;0;8;0
Mis;Ternary Boolean return;0;1;1;0;0;1;0;0;0;1;0;0;1;0;0;0;0;0;0;0;0;8;0
Mis;`if` loop;0;1;1;0;0;1;0;0;0;1;0;0;1;0;0;0;0;0;0;1;0;8;0
Mis;`range()` includes the final value;0;1;1;0;0;1;0;0;0;1;0;0;1;0;0;0;0;0;0;0;0;8;0
Mis;Methods can have no arguments;0;1;1;0;0;1;0;0;0;1;0;0;1;0;0;0;0;0;0;0;0;8;0
Mis;No string constructor method chain;0;1;1;0;0;1;0;0;0;1;0;0;1;0;0;0;0;0;0;0;0;8;0
Mis;`return` continues;0;1;1;0;0;1;0;0;0;1;0;0;1;0;0;0;0;0;0;0;0;8;0
Mis;String equality not `==`;0;1;1;0;0;1;0;0;0;1;0;0;1;0;0;0;0;0;0;0;0;8;0
Mis;String repetition adds space;0;1;1;0;0;1;0;0;0;1;0;0;1;0;0;0;0;0;0;0;0;8;0
Mis;Automatic Integer Conversion;0;1;1;0;0;1;0;0;0;1;0;0;1;0;0;0;0;0;0;1;0;8;0
Mis;Slices include last value;0;1;1;0;0;1;0;0;0;1;0;0;1;0;0;0;0;0;0;0;0;8;0
Mis;Integers limit;0;1;1;0;0;1;0;0;0;1;0;0;1;0;0;0;0;0;0;1;0;8;0
Mis;Confused string assignment;0;1;1;0;0;1;0;0;0;1;0;0;1;0;0;0;0;0;0;0;0;8;0
Mis;Lowercase Booleans;0;1;1;0;0;1;0;0;0;1;0;0;1;0;0;0;0;0;0;0;0;8;0
Mis;`pass` is `continue`;0;1;1;0;0;1;0;0;0;1;0;0;1;0;0;0;0;0;0;1;0;8;0
Mis;`print()` returns;0;1;1;0;0;1;0;0;0;1;0;0;1;0;0;0;0;0;0;1;0;8;0
Mis;`print()` only accepts one input;0;1;1;0;0;1;0;0;0;1;0;0;1;0;0;0;0;0;0;0;0;8;0
Mis;Secondary memory data loss;0;1;1;0;0;1;0;0;0;1;0;0;1;0;0;0;0;0;0;1;0;8;0
Mis;Transitive Assignment;0;1;1;0;0;1;0;0;0;1;0;0;1;0;0;0;0;0;0;1;0;8;0
Mis;No literal return;0;1;1;0;0;1;0;0;0;1;0;0;1;0;0;0;0;0;0;0;0;8;0
Mis;`input()` return value;0;1;1;0;0;1;0;0;0;1;0;0;1;0;0;0;0;0;0;1;0;8;0
Mis;Floating point `range()`;0;1;1;0;0;1;0;0;0;1;0;0;1;0;0;0;0;0;0;0;0;8;0
Mis;No `or` on objects;0;1;1;0;0;1;0;0;0;1;0;0;1;0;0;0;0;0;0;0;0;8;0
Mis;`print()` always has a newline;0;1;1;0;0;1;0;0;0;1;0;0;1;0;0;0;0;0;0;0;0;8;0
Mis;`print()` only string;0;1;1;0;0;1;0;0;0;1;0;0;1;0;0;0;0;0;0;0;0;8;0
Mis;`/` is integer division;0;1;1;0;0;1;0;0;0;1;0;0;1;0;0;0;0;0;0;1;0;8;0
Mis;`input()` requires function input;0;1;1;0;0;1;0;0;0;1;0;0;1;0;0;0;0;0;0;0;0;8;0
Mis;No method chain;0;1;1;0;0;1;0;0;0;1;0;0;1;0;0;0;0;0;0;0;0;8;0
Mis;`int()` rounds up floats;0;1;1;0;0;1;0;0;0;1;0;0;1;0;0;0;0;0;0;1;0;8;0
Mis;Multi-line strings with `" "`;0;1;1;0;0;1;0;0;0;1;0;0;1;0;0;0;0;0;0;1;0;8;0
Mis;List concat vector addition;0;1;1;0;0;1;0;0;0;1;0;0;1;0;0;0;0;0;0;1;0;8;0
Mis;`/` works on strings;0;1;1;0;0;1;0;0;0;1;0;0;1;0;0;0;0;0;0;1;0;8;0
Mis;Strings are mutable;0;1;1;0;0;1;0;0;0;1;0;0;1;0;0;0;0;0;0;0;0;8;0
Mis;No loop termination;0;1;1;0;0;1;0;0;0;1;0;0;1;0;0;0;0;0;0;1;0;8;0
Mis;Conditional Boolean return;0;1;1;0;0;1;0;0;0;1;0;0;1;0;0;0;0;0;0;0;0;8;0
Mis;Slices require indices;0;1;1;0;0;1;0;0;0;1;0;0;1;0;0;0;0;0;0;1;0;8;0
Mis;Parenthesized return;0;1;1;0;0;1;0;0;0;1;0;0;1;0;0;0;0;0;0;0;0;8;0
Mis;`%` is division;0;1;1;0;0;1;0;0;0;1;0;0;1;0;0;0;0;0;0;0;0;8;0
Mis;Iterable repetition repeated constant multiplication;0;1;1;0;0;1;0;0;0;1;0;0;1;0;0;0;0;0;0;1;0;8;0
Mis;`//` divides;0;1;1;0;0;1;0;0;0;1;0;0;1;0;0;0;0;0;0;0;0;8;0
Mis;Cannot mix index sign in slice;0;1;1;0;0;1;0;0;0;1;0;0;1;0;0;0;0;0;0;0;0;8;0
Mis;`//` is modulus;0;1;1;0;0;1;0;0;0;1;0;0;1;0;0;0;0;0;0;0;0;8;0
Mis;Slice removes;0;1;1;0;0;1;0;0;0;1;0;0;1;0;0;0;0;0;0;0;0;8;0
Mis;No nesting loops;0;1;1;0;0;1;0;0;0;1;0;0;1;0;0;0;0;0;0;0;0;8;0
Mis;Literals don't have a data type;0;1;1;0;0;1;0;0;0;1;0;0;1;0;0;0;0;0;0;1;0;8;0
Mis;`%` is integer division;0;1;1;0;0;1;0;0;0;1;0;0;1;0;0;0;0;0;0;1;0;8;0
Mis;No formatted string;0;1;1;0;0;1;0;0;0;1;0;0;1;0;0;0;0;0;0;1;0;8;0
Mis;`for` stops before last element;0;1;1;0;0;1;0;0;0;1;0;0;1;0;0;0;0;0;0;1;0;8;0
Mis;`int()` rounds floats;0;1;1;0;0;1;0;0;0;1;0;0;1;0;0;0;0;0;0;0;0;8;0
Mis;Implied repetition over logical operator;0;1;1;0;0;1;0;0;0;1;0;0;1;0;0;0;0;0;0;0;0;8;0
Mis;`for` only with `range()`;0;1;1;0;0;1;0;0;0;1;0;0;1;0;0;0;0;0;0;0;0;8;0
Mis;`while` tests after loop;0;1;1;0;0;1;0;0;0;1;0;0;1;0;0;0;0;0;0;1;0;8;0
Mis;Multi-value return;0;1;1;0;0;1;0;0;0;1;0;0;1;0;0;0;0;0;0;0;0;8;0
Mis;Strings are not objects;0;1;1;0;0;1;0;0;0;1;0;0;1;0;0;0;0;0;0;1;0;8;0
Sphere;`str()` function;0;1;1;0;0;1;0;0;0;1;0;0;1;0;0;0;0;0;0;0;0;8;1;0.8
Sphere;Floats;0;1;1;0;0;1;0;0;0;1;0;0;1;0;0;0;0;0;0;0;0;8;1;0.9384615384615385
Sphere;`+=` float operator;0;1;1;0;0;1;0;0;0;1;0;0;1;0;0;0;0;0;0;0;0;8;1;0.8
Sphere;Built-in Functions;0;1;1;0;0;1;0;0;0;1;0;0;1;0;0;0;0;0;0;0;0;8;0;1e-08
Sphere;`+=` integer operator;0;1;1;0;0;1;0;0;0;1;0;0;1;0;0;0;0;0;0;0;0;8;1;0.8
Sphere;Secondary Memory;0;1;1;0;0;1;0;0;0;1;0;0;1;0;0;0;0;0;0;0;0;8;1;0.8
Sphere;`*=` float operator;0;1;1;0;0;1;0;0;0;1;0;0;1;0;0;0;0;0;0;0;0;8;1;0.8
Sphere;Conditionals;0;1;1;0;0;1;0;0;0;1;0;0;1;0;0;0;0;0;0;0;0;8;0;1e-08
Sphere;Addition;0;1;1;0;0;1;0;0;0;1;0;0;1;0;0;0;0;0;0;0;0;8;0;1e-08
Sphere;Compilers;0;1;1;0;0;1;0;0;0;1;0;0;1;0;0;0;0;0;0;0;0;8;1;0.8
Sphere;`range()` function;0;1;1;0;0;1;0;0;0;1;0;0;1;0;0;0;0;0;0;0;0;8;0;1e-08
Sphere;`%=` integer operator;0;1;1;0;0;1;0;0;0;1;0;0;1;0;0;0;0;0;0;0;0;8;0;0.8
Sphere;Interpreters;0;1;1;0;0;1;0;0;0;1;0;0;1;0;0;0;0;0;0;0;0;8;1;0.8
Sphere;Booleans;0;1;1;0;0;1;0;0;0;1;0;0;1;0;0;0;0;0;0;0;0;8;1;0.8
Sphere;`%` float operator;0;1;1;0;0;1;0;0;0;1;0;0;1;0;0;0;0;0;0;0;0;8;1;0.8
Sphere;`elif` keyword;0;1;1;0;0;1;0;0;0;1;0;0;1;0;0;0;0;0;0;0;0;8;0;1e-08
Sphere;`<=` float operator;0;1;1;0;0;1;0;0;0;1;0;0;1;0;0;0;0;0;0;0;0;8;0;0.8
Sphere;`<` float operator;0;1;1;0;0;1;0;0;0;1;0;0;1;0;0;0;0;0;0;0;0;8;1;0.8
Sphere;Assignment;0;1;1;0;0;1;0;0;0;1;0;0;1;0;0;0;0;0;0;0;0;8;1;0.9384615384615385
Sphere;`continue` keyword;0;1;1;0;0;1;0;0;0;1;0;0;1;0;0;0;0;0;0;0;0;8;0;1e-08
Sphere;`+` string operator;0;1;1;0;0;1;0;0;0;1;0;0;1;0;0;0;0;0;0;0;0;8;0;1e-08
Sphere;`lower()` method;0;1;1;0;0;1;0;0;0;1;0;0;1;0;0;0;0;0;0;0;0;8;0;1e-08
Sphere;`else` keyword;0;1;1;0;0;1;0;0;0;1;0;0;1;0;0;0;0;0;0;0;0;8;0;1e-08
Sphere;`-=` integer operator;0;1;1;0;0;1;0;0;0;1;0;0;1;0;0;0;0;0;0;0;0;8;1;0.8
Sphere;`or` operator;0;1;1;0;0;1;0;0;0;1;0;0;1;0;0;0;0;0;0;0;0;8;1;0.8
Sphere;`!=` float operator;0;1;1;0;0;1;0;0;0;1;0;0;1;0;0;0;0;0;0;0;0;8;0;0.8
Sphere;`<` string operator;0;1;1;0;0;1;0;0;0;1;0;0;1;0;0;0;0;0;0;0;0;8;0;1e-08
Sphere;`<` integer operator;0;1;1;0;0;1;0;0;0;1;0;0;1;0;0;0;0;0;0;0;0;8;1;0.8
Sphere;Floating point equality;0;1;1;0;0;1;0;0;0;1;0;0;1;0;0;0;0;0;0;0;0;8;1;0.8
Sphere;Comparison;0;1;1;0;0;1;0;0;0;1;0;0;1;0;0;0;0;0;0;0;0;8;0;1e-08
Sphere;`type()` function;0;1;1;0;0;1;0;0;0;1;0;0;1;0;0;0;0;0;0;0;0;8;1;0.8
Sphere;Functions;0;1;1;0;0;1;0;0;0;1;0;0;1;0;0;0;0;0;0;0;0;8;1;0.8
Sphere;Contracted `if`;0;1;1;0;0;1;0;0;0;1;0;0;1;0;0;0;0;0;0;0;0;8;0;1e-08
Sphere;Automatic Conversion;0;1;1;0;0;1;0;0;0;1;0;0;1;0;0;0;0;0;0;0;0;8;1;0.8
Sphere;`+` float operator;0;1;1;0;0;1;0;0;0;1;0;0;1;0;0;0;0;0;0;0;0;8;1;0.8857142857142859
Sphere;`>=` integer operator;0;1;1;0;0;1;0;0;0;1;0;0;1;0;0;0;0;0;0;0;0;8;0;0.8
Sphere;`break` keyword;0;1;1;0;0;1;0;0;0;1;0;0;1;0;0;0;0;0;0;0;0;8;0;1e-08
Sphere;CPU functionality;0;1;1;0;0;1;0;0;0;1;0;0;1;0;0;0;0;0;0;0;0;8;1;0.8
Sphere;Self Assignment;0;1;1;0;0;1;0;0;0;1;0;0;1;0;0;0;0;0;0;0;0;8;1;0.9384615384615385
Sphere;`*=` integer operator;0;1;1;0;0;1;0;0;0;1;0;0;1;0;0;0;0;0;0;0;0;8;1;0.8
Sphere;`//` float operator;0;1;1;0;0;1;0;0;0;1;0;0;1;0;0;0;0;0;0;0;0;8;1;0.8
Sphere;`' '` constructor;0;1;1;0;0;1;0;0;0;1;0;0;1;0;0;0;0;0;0;0;0;8;1;0.8
Sphere;`""" """` constructor;0;1;1;0;0;1;0;0;0;1;0;0;1;0;0;0;0;0;0;0;0;8;0;1e-08
Sphere;`join()` method;0;1;1;0;0;1;0;0;0;1;0;0;1;0;0;0;0;0;0;0;0;8;0;1e-08
Sphere;`/` integer operator;0;1;1;0;0;1;0;0;0;1;0;0;1;0;0;0;0;0;0;0;0;8;1;0.9200000000000002
Sphere;Repetition;0;1;1;0;0;1;0;0;0;1;0;0;1;0;0;0;0;0;0;0;0;8;0;1e-08
Sphere;`//=` float operator;0;1;1;0;0;1;0;0;0;1;0;0;1;0;0;0;0;0;0;0;0;8;1;0.8
Sphere;Control Flow;0;1;1;0;0;1;0;0;0;1;0;0;1;0;0;0;0;0;0;0;0;8;0;1e-08
Sphere;Loops;0;1;1;0;0;1;0;0;0;1;0;0;1;0;0;0;0;0;0;0;0;8;0;1e-08
Sphere;Integers;0;1;1;0;0;1;0;0;0;1;0;0;1;0;0;0;0;0;0;0;0;8;1;0.9384615384615385
Sphere;`%=` float operator;0;1;1;0;0;1;0;0;0;1;0;0;1;0;0;0;0;0;0;0;0;8;1;0.8
Sphere;Concatenation;0;1;1;0;0;1;0;0;0;1;0;0;1;0;0;0;0;0;0;0;0;8;0;1e-08
Sphere;`*` string operator;0;1;1;0;0;1;0;0;0;1;0;0;1;0;0;0;0;0;0;0;0;8;0;1e-08
Sphere;`-=` float operator;0;1;1;0;0;1;0;0;0;1;0;0;1;0;0;0;0;0;0;0;0;8;1;0.8
Sphere;`//` integer operator;0;1;1;0;0;1;0;0;0;1;0;0;1;0;0;0;0;0;0;0;0;8;1;0.8
Sphere;`*` float operator;0;1;1;0;0;1;0;0;0;1;0;0;1;0;0;0;0;0;0;0;0;8;1;0.8857142857142859
Sphere;Atomic Data Types;0;1;1;0;0;1;0;0;0;1;0;0;1;0;0;0;0;0;0;0;0;8;0;1e-08
Sphere;Subtraction;0;1;1;0;0;1;0;0;0;1;0;0;1;0;0;0;0;0;0;0;0;8;0;1e-08
Sphere;Type Casting;0;1;1;0;0;1;0;0;0;1;0;0;1;0;0;0;0;0;0;0;0;8;0;1e-08
Sphere;`not` operator;0;1;1;0;0;1;0;0;0;1;0;0;1;0;0;0;0;0;0;0;0;8;1;0.8
Sphere;String Slicing;0;1;1;0;0;1;0;0;0;1;0;0;1;0;0;0;0;0;0;0;0;8;0;1e-08
Sphere;`and` operator;0;1;1;0;0;1;0;0;0;1;0;0;1;0;0;0;0;0;0;0;0;8;1;0.8
Sphere;`/=` integer operator;0;1;1;0;0;1;0;0;0;1;0;0;1;0;0;0;0;0;0;0;0;8;1;0.8
Sphere;Multiplication;0;1;1;0;0;1;0;0;0;1;0;0;1;0;0;0;0;0;0;0;0;8;0;1e-08
Sphere;`*` integer operator;0;1;1;0;0;1;0;0;0;1;0;0;1;0;0;0;0;0;0;0;0;8;1;0.8857142857142859
Sphere;`input()` function;0;1;1;0;0;1;0;0;0;1;0;0;1;0;0;0;0;0;0;0;0;8;1;0.9200000000000002
Sphere;`return` keyword;0;1;1;0;0;1;0;0;0;1;0;0;1;0;0;0;0;0;0;0;0;8;0;1e-08
Sphere;Indexing;0;1;1;0;0;1;0;0;0;1;0;0;1;0;0;0;0;0;0;0;0;8;0;1e-08
Sphere;Ordered Data Structures;0;1;1;0;0;1;0;0;0;1;0;0;1;0;0;0;0;0;0;0;0;8;0;1e-08
Sphere;`+` integer operator;0;1;1;0;0;1;0;0;0;1;0;0;1;0;0;0;0;0;0;0;0;8;1;0.9200000000000002
Sphere;Formatted Strings;0;1;1;0;0;1;0;0;0;1;0;0;1;0;0;0;0;0;0;0;0;8;0;1e-08
Sphere;Division;0;1;1;0;0;1;0;0;0;1;0;0;1;0;0;0;0;0;0;0;0;8;0;1e-08
Sphere;`if` keyword;0;1;1;0;0;1;0;0;0;1;0;0;1;0;0;0;0;0;0;0;0;8;0;1e-08
Sphere;Equality;0;1;1;0;0;1;0;0;0;1;0;0;1;0;0;0;0;0;0;0;0;8;0;1e-08
Sphere;Strings;0;1;1;0;0;1;0;0;0;1;0;0;1;0;0;0;0;0;0;0;0;8;1;0.9200000000000002
Sphere;`==` integer operator;0;1;1;0;0;1;0;0;0;1;0;0;1;0;0;0;0;0;0;0;0;8;1;0.8
Sphere;`-` integer operator;0;1;1;0;0;1;0;0;0;1;0;0;1;0;0;0;0;0;0;0;0;8;1;0.8857142857142859
Sphere;`!=` string operator;0;1;1;0;0;1;0;0;0;1;0;0;1;0;0;0;0;0;0;0;0;8;0;1e-08
Sphere;String Indexing;0;1;1;0;0;1;0;0;0;1;0;0;1;0;0;0;0;0;0;0;0;8;0;1e-08
Sphere;Operator Chaining;0;1;1;0;0;1;0;0;0;1;0;0;1;0;0;0;0;0;0;0;0;8;1;0.9384615384615385
Sphere;Comments;0;1;1;0;0;1;0;0;0;1;0;0;1;0;0;0;0;0;0;0;0;8;1;0.8857142857142859
Sphere;`/` float operator;0;1;1;0;0;1;0;0;0;1;0;0;1;0;0;0;0;0;0;0;0;8;1;0.8857142857142859
Sphere;`upper()` method;0;1;1;0;0;1;0;0;0;1;0;0;1;0;0;0;0;0;0;0;0;8;0;1e-08
Sphere;`try` keyword;0;1;1;0;0;1;0;0;0;1;0;0;1;0;0;0;0;0;0;0;0;8;0;1e-08
Sphere;`>` float operator;0;1;1;0;0;1;0;0;0;1;0;0;1;0;0;0;0;0;0;0;0;8;1;0.8
Sphere;`==` string operator;0;1;1;0;0;1;0;0;0;1;0;0;1;0;0;0;0;0;0;0;0;8;0;1e-08
Sphere;`for` loops;0;1;1;0;0;1;0;0;0;1;0;0;1;0;0;0;0;0;0;0;0;8;0;1e-08
Sphere;`" "` constructor;0;1;1;0;0;1;0;0;0;1;0;0;1;0;0;0;0;0;0;0;0;8;1;0.8
Sphere;`int()` function;0;1;1;0;0;1;0;0;0;1;0;0;1;0;0;0;0;0;0;0;0;8;1;0.9200000000000002
Sphere;`replace()` method;0;1;1;0;0;1;0;0;0;1;0;0;1;0;0;0;0;0;0;0;0;8;0;1e-08
Sphere;Integer Division;0;1;1;0;0;1;0;0;0;1;0;0;1;0;0;0;0;0;0;0;0;8;0;1e-08
Sphere;`%` integer operator;0;1;1;0;0;1;0;0;0;1;0;0;1;0;0;0;0;0;0;0;0;8;1;0.8
Sphere;`print()` function;0;1;1;0;0;1;0;0;0;1;0;0;1;0;0;0;0;0;0;0;0;8;1;0.9384615384615385
Sphere;Order of Operations;0;1;1;0;0;1;0;0;0;1;0;0;1;0;0;0;0;0;0;0;0;8;1;0.9384615384615385
Sphere;`len()` string function;0;1;1;0;0;1;0;0;0;1;0;0;1;0;0;0;0;0;0;0;0;8;0;1e-08
Sphere;`<=` integer operator;0;1;1;0;0;1;0;0;0;1;0;0;1;0;0;0;0;0;0;0;0;8;1;0.8
Sphere;RAM functionality;0;1;1;0;0;1;0;0;0;1;0;0;1;0;0;0;0;0;0;0;0;8;1;0.8
Sphere;`>` string operator;0;1;1;0;0;1;0;0;0;1;0;0;1;0;0;0;0;0;0;0;0;8;0;1e-08
Sphere;`/=` float operator;0;1;1;0;0;1;0;0;0;1;0;0;1;0;0;0;0;0;0;0;0;8;1;0.8
Sphere;`-` float operator;0;1;1;0;0;1;0;0;0;1;0;0;1;0;0;0;0;0;0;0;0;8;1;0.8857142857142859
Sphere;`float()` function;0;1;1;0;0;1;0;0;0;1;0;0;1;0;0;0;0;0;0;0;0;8;1;0.9200000000000002
Sphere;Slicing;0;1;1;0;0;1;0;0;0;1;0;0;1;0;0;0;0;0;0;0;0;8;0;1e-08
Sphere;`=` operator;0;1;1;0;0;1;0;0;0;1;0;0;1;0;0;0;0;0;0;0;0;8;1;0.9636363636363636
Sphere;Modulus;0;1;1;0;0;1;0;0;0;1;0;0;1;0;0;0;0;0;0;0;0;8;0;1e-08
Sphere;`!=` integer operator;0;1;1;0;0;1;0;0;0;1;0;0;1;0;0;0;0;0;0;0;0;8;1;0.8
Sphere;`>` integer operator;0;1;1;0;0;1;0;0;0;1;0;0;1;0;0;0;0;0;0;0;0;8;1;0.8
Sphere;`while` loops;0;1;1;0;0;1;0;0;0;1;0;0;1;0;0;0;0;0;0;0;0;8;0;1e-08
Sphere;Methods;0;1;1;0;0;1;0;0;0;1;0;0;1;0;0;0;0;0;0;0;0;8;0;1e-08
Sphere;`>=` float operator;0;1;1;0;0;1;0;0;0;1;0;0;1;0;0;0;0;0;0;0;0;8;1;0.8
Sphere;Machine Code;0;1;1;0;0;1;0;0;0;1;0;0;1;0;0;0;0;0;0;0;0;8;1;0.8
Sphere;Variables;0;1;1;0;0;1;0;0;0;1;0;0;1;0;0;0;0;0;0;0;0;8;1;0.9636363636363636
Sphere;Program Definition;0;1;1;0;0;1;0;0;0;1;0;0;1;0;0;0;0;0;0;0;0;8;1;0.8
Sphere;`//=` integer operator;0;1;1;0;0;1;0;0;0;1;0;0;1;0;0;0;0;0;0;0;0;8;1;0.8
Sphere;`def` constructor;0;1;1;0;0;1;0;0;0;1;0;0;1;0;0;0;0;0;0;0;0;8;1;0.8
Sphere;`capitalize()` method;0;1;1;0;0;1;0;0;0;1;0;0;1;0;0;0;0;0;0;0;0;8;0;1e-08
==::==::==
Question;81;0
Question;20;0
Question;5;0
Question;18;0
Question;8;0
Question;53;0
Question;84;0
Question;11;0
Question;83;0
Question;9;0
Question;93;0
Question;15;0
Question;82;0
Question;85;0
Question;91;0
Question;19;0
Question;79;0
Question;48;0
Question;17;0
Question;12;0
Question;90;0
Question;14;0
Question;13;0
Question;7;0
Answer;58;0
Answer;305;0
Answer;315;0
Answer;50;0
Answer;21;0
Answer;27;0
Answer;209;0
Answer;217;0
Answer;210;0
Answer;56;0
Answer;218;0
Answer;213;0
Answer;316;0
Answer;304;0
Answer;223;0
Answer;314;0
Answer;130;0
Answer;61;0
Answer;36;0
Answer;220;0
Answer;216;0
Answer;208;0
Answer;211;0
Answer;225;0
Answer;33;0
Answer;49;0
Answer;141;0
Answer;224;0
Answer;206;0
Answer;19;0
Answer;37;0
Answer;303;0
Answer;222;0
Answer;42;0
Answer;47;0
Answer;57;0
Answer;214;0
Answer;29;0
Answer;215;0
Answer;53;0
Answer;219;0
Answer;277;0
Answer;44;0
Answer;32;0
Answer;28;0
Answer;221;0
Answer;43;0
Answer;48;0
Answer;46;0
Answer;201;0
Answer;131;0
Answer;308;0
Answer;307;0
Answer;200;0
Answer;51;0
Answer;35;0
Answer;54;0
Answer;60;0
Answer;64;0
Answer;30;0
Answer;198;0
Answer;20;0
Answer;18;0
Answer;31;0
Answer;63;0
Answer;199;0
Answer;45;0
Answer;313;0
Answer;207;0
Answer;212;0
Answer;62;0
Answer;306;0
Answer;34;0
Answer;55;0
Answer;26;0
Answer;52;0
Answer;276;0
Answer;-1;0
Mis;`<` is `not >`;0;1;1;0;0;1;0;0;0;1;0;0;1;0;0;0;0;0;0;1;0;9;0
Mis;Backwards chaining;0;1;1;0;0;1;0;0;0;1;0;0;1;0;0;0;0;0;0;0;0;9;0
Mis;`print()` needs input;0;1;1;0;0;1;0;0;0;1;0;0;1;0;0;0;0;0;0;0;0;9;0
Mis;Blank last slice non-inclusive;0;1;1;0;0;1;0;0;0;1;0;0;1;0;0;0;0;0;0;0;0;9;0
Mis;Return frame bypass;0;1;1;0;0;1;0;0;0;1;0;0;1;0;0;0;0;0;0;0;0;9;0
Mis;Functions must have input;0;1;1;0;0;1;0;0;0;1;0;0;1;0;0;0;0;0;0;0;0;9;0
Mis;No Boolean literals;0;1;1;0;0;1;0;0;0;1;0;0;1;0;0;0;0;0;0;1;0;9;0
Mis;String equality isn't case sensitive;0;1;1;0;0;1;0;0;0;1;0;0;1;0;0;0;0;0;0;1;0;9;0
Mis;Single letter variables;0;1;1;0;0;1;0;0;0;1;0;0;1;0;0;0;0;0;0;0;0;9;0
Mis;`return` on `def` indentation level;0;1;1;0;0;1;0;0;0;1;0;0;1;0;0;0;0;0;0;1;0;9;0
Mis;Iterable repetition interleaves;0;1;1;0;0;1;0;0;0;1;0;0;1;0;0;0;0;0;0;0;0;9;0
Mis;Sequenced conditionals;0;1;1;0;0;1;0;0;0;1;0;0;1;0;0;0;0;0;0;1;0;9;0
Mis;`input()` includes newline;0;1;1;0;0;1;0;0;0;1;0;0;1;0;0;0;0;0;0;0;0;9;0
Mis;Concat with single element;0;1;1;0;0;1;0;0;0;1;0;0;1;0;0;0;0;0;0;0;0;9;0
Mis;Extending strings adds space;0;1;1;0;0;1;0;0;0;1;0;0;1;0;0;0;0;0;0;1;0;9;0
Mis;Variables cannot be assigned twice;0;1;1;0;0;1;0;0;0;1;0;0;1;0;0;0;0;0;0;1;0;9;0
Mis;No `and` on objects;0;1;1;0;0;1;0;0;0;1;0;0;1;0;0;0;0;0;0;0;0;9;0
Mis;`range()` only has one input;0;1;1;0;0;1;0;0;0;1;0;0;1;0;0;0;0;0;0;0;0;9;0
Mis;Linear Order of Operations;0;1;1;0;0;1;0;0;0;1;0;0;1;0;0;0;0;0;0;1;0;9;0
Mis;`%` percentage operator;0;1;1;0;0;1;0;0;0;1;0;0;1;0;0;0;0;0;0;0;0;9;0
Mis;`self` has no value;0;1;1;0;0;1;0;0;0;1;0;0;1;0;0;0;0;0;0;1;0;9;0
Mis;Characters are strings;0;1;1;0;0;1;0;0;0;1;0;0;1;0;0;0;0;0;0;0;0;9;0
Mis;Keyword functions;0;1;1;0;0;1;0;0;0;1;0;0;1;0;0;0;0;0;0;0;0;9;0
Mis;Floating point equality okay;0;1;1;0;0;1;0;0;0;1;0;0;1;0;0;0;0;0;0;1;0;9;0
Mis;Lazy assignment;0;1;1;0;0;1;0;0;0;1;0;0;1;0;0;0;0;0;0;0;0;9;0
Mis;Index -1 is start of list;0;1;1;0;0;1;0;0;0;1;0;0;1;0;0;0;0;0;0;1;0;9;0
Mis;No variable functions;0;1;1;0;0;1;0;0;0;1;0;0;1;0;0;0;0;0;0;1;0;9;0
Mis;Multi-line strings with `' '`;0;1;1;0;0;1;0;0;0;1;0;0;1;0;0;0;0;0;0;1;0;9;0
Mis;No variable methods;0;1;1;0;0;1;0;0;0;1;0;0;1;0;0;0;0;0;0;0;0;9;0
Mis;Iterable repeition multiplies by constant;0;1;1;0;0;1;0;0;0;1;0;0;1;0;0;0;0;0;0;0;0;9;0
Mis;String methods mutate;0;1;1;0;0;1;0;0;0;1;0;0;1;0;0;0;0;0;0;0;0;9;0
Mis;No short circuit;0;1;1;0;0;1;0;0;0;1;0;0;1;0;0;0;0;0;0;1;0;9;0
Mis;Slice exclusive of first index;0;1;1;0;0;1;0;0;0;1;0;0;1;0;0;0;0;0;0;0;0;9;0
Mis;`print()` non-terminating return;0;1;1;0;0;1;0;0;0;1;0;0;1;0;0;0;0;0;0;0;0;9;0
Mis;No floating point limit;0;1;1;0;0;1;0;0;0;1;0;0;1;0;0;0;0;0;0;1;0;9;0
Mis;`>` is `not <`;0;1;1;0;0;1;0;0;0;1;0;0;1;0;0;0;0;0;0;1;0;9;0
Mis;`try` without `except`;0;1;1;0;0;1;0;0;0;1;0;0;1;0;0;0;0;0;0;1;0;9;0
Mis;Inline Function Definition;0;1;1;0;0;1;0;0;0;1;0;0;1;0;0;0;0;0;0;1;0;9;0
Mis;`print()` no newline;0;1;1;0;0;1;0;0;0;1;0;0;1;0;0;0;0;0;0;0;0;9;0
Mis;`range()` starts at 1;0;1;1;0;0;1;0;0;0;1;0;0;1;0;0;0;0;0;0;1;0;9;0
Mis;Blank slice is empty;0;1;1;0;0;1;0;0;0;1;0;0;1;0;0;0;0;0;0;0;0;9;0
Mis;`-` works on strings;0;1;1;0;0;1;0;0;0;1;0;0;1;0;0;0;0;0;0;1;0;9;0
Mis;No constructor method chain;0;1;1;0;0;1;0;0;0;1;0;0;1;0;0;0;0;0;0;0;0;9;0
Mis;`#` is an operator;0;1;1;0;0;1;0;0;0;1;0;0;1;0;0;0;0;0;0;1;0;9;0
Mis;No escape sequences;0;1;1;0;0;1;0;0;0;1;0;0;1;0;0;0;0;0;0;0;0;9;0
Mis;Methods must have input;0;1;1;0;0;1;0;0;0;1;0;0;1;0;0;0;0;0;0;0;0;9;0
Mis;Assignment duplicates;0;1;1;0;0;1;0;0;0;1;0;0;1;0;0;0;0;0;0;0;0;9;0
Mis;`=` comparison;0;1;1;0;0;1;0;0;0;1;0;0;1;0;0;0;0;0;0;1;0;9;0
Mis;No tuple return;0;1;1;0;0;1;0;0;0;1;0;0;1;0;0;0;0;0;0;0;0;9;0
Mis;`for` is `while`;0;1;1;0;0;1;0;0;0;1;0;0;1;0;0;0;0;0;0;0;0;9;0
Mis;Curly brackets stay;0;1;1;0;0;1;0;0;0;1;0;0;1;0;0;0;0;0;0;0;0;9;0
Mis;`/` is modulus;0;1;1;0;0;1;0;0;0;1;0;0;1;0;0;0;0;0;0;1;0;9;0
Mis;No implicit void functions;0;1;1;0;0;1;0;0;0;1;0;0;1;0;0;0;0;0;0;0;0;9;0
Mis;Operators cannot be chained;0;1;1;0;0;1;0;0;0;1;0;0;1;0;0;0;0;0;0;1;0;9;0
Mis;Functions must return;0;1;1;0;0;1;0;0;0;1;0;0;1;0;0;0;0;0;0;0;0;9;0
Mis;No `not` on objects;0;1;1;0;0;1;0;0;0;1;0;0;1;0;0;0;0;0;0;0;0;9;0
Mis;Ternary Boolean return;0;1;1;0;0;1;0;0;0;1;0;0;1;0;0;0;0;0;0;0;0;9;0
Mis;`if` loop;0;1;1;0;0;1;0;0;0;1;0;0;1;0;0;0;0;0;0;1;0;9;0
Mis;`range()` includes the final value;0;1;1;0;0;1;0;0;0;1;0;0;1;0;0;0;0;0;0;0;0;9;0
Mis;Methods can have no arguments;0;1;1;0;0;1;0;0;0;1;0;0;1;0;0;0;0;0;0;0;0;9;0
Mis;No string constructor method chain;0;1;1;0;0;1;0;0;0;1;0;0;1;0;0;0;0;0;0;0;0;9;0
Mis;`return` continues;0;1;1;0;0;1;0;0;0;1;0;0;1;0;0;0;0;0;0;0;0;9;0
Mis;String equality not `==`;0;1;1;0;0;1;0;0;0;1;0;0;1;0;0;0;0;0;0;0;0;9;0
Mis;String repetition adds space;0;1;1;0;0;1;0;0;0;1;0;0;1;0;0;0;0;0;0;0;0;9;0
Mis;Automatic Integer Conversion;0;1;1;0;0;1;0;0;0;1;0;0;1;0;0;0;0;0;0;1;0;9;0
Mis;Slices include last value;0;1;1;0;0;1;0;0;0;1;0;0;1;0;0;0;0;0;0;0;0;9;0
Mis;Integers limit;0;1;1;0;0;1;0;0;0;1;0;0;1;0;0;0;0;0;0;1;0;9;0
Mis;Confused string assignment;0;1;1;0;0;1;0;0;0;1;0;0;1;0;0;0;0;0;0;0;0;9;0
Mis;Lowercase Booleans;0;1;1;0;0;1;0;0;0;1;0;0;1;0;0;0;0;0;0;0;0;9;0
Mis;`pass` is `continue`;0;1;1;0;0;1;0;0;0;1;0;0;1;0;0;0;0;0;0;1;0;9;0
Mis;`print()` returns;0;1;1;0;0;1;0;0;0;1;0;0;1;0;0;0;0;0;0;1;0;9;0
Mis;`print()` only accepts one input;0;1;1;0;0;1;0;0;0;1;0;0;1;0;0;0;0;0;0;0;0;9;0
Mis;Secondary memory data loss;0;1;1;0;0;1;0;0;0;1;0;0;1;0;0;0;0;0;0;1;0;9;0
Mis;Transitive Assignment;0;1;1;0;0;1;0;0;0;1;0;0;1;0;0;0;0;0;0;1;0;9;0
Mis;No literal return;0;1;1;0;0;1;0;0;0;1;0;0;1;0;0;0;0;0;0;0;0;9;0
Mis;`input()` return value;0;1;1;0;0;1;0;0;0;1;0;0;1;0;0;0;0;0;0;1;0;9;0
Mis;Floating point `range()`;0;1;1;0;0;1;0;0;0;1;0;0;1;0;0;0;0;0;0;0;0;9;0
Mis;No `or` on objects;0;1;1;0;0;1;0;0;0;1;0;0;1;0;0;0;0;0;0;0;0;9;0
Mis;`print()` always has a newline;0;1;1;0;0;1;0;0;0;1;0;0;1;0;0;0;0;0;0;0;0;9;0
Mis;`print()` only string;0;1;1;0;0;1;0;0;0;1;0;0;1;0;0;0;0;0;0;0;0;9;0
Mis;`/` is integer division;0;1;1;0;0;1;0;0;0;1;0;0;1;0;0;0;0;0;0;1;0;9;0
Mis;`input()` requires function input;0;1;1;0;0;1;0;0;0;1;0;0;1;0;0;0;0;0;0;0;0;9;0
Mis;No method chain;0;1;1;0;0;1;0;0;0;1;0;0;1;0;0;0;0;0;0;0;0;9;0
Mis;`int()` rounds up floats;0;1;1;0;0;1;0;0;0;1;0;0;1;0;0;0;0;0;0;1;0;9;0
Mis;Multi-line strings with `" "`;0;1;1;0;0;1;0;0;0;1;0;0;1;0;0;0;0;0;0;1;0;9;0
Mis;List concat vector addition;0;1;1;0;0;1;0;0;0;1;0;0;1;0;0;0;0;0;0;1;0;9;0
Mis;`/` works on strings;0;1;1;0;0;1;0;0;0;1;0;0;1;0;0;0;0;0;0;1;0;9;0
Mis;Strings are mutable;0;1;1;0;0;1;0;0;0;1;0;0;1;0;0;0;0;0;0;0;0;9;0
Mis;No loop termination;0;1;1;0;0;1;0;0;0;1;0;0;1;0;0;0;0;0;0;1;0;9;0
Mis;Conditional Boolean return;0;1;1;0;0;1;0;0;0;1;0;0;1;0;0;0;0;0;0;0;0;9;0
Mis;Slices require indices;0;1;1;0;0;1;0;0;0;1;0;0;1;0;0;0;0;0;0;1;0;9;0
Mis;Parenthesized return;0;1;1;0;0;1;0;0;0;1;0;0;1;0;0;0;0;0;0;0;0;9;0
Mis;`%` is division;0;1;1;0;0;1;0;0;0;1;0;0;1;0;0;0;0;0;0;0;0;9;0
Mis;Iterable repetition repeated constant multiplication;0;1;1;0;0;1;0;0;0;1;0;0;1;0;0;0;0;0;0;1;0;9;0
Mis;`//` divides;0;1;1;0;0;1;0;0;0;1;0;0;1;0;0;0;0;0;0;0;0;9;0
Mis;Cannot mix index sign in slice;0;1;1;0;0;1;0;0;0;1;0;0;1;0;0;0;0;0;0;0;0;9;0
Mis;`//` is modulus;0;1;1;0;0;1;0;0;0;1;0;0;1;0;0;0;0;0;0;0;0;9;0
Mis;Slice removes;0;1;1;0;0;1;0;0;0;1;0;0;1;0;0;0;0;0;0;0;0;9;0
Mis;No nesting loops;0;1;1;0;0;1;0;0;0;1;0;0;1;0;0;0;0;0;0;0;0;9;0
Mis;Literals don't have a data type;0;1;1;0;0;1;0;0;0;1;0;0;1;0;0;0;0;0;0;1;0;9;0
Mis;`%` is integer division;0;1;1;0;0;1;0;0;0;1;0;0;1;0;0;0;0;0;0;1;0;9;0
Mis;No formatted string;0;1;1;0;0;1;0;0;0;1;0;0;1;0;0;0;0;0;0;1;0;9;0
Mis;`for` stops before last element;0;1;1;0;0;1;0;0;0;1;0;0;1;0;0;0;0;0;0;1;0;9;0
Mis;`int()` rounds floats;0;1;1;0;0;1;0;0;0;1;0;0;1;0;0;0;0;0;0;0;0;9;0
Mis;Implied repetition over logical operator;0;1;1;0;0;1;0;0;0;1;0;0;1;0;0;0;0;0;0;0;0;9;0
Mis;`for` only with `range()`;0;1;1;0;0;1;0;0;0;1;0;0;1;0;0;0;0;0;0;0;0;9;0
Mis;`while` tests after loop;0;1;1;0;0;1;0;0;0;1;0;0;1;0;0;0;0;0;0;1;0;9;0
Mis;Multi-value return;0;1;1;0;0;1;0;0;0;1;0;0;1;0;0;0;0;0;0;0;0;9;0
Mis;Strings are not objects;0;1;1;0;0;1;0;0;0;1;0;0;1;0;0;0;0;0;0;1;0;9;0
Sphere;`str()` function;0;1;1;0;0;1;0;0;0;1;0;0;1;0;0;0;0;0;0;0;0;9;1;0.8
Sphere;Floats;0;1;1;0;0;1;0;0;0;1;0;0;1;0;0;0;0;0;0;0;0;9;1;0.9384615384615385
Sphere;`+=` float operator;0;1;1;0;0;1;0;0;0;1;0;0;1;0;0;0;0;0;0;0;0;9;1;0.8
Sphere;Built-in Functions;0;1;1;0;0;1;0;0;0;1;0;0;1;0;0;0;0;0;0;0;0;9;0;1e-08
Sphere;`+=` integer operator;0;1;1;0;0;1;0;0;0;1;0;0;1;0;0;0;0;0;0;0;0;9;1;0.8
Sphere;Secondary Memory;0;1;1;0;0;1;0;0;0;1;0;0;1;0;0;0;0;0;0;0;0;9;1;0.8
Sphere;`*=` float operator;0;1;1;0;0;1;0;0;0;1;0;0;1;0;0;0;0;0;0;0;0;9;1;0.8
Sphere;Conditionals;0;1;1;0;0;1;0;0;0;1;0;0;1;0;0;0;0;0;0;0;0;9;0;1e-08
Sphere;Addition;0;1;1;0;0;1;0;0;0;1;0;0;1;0;0;0;0;0;0;0;0;9;0;1e-08
Sphere;Compilers;0;1;1;0;0;1;0;0;0;1;0;0;1;0;0;0;0;0;0;0;0;9;1;0.8
Sphere;`range()` function;0;1;1;0;0;1;0;0;0;1;0;0;1;0;0;0;0;0;0;0;0;9;0;1e-08
Sphere;`%=` integer operator;0;1;1;0;0;1;0;0;0;1;0;0;1;0;0;0;0;0;0;0;0;9;0;0.8
Sphere;Interpreters;0;1;1;0;0;1;0;0;0;1;0;0;1;0;0;0;0;0;0;0;0;9;1;0.8
Sphere;Booleans;0;1;1;0;0;1;0;0;0;1;0;0;1;0;0;0;0;0;0;0;0;9;1;0.8
Sphere;`%` float operator;0;1;1;0;0;1;0;0;0;1;0;0;1;0;0;0;0;0;0;0;0;9;1;0.8
Sphere;`elif` keyword;0;1;1;0;0;1;0;0;0;1;0;0;1;0;0;0;0;0;0;0;0;9;0;1e-08
Sphere;`<=` float operator;0;1;1;0;0;1;0;0;0;1;0;0;1;0;0;0;0;0;0;0;0;9;0;0.8
Sphere;`<` float operator;0;1;1;0;0;1;0;0;0;1;0;0;1;0;0;0;0;0;0;0;0;9;1;0.8
Sphere;Assignment;0;1;1;0;0;1;0;0;0;1;0;0;1;0;0;0;0;0;0;0;0;9;1;0.9384615384615385
Sphere;`continue` keyword;0;1;1;0;0;1;0;0;0;1;0;0;1;0;0;0;0;0;0;0;0;9;0;1e-08
Sphere;`+` string operator;0;1;1;0;0;1;0;0;0;1;0;0;1;0;0;0;0;0;0;0;0;9;0;1e-08
Sphere;`lower()` method;0;1;1;0;0;1;0;0;0;1;0;0;1;0;0;0;0;0;0;0;0;9;0;1e-08
Sphere;`else` keyword;0;1;1;0;0;1;0;0;0;1;0;0;1;0;0;0;0;0;0;0;0;9;0;1e-08
Sphere;`-=` integer operator;0;1;1;0;0;1;0;0;0;1;0;0;1;0;0;0;0;0;0;0;0;9;1;0.8
Sphere;`or` operator;0;1;1;0;0;1;0;0;0;1;0;0;1;0;0;0;0;0;0;0;0;9;1;0.8
Sphere;`!=` float operator;0;1;1;0;0;1;0;0;0;1;0;0;1;0;0;0;0;0;0;0;0;9;0;0.8
Sphere;`<` string operator;0;1;1;0;0;1;0;0;0;1;0;0;1;0;0;0;0;0;0;0;0;9;0;1e-08
Sphere;`<` integer operator;0;1;1;0;0;1;0;0;0;1;0;0;1;0;0;0;0;0;0;0;0;9;1;0.8
Sphere;Floating point equality;0;1;1;0;0;1;0;0;0;1;0;0;1;0;0;0;0;0;0;0;0;9;1;0.8
Sphere;Comparison;0;1;1;0;0;1;0;0;0;1;0;0;1;0;0;0;0;0;0;0;0;9;0;1e-08
Sphere;`type()` function;0;1;1;0;0;1;0;0;0;1;0;0;1;0;0;0;0;0;0;0;0;9;1;0.8
Sphere;Functions;0;1;1;0;0;1;0;0;0;1;0;0;1;0;0;0;0;0;0;0;0;9;1;0.8
Sphere;Contracted `if`;0;1;1;0;0;1;0;0;0;1;0;0;1;0;0;0;0;0;0;0;0;9;0;1e-08
Sphere;Automatic Conversion;0;1;1;0;0;1;0;0;0;1;0;0;1;0;0;0;0;0;0;0;0;9;1;0.8
Sphere;`+` float operator;0;1;1;0;0;1;0;0;0;1;0;0;1;0;0;0;0;0;0;0;0;9;1;0.8857142857142859
Sphere;`>=` integer operator;0;1;1;0;0;1;0;0;0;1;0;0;1;0;0;0;0;0;0;0;0;9;0;0.8
Sphere;`break` keyword;0;1;1;0;0;1;0;0;0;1;0;0;1;0;0;0;0;0;0;0;0;9;0;1e-08
Sphere;CPU functionality;0;1;1;0;0;1;0;0;0;1;0;0;1;0;0;0;0;0;0;0;0;9;1;0.8
Sphere;Self Assignment;0;1;1;0;0;1;0;0;0;1;0;0;1;0;0;0;0;0;0;0;0;9;1;0.9384615384615385
Sphere;`*=` integer operator;0;1;1;0;0;1;0;0;0;1;0;0;1;0;0;0;0;0;0;0;0;9;1;0.8
Sphere;`//` float operator;0;1;1;0;0;1;0;0;0;1;0;0;1;0;0;0;0;0;0;0;0;9;1;0.8
Sphere;`' '` constructor;0;1;1;0;0;1;0;0;0;1;0;0;1;0;0;0;0;0;0;0;0;9;1;0.8
Sphere;`""" """` constructor;0;1;1;0;0;1;0;0;0;1;0;0;1;0;0;0;0;0;0;0;0;9;0;1e-08
Sphere;`join()` method;0;1;1;0;0;1;0;0;0;1;0;0;1;0;0;0;0;0;0;0;0;9;0;1e-08
Sphere;`/` integer operator;0;1;1;0;0;1;0;0;0;1;0;0;1;0;0;0;0;0;0;0;0;9;1;0.9200000000000002
Sphere;Repetition;0;1;1;0;0;1;0;0;0;1;0;0;1;0;0;0;0;0;0;0;0;9;0;1e-08
Sphere;`//=` float operator;0;1;1;0;0;1;0;0;0;1;0;0;1;0;0;0;0;0;0;0;0;9;1;0.8
Sphere;Control Flow;0;1;1;0;0;1;0;0;0;1;0;0;1;0;0;0;0;0;0;0;0;9;0;1e-08
Sphere;Loops;0;1;1;0;0;1;0;0;0;1;0;0;1;0;0;0;0;0;0;0;0;9;0;1e-08
Sphere;Integers;0;1;1;0;0;1;0;0;0;1;0;0;1;0;0;0;0;0;0;0;0;9;1;0.9384615384615385
Sphere;`%=` float operator;0;1;1;0;0;1;0;0;0;1;0;0;1;0;0;0;0;0;0;0;0;9;1;0.8
Sphere;Concatenation;0;1;1;0;0;1;0;0;0;1;0;0;1;0;0;0;0;0;0;0;0;9;0;1e-08
Sphere;`*` string operator;0;1;1;0;0;1;0;0;0;1;0;0;1;0;0;0;0;0;0;0;0;9;0;1e-08
Sphere;`-=` float operator;0;1;1;0;0;1;0;0;0;1;0;0;1;0;0;0;0;0;0;0;0;9;1;0.8
Sphere;`//` integer operator;0;1;1;0;0;1;0;0;0;1;0;0;1;0;0;0;0;0;0;0;0;9;1;0.8
Sphere;`*` float operator;0;1;1;0;0;1;0;0;0;1;0;0;1;0;0;0;0;0;0;0;0;9;1;0.8857142857142859
Sphere;Atomic Data Types;0;1;1;0;0;1;0;0;0;1;0;0;1;0;0;0;0;0;0;0;0;9;0;1e-08
Sphere;Subtraction;0;1;1;0;0;1;0;0;0;1;0;0;1;0;0;0;0;0;0;0;0;9;0;1e-08
Sphere;Type Casting;0;1;1;0;0;1;0;0;0;1;0;0;1;0;0;0;0;0;0;0;0;9;0;1e-08
Sphere;`not` operator;0;1;1;0;0;1;0;0;0;1;0;0;1;0;0;0;0;0;0;0;0;9;1;0.8
Sphere;String Slicing;0;1;1;0;0;1;0;0;0;1;0;0;1;0;0;0;0;0;0;0;0;9;0;1e-08
Sphere;`and` operator;0;1;1;0;0;1;0;0;0;1;0;0;1;0;0;0;0;0;0;0;0;9;1;0.8
Sphere;`/=` integer operator;0;1;1;0;0;1;0;0;0;1;0;0;1;0;0;0;0;0;0;0;0;9;1;0.8
Sphere;Multiplication;0;1;1;0;0;1;0;0;0;1;0;0;1;0;0;0;0;0;0;0;0;9;0;1e-08
Sphere;`*` integer operator;0;1;1;0;0;1;0;0;0;1;0;0;1;0;0;0;0;0;0;0;0;9;1;0.8857142857142859
Sphere;`input()` function;0;1;1;0;0;1;0;0;0;1;0;0;1;0;0;0;0;0;0;0;0;9;1;0.9200000000000002
Sphere;`return` keyword;0;1;1;0;0;1;0;0;0;1;0;0;1;0;0;0;0;0;0;0;0;9;0;1e-08
Sphere;Indexing;0;1;1;0;0;1;0;0;0;1;0;0;1;0;0;0;0;0;0;0;0;9;0;1e-08
Sphere;Ordered Data Structures;0;1;1;0;0;1;0;0;0;1;0;0;1;0;0;0;0;0;0;0;0;9;0;1e-08
Sphere;`+` integer operator;0;1;1;0;0;1;0;0;0;1;0;0;1;0;0;0;0;0;0;0;0;9;1;0.9200000000000002
Sphere;Formatted Strings;0;1;1;0;0;1;0;0;0;1;0;0;1;0;0;0;0;0;0;0;0;9;0;1e-08
Sphere;Division;0;1;1;0;0;1;0;0;0;1;0;0;1;0;0;0;0;0;0;0;0;9;0;1e-08
Sphere;`if` keyword;0;1;1;0;0;1;0;0;0;1;0;0;1;0;0;0;0;0;0;0;0;9;0;1e-08
Sphere;Equality;0;1;1;0;0;1;0;0;0;1;0;0;1;0;0;0;0;0;0;0;0;9;0;1e-08
Sphere;Strings;0;1;1;0;0;1;0;0;0;1;0;0;1;0;0;0;0;0;0;0;0;9;1;0.9200000000000002
Sphere;`==` integer operator;0;1;1;0;0;1;0;0;0;1;0;0;1;0;0;0;0;0;0;0;0;9;1;0.8
Sphere;`-` integer operator;0;1;1;0;0;1;0;0;0;1;0;0;1;0;0;0;0;0;0;0;0;9;1;0.8857142857142859
Sphere;`!=` string operator;0;1;1;0;0;1;0;0;0;1;0;0;1;0;0;0;0;0;0;0;0;9;0;1e-08
Sphere;String Indexing;0;1;1;0;0;1;0;0;0;1;0;0;1;0;0;0;0;0;0;0;0;9;0;1e-08
Sphere;Operator Chaining;0;1;1;0;0;1;0;0;0;1;0;0;1;0;0;0;0;0;0;0;0;9;1;0.9384615384615385
Sphere;Comments;0;1;1;0;0;1;0;0;0;1;0;0;1;0;0;0;0;0;0;0;0;9;1;0.8857142857142859
Sphere;`/` float operator;0;1;1;0;0;1;0;0;0;1;0;0;1;0;0;0;0;0;0;0;0;9;1;0.8857142857142859
Sphere;`upper()` method;0;1;1;0;0;1;0;0;0;1;0;0;1;0;0;0;0;0;0;0;0;9;0;1e-08
Sphere;`try` keyword;0;1;1;0;0;1;0;0;0;1;0;0;1;0;0;0;0;0;0;0;0;9;0;1e-08
Sphere;`>` float operator;0;1;1;0;0;1;0;0;0;1;0;0;1;0;0;0;0;0;0;0;0;9;1;0.8
Sphere;`==` string operator;0;1;1;0;0;1;0;0;0;1;0;0;1;0;0;0;0;0;0;0;0;9;0;1e-08
Sphere;`for` loops;0;1;1;0;0;1;0;0;0;1;0;0;1;0;0;0;0;0;0;0;0;9;0;1e-08
Sphere;`" "` constructor;0;1;1;0;0;1;0;0;0;1;0;0;1;0;0;0;0;0;0;0;0;9;1;0.8
Sphere;`int()` function;0;1;1;0;0;1;0;0;0;1;0;0;1;0;0;0;0;0;0;0;0;9;1;0.9200000000000002
Sphere;`replace()` method;0;1;1;0;0;1;0;0;0;1;0;0;1;0;0;0;0;0;0;0;0;9;0;1e-08
Sphere;Integer Division;0;1;1;0;0;1;0;0;0;1;0;0;1;0;0;0;0;0;0;0;0;9;0;1e-08
Sphere;`%` integer operator;0;1;1;0;0;1;0;0;0;1;0;0;1;0;0;0;0;0;0;0;0;9;1;0.8
Sphere;`print()` function;0;1;1;0;0;1;0;0;0;1;0;0;1;0;0;0;0;0;0;0;0;9;1;0.9384615384615385
Sphere;Order of Operations;0;1;1;0;0;1;0;0;0;1;0;0;1;0;0;0;0;0;0;0;0;9;1;0.9384615384615385
Sphere;`len()` string function;0;1;1;0;0;1;0;0;0;1;0;0;1;0;0;0;0;0;0;0;0;9;0;1e-08
Sphere;`<=` integer operator;0;1;1;0;0;1;0;0;0;1;0;0;1;0;0;0;0;0;0;0;0;9;1;0.8
Sphere;RAM functionality;0;1;1;0;0;1;0;0;0;1;0;0;1;0;0;0;0;0;0;0;0;9;1;0.8
Sphere;`>` string operator;0;1;1;0;0;1;0;0;0;1;0;0;1;0;0;0;0;0;0;0;0;9;0;1e-08
Sphere;`/=` float operator;0;1;1;0;0;1;0;0;0;1;0;0;1;0;0;0;0;0;0;0;0;9;1;0.8
Sphere;`-` float operator;0;1;1;0;0;1;0;0;0;1;0;0;1;0;0;0;0;0;0;0;0;9;1;0.8857142857142859
Sphere;`float()` function;0;1;1;0;0;1;0;0;0;1;0;0;1;0;0;0;0;0;0;0;0;9;1;0.9200000000000002
Sphere;Slicing;0;1;1;0;0;1;0;0;0;1;0;0;1;0;0;0;0;0;0;0;0;9;0;1e-08
Sphere;`=` operator;0;1;1;0;0;1;0;0;0;1;0;0;1;0;0;0;0;0;0;0;0;9;1;0.9636363636363636
Sphere;Modulus;0;1;1;0;0;1;0;0;0;1;0;0;1;0;0;0;0;0;0;0;0;9;0;1e-08
Sphere;`!=` integer operator;0;1;1;0;0;1;0;0;0;1;0;0;1;0;0;0;0;0;0;0;0;9;1;0.8
Sphere;`>` integer operator;0;1;1;0;0;1;0;0;0;1;0;0;1;0;0;0;0;0;0;0;0;9;1;0.8
Sphere;`while` loops;0;1;1;0;0;1;0;0;0;1;0;0;1;0;0;0;0;0;0;0;0;9;0;1e-08
Sphere;Methods;0;1;1;0;0;1;0;0;0;1;0;0;1;0;0;0;0;0;0;0;0;9;0;1e-08
Sphere;`>=` float operator;0;1;1;0;0;1;0;0;0;1;0;0;1;0;0;0;0;0;0;0;0;9;1;0.8
Sphere;Machine Code;0;1;1;0;0;1;0;0;0;1;0;0;1;0;0;0;0;0;0;0;0;9;1;0.8
Sphere;Variables;0;1;1;0;0;1;0;0;0;1;0;0;1;0;0;0;0;0;0;0;0;9;1;0.9636363636363636
Sphere;Program Definition;0;1;1;0;0;1;0;0;0;1;0;0;1;0;0;0;0;0;0;0;0;9;1;0.8
Sphere;`//=` integer operator;0;1;1;0;0;1;0;0;0;1;0;0;1;0;0;0;0;0;0;0;0;9;1;0.8
Sphere;`def` constructor;0;1;1;0;0;1;0;0;0;1;0;0;1;0;0;0;0;0;0;0;0;9;1;0.8
Sphere;`capitalize()` method;0;1;1;0;0;1;0;0;0;1;0;0;1;0;0;0;0;0;0;0;0;9;0;1e-08
==::==::==
Question;81;0
Question;20;0
Question;5;0
Question;18;0
Question;8;0
Question;53;0
Question;84;0
Question;11;0
Question;83;0
Question;9;0
Question;93;0
Question;15;0
Question;82;0
Question;85;0
Question;91;0
Question;19;0
Question;79;0
Question;48;0
Question;17;0
Question;12;0
Question;90;0
Question;14;0
Question;13;0
Question;7;0
Answer;58;0
Answer;305;0
Answer;315;0
Answer;50;0
Answer;21;0
Answer;27;0
Answer;209;0
Answer;217;0
Answer;210;0
Answer;56;0
Answer;218;0
Answer;213;0
Answer;316;0
Answer;304;0
Answer;223;0
Answer;314;0
Answer;130;0
Answer;61;0
Answer;36;0
Answer;220;0
Answer;216;0
Answer;208;0
Answer;211;0
Answer;225;0
Answer;33;0
Answer;49;0
Answer;141;0
Answer;224;0
Answer;206;0
Answer;19;0
Answer;37;0
Answer;303;0
Answer;222;0
Answer;42;0
Answer;47;0
Answer;57;0
Answer;214;0
Answer;29;0
Answer;215;0
Answer;53;0
Answer;219;0
Answer;277;0
Answer;44;0
Answer;32;0
Answer;28;0
Answer;221;0
Answer;43;0
Answer;48;0
Answer;46;0
Answer;201;0
Answer;131;0
Answer;308;0
Answer;307;0
Answer;200;0
Answer;51;0
Answer;35;0
Answer;54;0
Answer;60;0
Answer;64;0
Answer;30;0
Answer;198;0
Answer;20;0
Answer;18;0
Answer;31;0
Answer;63;0
Answer;199;0
Answer;45;0
Answer;313;0
Answer;207;0
Answer;212;0
Answer;62;0
Answer;306;0
Answer;34;0
Answer;55;0
Answer;26;0
Answer;52;0
Answer;276;0
Answer;-1;0
Mis;`<` is `not >`;0;1;1;0;0;1;0;0;0;1;0;0;1;0;1;0;0;0;0;1;0;10;0
Mis;Backwards chaining;0;1;1;0;0;1;0;0;0;1;0;0;1;0;1;0;0;0;0;0;0;10;0
Mis;`print()` needs input;0;1;1;0;0;1;0;0;0;1;0;0;1;0;1;0;0;0;0;0;0;10;0
Mis;Blank last slice non-inclusive;0;1;1;0;0;1;0;0;0;1;0;0;1;0;1;0;0;0;0;0;0;10;0
Mis;Return frame bypass;0;1;1;0;0;1;0;0;0;1;0;0;1;0;1;0;0;0;0;0;0;10;0
Mis;Functions must have input;0;1;1;0;0;1;0;0;0;1;0;0;1;0;1;0;0;0;0;0;0;10;0
Mis;No Boolean literals;0;1;1;0;0;1;0;0;0;1;0;0;1;0;1;0;0;0;0;1;0;10;0
Mis;String equality isn't case sensitive;0;1;1;0;0;1;0;0;0;1;0;0;1;0;1;0;0;0;0;1;0;10;0
Mis;Single letter variables;0;1;1;0;0;1;0;0;0;1;0;0;1;0;1;0;0;0;0;0;0;10;0
Mis;`return` on `def` indentation level;0;1;1;0;0;1;0;0;0;1;0;0;1;0;1;0;0;0;0;1;0;10;0
Mis;Iterable repetition interleaves;0;1;1;0;0;1;0;0;0;1;0;0;1;0;1;0;0;0;0;0;0;10;0
Mis;Sequenced conditionals;0;1;1;0;0;1;0;0;0;1;0;0;1;0;1;0;0;0;0;1;0;10;0
Mis;`input()` includes newline;0;1;1;0;0;1;0;0;0;1;0;0;1;0;1;0;0;0;0;0;0;10;0
Mis;Concat with single element;0;1;1;0;0;1;0;0;0;1;0;0;1;0;1;0;0;0;0;0;0;10;0
Mis;Extending strings adds space;0;1;1;0;0;1;0;0;0;1;0;0;1;0;1;0;0;0;0;1;0;10;0
Mis;Variables cannot be assigned twice;0;1;1;0;0;1;0;0;0;1;0;0;1;0;1;0;0;0;0;1;0;10;0
Mis;No `and` on objects;0;1;1;0;0;1;0;0;0;1;0;0;1;0;1;0;0;0;0;0;0;10;0
Mis;`range()` only has one input;0;1;1;0;0;1;0;0;0;1;0;0;1;0;1;0;0;0;0;0;0;10;0
Mis;Linear Order of Operations;0;1;1;0;0;1;0;0;0;1;0;0;1;0;1;0;0;0;0;1;0;10;0
Mis;`%` percentage operator;0;1;1;0;0;1;0;0;0;1;0;0;1;0;1;0;0;0;0;0;0;10;0
Mis;`self` has no value;0;1;1;0;0;1;0;0;0;1;0;0;1;0;1;0;0;0;0;1;0;10;0
Mis;Characters are strings;0;1;1;0;0;1;0;0;0;1;0;0;1;0;1;0;0;0;0;0;0;10;0
Mis;Keyword functions;0;1;1;0;0;1;0;0;0;1;0;0;1;0;1;0;0;0;0;0;0;10;0
Mis;Floating point equality okay;0;1;1;0;0;1;0;0;0;1;0;0;1;0;1;0;0;0;0;1;0;10;0
Mis;Lazy assignment;0;1;1;0;0;1;0;0;0;1;0;0;1;0;1;0;0;0;0;0;0;10;0
Mis;Index -1 is start of list;0;1;1;0;0;1;0;0;0;1;0;0;1;0;1;0;0;0;0;1;0;10;0
Mis;No variable functions;0;1;1;0;0;1;0;0;0;1;0;0;1;0;1;0;0;0;0;1;0;10;0
Mis;Multi-line strings with `' '`;0;1;1;0;0;1;0;0;0;1;0;0;1;0;1;0;0;0;0;1;0;10;0
Mis;No variable methods;0;1;1;0;0;1;0;0;0;1;0;0;1;0;1;0;0;0;0;0;0;10;0
Mis;Iterable repeition multiplies by constant;0;1;1;0;0;1;0;0;0;1;0;0;1;0;1;0;0;0;0;0;0;10;0
Mis;String methods mutate;0;1;1;0;0;1;0;0;0;1;0;0;1;0;1;0;0;0;0;0;0;10;0
Mis;No short circuit;0;1;1;0;0;1;0;0;0;1;0;0;1;0;1;0;0;0;0;1;0;10;0
Mis;Slice exclusive of first index;0;1;1;0;0;1;0;0;0;1;0;0;1;0;1;0;0;0;0;0;0;10;0
Mis;`print()` non-terminating return;0;1;1;0;0;1;0;0;0;1;0;0;1;0;1;0;0;0;0;0;0;10;0
Mis;No floating point limit;0;1;1;0;0;1;0;0;0;1;0;0;1;0;1;0;0;0;0;1;0;10;0
Mis;`>` is `not <`;0;1;1;0;0;1;0;0;0;1;0;0;1;0;1;0;0;0;0;1;0;10;0
Mis;`try` without `except`;0;1;1;0;0;1;0;0;0;1;0;0;1;0;1;0;0;0;0;1;0;10;0
Mis;Inline Function Definition;0;1;1;0;0;1;0;0;0;1;0;0;1;0;1;0;0;0;0;1;0;10;0
Mis;`print()` no newline;0;1;1;0;0;1;0;0;0;1;0;0;1;0;1;0;0;0;0;0;0;10;0
Mis;`range()` starts at 1;0;1;1;0;0;1;0;0;0;1;0;0;1;0;1;0;0;0;0;1;0;10;0
Mis;Blank slice is empty;0;1;1;0;0;1;0;0;0;1;0;0;1;0;1;0;0;0;0;0;0;10;0
Mis;`-` works on strings;0;1;1;0;0;1;0;0;0;1;0;0;1;0;1;0;0;0;0;1;0;10;0
Mis;No constructor method chain;0;1;1;0;0;1;0;0;0;1;0;0;1;0;1;0;0;0;0;0;0;10;0
Mis;`#` is an operator;0;1;1;0;0;1;0;0;0;1;0;0;1;0;1;0;0;0;0;1;0;10;0
Mis;No escape sequences;0;1;1;0;0;1;0;0;0;1;0;0;1;0;1;0;0;0;0;0;0;10;0
Mis;Methods must have input;0;1;1;0;0;1;0;0;0;1;0;0;1;0;1;0;0;0;0;0;0;10;0
Mis;Assignment duplicates;0;1;1;0;0;1;0;0;0;1;0;0;1;0;1;0;0;0;0;0;0;10;0
Mis;`=` comparison;0;1;1;0;0;1;0;0;0;1;0;0;1;0;1;0;0;0;0;1;0;10;0
Mis;No tuple return;0;1;1;0;0;1;0;0;0;1;0;0;1;0;1;0;0;0;0;0;0;10;0
Mis;`for` is `while`;0;1;1;0;0;1;0;0;0;1;0;0;1;0;1;0;0;0;0;0;0;10;0
Mis;Curly brackets stay;0;1;1;0;0;1;0;0;0;1;0;0;1;0;1;0;0;0;0;0;0;10;0
Mis;`/` is modulus;0;1;1;0;0;1;0;0;0;1;0;0;1;0;1;0;0;0;0;1;0;10;0
Mis;No implicit void functions;0;1;1;0;0;1;0;0;0;1;0;0;1;0;1;0;0;0;0;0;0;10;0
Mis;Operators cannot be chained;0;1;1;0;0;1;0;0;0;1;0;0;1;0;1;0;0;0;0;1;0;10;0
Mis;Functions must return;0;1;1;0;0;1;0;0;0;1;0;0;1;0;1;0;0;0;0;0;0;10;0
Mis;No `not` on objects;0;1;1;0;0;1;0;0;0;1;0;0;1;0;1;0;0;0;0;0;0;10;0
Mis;Ternary Boolean return;0;1;1;0;0;1;0;0;0;1;0;0;1;0;1;0;0;0;0;0;0;10;0
Mis;`if` loop;0;1;1;0;0;1;0;0;0;1;0;0;1;0;1;0;0;0;0;1;0;10;0
Mis;`range()` includes the final value;0;1;1;0;0;1;0;0;0;1;0;0;1;0;1;0;0;0;0;0;0;10;0
Mis;Methods can have no arguments;0;1;1;0;0;1;0;0;0;1;0;0;1;0;1;0;0;0;0;0;0;10;0
Mis;No string constructor method chain;0;1;1;0;0;1;0;0;0;1;0;0;1;0;1;0;0;0;0;0;0;10;0
Mis;`return` continues;0;1;1;0;0;1;0;0;0;1;0;0;1;0;1;0;0;0;0;0;0;10;0
Mis;String equality not `==`;0;1;1;0;0;1;0;0;0;1;0;0;1;0;1;0;0;0;0;0;0;10;0
Mis;String repetition adds space;0;1;1;0;0;1;0;0;0;1;0;0;1;0;1;0;0;0;0;0;0;10;0
Mis;Automatic Integer Conversion;0;1;1;0;0;1;0;0;0;1;0;0;1;0;1;0;0;0;0;1;0;10;0
Mis;Slices include last value;0;1;1;0;0;1;0;0;0;1;0;0;1;0;1;0;0;0;0;0;0;10;0
Mis;Integers limit;0;1;1;0;0;1;0;0;0;1;0;0;1;0;1;0;0;0;0;1;0;10;0
Mis;Confused string assignment;0;1;1;0;0;1;0;0;0;1;0;0;1;0;1;0;0;0;0;0;0;10;0
Mis;Lowercase Booleans;0;1;1;0;0;1;0;0;0;1;0;0;1;0;1;0;0;0;0;0;0;10;0
Mis;`pass` is `continue`;0;1;1;0;0;1;0;0;0;1;0;0;1;0;1;0;0;0;0;1;0;10;0
Mis;`print()` returns;0;1;1;0;0;1;0;0;0;1;0;0;1;0;1;0;0;0;0;1;0;10;0
Mis;`print()` only accepts one input;0;1;1;0;0;1;0;0;0;1;0;0;1;0;1;0;0;0;0;0;0;10;0
Mis;Secondary memory data loss;0;1;1;0;0;1;0;0;0;1;0;0;1;0;1;0;0;0;0;1;0;10;0
Mis;Transitive Assignment;0;1;1;0;0;1;0;0;0;1;0;0;1;0;1;0;0;0;0;1;0;10;0
Mis;No literal return;0;1;1;0;0;1;0;0;0;1;0;0;1;0;1;0;0;0;0;0;0;10;0
Mis;`input()` return value;0;1;1;0;0;1;0;0;0;1;0;0;1;0;1;0;0;0;0;1;0;10;0
Mis;Floating point `range()`;0;1;1;0;0;1;0;0;0;1;0;0;1;0;1;0;0;0;0;0;0;10;0
Mis;No `or` on objects;0;1;1;0;0;1;0;0;0;1;0;0;1;0;1;0;0;0;0;0;0;10;0
Mis;`print()` always has a newline;0;1;1;0;0;1;0;0;0;1;0;0;1;0;1;0;0;0;0;0;0;10;0
Mis;`print()` only string;0;1;1;0;0;1;0;0;0;1;0;0;1;0;1;0;0;0;0;0;0;10;0
Mis;`/` is integer division;0;1;1;0;0;1;0;0;0;1;0;0;1;0;1;0;0;0;0;1;0;10;0
Mis;`input()` requires function input;0;1;1;0;0;1;0;0;0;1;0;0;1;0;1;0;0;0;0;0;0;10;0
Mis;No method chain;0;1;1;0;0;1;0;0;0;1;0;0;1;0;1;0;0;0;0;0;0;10;0
Mis;`int()` rounds up floats;0;1;1;0;0;1;0;0;0;1;0;0;1;0;1;0;0;0;0;1;0;10;0
Mis;Multi-line strings with `" "`;0;1;1;0;0;1;0;0;0;1;0;0;1;0;1;0;0;0;0;1;0;10;0
Mis;List concat vector addition;0;1;1;0;0;1;0;0;0;1;0;0;1;0;1;0;0;0;0;1;0;10;0
Mis;`/` works on strings;0;1;1;0;0;1;0;0;0;1;0;0;1;0;1;0;0;0;0;1;0;10;0
Mis;Strings are mutable;0;1;1;0;0;1;0;0;0;1;0;0;1;0;1;0;0;0;0;0;0;10;0
Mis;No loop termination;0;1;1;0;0;1;0;0;0;1;0;0;1;0;1;0;0;0;0;1;0;10;0
Mis;Conditional Boolean return;0;1;1;0;0;1;0;0;0;1;0;0;1;0;1;0;0;0;0;0;0;10;0
Mis;Slices require indices;0;1;1;0;0;1;0;0;0;1;0;0;1;0;1;0;0;0;0;1;0;10;0
Mis;Parenthesized return;0;1;1;0;0;1;0;0;0;1;0;0;1;0;1;0;0;0;0;0;0;10;0
Mis;`%` is division;0;1;1;0;0;1;0;0;0;1;0;0;1;0;1;0;0;0;0;0;0;10;0
Mis;Iterable repetition repeated constant multiplication;0;1;1;0;0;1;0;0;0;1;0;0;1;0;1;0;0;0;0;1;0;10;0
Mis;`//` divides;0;1;1;0;0;1;0;0;0;1;0;0;1;0;1;0;0;0;0;0;0;10;0
Mis;Cannot mix index sign in slice;0;1;1;0;0;1;0;0;0;1;0;0;1;0;1;0;0;0;0;0;0;10;0
Mis;`//` is modulus;0;1;1;0;0;1;0;0;0;1;0;0;1;0;1;0;0;0;0;0;0;10;0
Mis;Slice removes;0;1;1;0;0;1;0;0;0;1;0;0;1;0;1;0;0;0;0;0;0;10;0
Mis;No nesting loops;0;1;1;0;0;1;0;0;0;1;0;0;1;0;1;0;0;0;0;0;0;10;0
Mis;Literals don't have a data type;0;1;1;0;0;1;0;0;0;1;0;0;1;0;1;0;0;0;0;1;0;10;0
Mis;`%` is integer division;0;1;1;0;0;1;0;0;0;1;0;0;1;0;1;0;0;0;0;1;0;10;0
Mis;No formatted string;0;1;1;0;0;1;0;0;0;1;0;0;1;0;1;0;0;0;0;1;0;10;0
Mis;`for` stops before last element;0;1;1;0;0;1;0;0;0;1;0;0;1;0;1;0;0;0;0;1;0;10;0
Mis;`int()` rounds floats;0;1;1;0;0;1;0;0;0;1;0;0;1;0;1;0;0;0;0;0;0;10;0
Mis;Implied repetition over logical operator;0;1;1;0;0;1;0;0;0;1;0;0;1;0;1;0;0;0;0;0;0;10;0
Mis;`for` only with `range()`;0;1;1;0;0;1;0;0;0;1;0;0;1;0;1;0;0;0;0;0;0;10;0
Mis;`while` tests after loop;0;1;1;0;0;1;0;0;0;1;0;0;1;0;1;0;0;0;0;1;0;10;0
Mis;Multi-value return;0;1;1;0;0;1;0;0;0;1;0;0;1;0;1;0;0;0;0;0;0;10;0
Mis;Strings are not objects;0;1;1;0;0;1;0;0;0;1;0;0;1;0;1;0;0;0;0;1;0;10;0
Sphere;`str()` function;0;1;1;0;0;1;0;0;0;1;0;0;1;0;1;0;0;0;0;1;0;10;1;0.9200000000000002
Sphere;Strings;0;1;1;0;0;1;0;0;0;1;0;0;1;0;1;0;0;0;0;1;0;10;1;0.9384615384615385
Sphere;`%` float operator;0;1;1;0;0;1;0;0;0;1;0;0;1;0;1;0;0;0;0;1;0;10;1;0.9200000000000002
Sphere;`%=` integer operator;0;1;1;0;0;1;0;0;0;1;0;0;1;0;1;0;0;0;0;1;0;10;1;0.9200000000000002
Sphere;Operator Chaining;0;1;1;0;0;1;0;0;0;1;0;0;1;0;1;0;0;0;0;1;0;10;1;0.95
Sphere;`" "` constructor;0;1;1;0;0;1;0;0;0;1;0;0;1;0;1;0;0;0;0;1;0;10;1;0.9200000000000002
Sphere;`int()` function;0;1;1;0;0;1;0;0;0;1;0;0;1;0;1;0;0;0;0;1;0;10;1;0.9384615384615385
Sphere;`type()` function;0;1;1;0;0;1;0;0;0;1;0;0;1;0;1;0;0;0;0;1;0;10;1;0.9200000000000002
Sphere;`%` integer operator;0;1;1;0;0;1;0;0;0;1;0;0;1;0;1;0;0;0;0;1;0;10;1;0.9200000000000002
Sphere;Functions;0;1;1;0;0;1;0;0;0;1;0;0;1;0;1;0;0;0;0;1;0;10;1;0.9200000000000002
Sphere;Order of Operations;0;1;1;0;0;1;0;0;0;1;0;0;1;0;1;0;0;0;0;1;0;10;1;0.95
Sphere;`//` float operator;0;1;1;0;0;1;0;0;0;1;0;0;1;0;1;0;0;0;0;1;0;10;1;0.9200000000000002
Sphere;`' '` constructor;0;1;1;0;0;1;0;0;0;1;0;0;1;0;1;0;0;0;0;1;0;10;1;0.9200000000000002
Sphere;`float()` function;0;1;1;0;0;1;0;0;0;1;0;0;1;0;1;0;0;0;0;1;0;10;1;0.9384615384615385
Sphere;`//=` float operator;0;1;1;0;0;1;0;0;0;1;0;0;1;0;1;0;0;0;0;1;0;10;1;0.9200000000000002
Sphere;`%=` float operator;0;1;1;0;0;1;0;0;0;1;0;0;1;0;1;0;0;0;0;1;0;10;1;0.9200000000000002
Sphere;`//` integer operator;0;1;1;0;0;1;0;0;0;1;0;0;1;0;1;0;0;0;0;1;0;10;1;0.9200000000000002
Sphere;`//=` integer operator;0;1;1;0;0;1;0;0;0;1;0;0;1;0;1;0;0;0;0;1;0;10;1;0.9200000000000002
Sphere;`def` constructor;0;1;1;0;0;1;0;0;0;1;0;0;1;0;1;0;0;0;0;1;0;10;1;0.9200000000000002
Sphere;Floats;0;1;1;0;0;1;0;0;0;1;0;0;1;0;1;0;0;0;0;1;0;10;1;0.95
Sphere;Assignment;0;1;1;0;0;1;0;0;0;1;0;0;1;0;1;0;0;0;0;1;0;10;1;0.95
Sphere;Variables;0;1;1;0;0;1;0;0;0;1;0;0;1;0;1;0;0;0;0;1;0;10;1;0.968
Sphere;Integers;0;1;1;0;0;1;0;0;0;1;0;0;1;0;1;0;0;0;0;1;0;10;1;0.95
Sphere;`=` operator;0;1;1;0;0;1;0;0;0;1;0;0;1;0;1;0;0;0;0;1;0;10;1;0.968
Sphere;`+=` float operator;0;1;1;0;0;1;0;0;0;1;0;0;1;0;1;0;0;0;0;0;0;10;1;0.8
Sphere;Built-in Functions;0;1;1;0;0;1;0;0;0;1;0;0;1;0;1;0;0;0;0;0;0;10;0;1e-08
Sphere;`+=` integer operator;0;1;1;0;0;1;0;0;0;1;0;0;1;0;1;0;0;0;0;0;0;10;1;0.8
Sphere;Secondary Memory;0;1;1;0;0;1;0;0;0;1;0;0;1;0;1;0;0;0;0;0;0;10;1;0.8
Sphere;`*=` float operator;0;1;1;0;0;1;0;0;0;1;0;0;1;0;1;0;0;0;0;0;0;10;1;0.8
Sphere;Conditionals;0;1;1;0;0;1;0;0;0;1;0;0;1;0;1;0;0;0;0;0;0;10;0;1e-08
Sphere;Addition;0;1;1;0;0;1;0;0;0;1;0;0;1;0;1;0;0;0;0;0;0;10;0;1e-08
Sphere;Compilers;0;1;1;0;0;1;0;0;0;1;0;0;1;0;1;0;0;0;0;0;0;10;1;0.8
Sphere;`range()` function;0;1;1;0;0;1;0;0;0;1;0;0;1;0;1;0;0;0;0;0;0;10;0;1e-08
Sphere;Interpreters;0;1;1;0;0;1;0;0;0;1;0;0;1;0;1;0;0;0;0;0;0;10;1;0.8
Sphere;Booleans;0;1;1;0;0;1;0;0;0;1;0;0;1;0;1;0;0;0;0;0;0;10;1;0.8
Sphere;`elif` keyword;0;1;1;0;0;1;0;0;0;1;0;0;1;0;1;0;0;0;0;0;0;10;0;1e-08
Sphere;`<=` float operator;0;1;1;0;0;1;0;0;0;1;0;0;1;0;1;0;0;0;0;0;0;10;0;0.8
Sphere;`<` float operator;0;1;1;0;0;1;0;0;0;1;0;0;1;0;1;0;0;0;0;0;0;10;1;0.8
Sphere;`continue` keyword;0;1;1;0;0;1;0;0;0;1;0;0;1;0;1;0;0;0;0;0;0;10;0;1e-08
Sphere;`+` string operator;0;1;1;0;0;1;0;0;0;1;0;0;1;0;1;0;0;0;0;0;0;10;0;1e-08
Sphere;`lower()` method;0;1;1;0;0;1;0;0;0;1;0;0;1;0;1;0;0;0;0;0;0;10;0;1e-08
Sphere;`else` keyword;0;1;1;0;0;1;0;0;0;1;0;0;1;0;1;0;0;0;0;0;0;10;0;1e-08
Sphere;`-=` integer operator;0;1;1;0;0;1;0;0;0;1;0;0;1;0;1;0;0;0;0;0;0;10;1;0.8
Sphere;`or` operator;0;1;1;0;0;1;0;0;0;1;0;0;1;0;1;0;0;0;0;0;0;10;1;0.8
Sphere;`!=` float operator;0;1;1;0;0;1;0;0;0;1;0;0;1;0;1;0;0;0;0;0;0;10;0;0.8
Sphere;`<` string operator;0;1;1;0;0;1;0;0;0;1;0;0;1;0;1;0;0;0;0;0;0;10;0;1e-08
Sphere;`<` integer operator;0;1;1;0;0;1;0;0;0;1;0;0;1;0;1;0;0;0;0;0;0;10;1;0.8
Sphere;Floating point equality;0;1;1;0;0;1;0;0;0;1;0;0;1;0;1;0;0;0;0;0;0;10;1;0.8
Sphere;Comparison;0;1;1;0;0;1;0;0;0;1;0;0;1;0;1;0;0;0;0;0;0;10;0;1e-08
Sphere;Contracted `if`;0;1;1;0;0;1;0;0;0;1;0;0;1;0;1;0;0;0;0;0;0;10;0;1e-08
Sphere;Automatic Conversion;0;1;1;0;0;1;0;0;0;1;0;0;1;0;1;0;0;0;0;0;0;10;1;0.8
Sphere;`+` float operator;0;1;1;0;0;1;0;0;0;1;0;0;1;0;1;0;0;0;0;0;0;10;1;0.8857142857142859
Sphere;`>=` integer operator;0;1;1;0;0;1;0;0;0;1;0;0;1;0;1;0;0;0;0;0;0;10;0;0.8
Sphere;`break` keyword;0;1;1;0;0;1;0;0;0;1;0;0;1;0;1;0;0;0;0;0;0;10;0;1e-08
Sphere;CPU functionality;0;1;1;0;0;1;0;0;0;1;0;0;1;0;1;0;0;0;0;0;0;10;1;0.8
Sphere;Self Assignment;0;1;1;0;0;1;0;0;0;1;0;0;1;0;1;0;0;0;0;0;0;10;1;0.9384615384615385
Sphere;`*=` integer operator;0;1;1;0;0;1;0;0;0;1;0;0;1;0;1;0;0;0;0;0;0;10;1;0.8
Sphere;`""" """` constructor;0;1;1;0;0;1;0;0;0;1;0;0;1;0;1;0;0;0;0;0;0;10;0;1e-08
Sphere;`join()` method;0;1;1;0;0;1;0;0;0;1;0;0;1;0;1;0;0;0;0;0;0;10;0;1e-08
Sphere;`/` integer operator;0;1;1;0;0;1;0;0;0;1;0;0;1;0;1;0;0;0;0;0;0;10;1;0.9200000000000002
Sphere;Repetition;0;1;1;0;0;1;0;0;0;1;0;0;1;0;1;0;0;0;0;0;0;10;0;1e-08
Sphere;Control Flow;0;1;1;0;0;1;0;0;0;1;0;0;1;0;1;0;0;0;0;0;0;10;0;1e-08
Sphere;Loops;0;1;1;0;0;1;0;0;0;1;0;0;1;0;1;0;0;0;0;0;0;10;0;1e-08
Sphere;Concatenation;0;1;1;0;0;1;0;0;0;1;0;0;1;0;1;0;0;0;0;0;0;10;0;1e-08
Sphere;`*` string operator;0;1;1;0;0;1;0;0;0;1;0;0;1;0;1;0;0;0;0;0;0;10;0;1e-08
Sphere;`-=` float operator;0;1;1;0;0;1;0;0;0;1;0;0;1;0;1;0;0;0;0;0;0;10;1;0.8
Sphere;`*` float operator;0;1;1;0;0;1;0;0;0;1;0;0;1;0;1;0;0;0;0;0;0;10;1;0.8857142857142859
Sphere;Atomic Data Types;0;1;1;0;0;1;0;0;0;1;0;0;1;0;1;0;0;0;0;0;0;10;0;1e-08
Sphere;Subtraction;0;1;1;0;0;1;0;0;0;1;0;0;1;0;1;0;0;0;0;0;0;10;0;1e-08
Sphere;Type Casting;0;1;1;0;0;1;0;0;0;1;0;0;1;0;1;0;0;0;0;0;0;10;0;1e-08
Sphere;`not` operator;0;1;1;0;0;1;0;0;0;1;0;0;1;0;1;0;0;0;0;0;0;10;1;0.8
Sphere;String Slicing;0;1;1;0;0;1;0;0;0;1;0;0;1;0;1;0;0;0;0;0;0;10;0;1e-08
Sphere;`and` operator;0;1;1;0;0;1;0;0;0;1;0;0;1;0;1;0;0;0;0;0;0;10;1;0.8
Sphere;`/=` integer operator;0;1;1;0;0;1;0;0;0;1;0;0;1;0;1;0;0;0;0;0;0;10;1;0.8
Sphere;Multiplication;0;1;1;0;0;1;0;0;0;1;0;0;1;0;1;0;0;0;0;0;0;10;0;1e-08
Sphere;`*` integer operator;0;1;1;0;0;1;0;0;0;1;0;0;1;0;1;0;0;0;0;0;0;10;1;0.8857142857142859
Sphere;`input()` function;0;1;1;0;0;1;0;0;0;1;0;0;1;0;1;0;0;0;0;0;0;10;1;0.9200000000000002
Sphere;`return` keyword;0;1;1;0;0;1;0;0;0;1;0;0;1;0;1;0;0;0;0;0;0;10;0;1e-08
Sphere;Indexing;0;1;1;0;0;1;0;0;0;1;0;0;1;0;1;0;0;0;0;0;0;10;0;1e-08
Sphere;Ordered Data Structures;0;1;1;0;0;1;0;0;0;1;0;0;1;0;1;0;0;0;0;0;0;10;0;1e-08
Sphere;`+` integer operator;0;1;1;0;0;1;0;0;0;1;0;0;1;0;1;0;0;0;0;0;0;10;1;0.9200000000000002
Sphere;Formatted Strings;0;1;1;0;0;1;0;0;0;1;0;0;1;0;1;0;0;0;0;0;0;10;0;1e-08
Sphere;Division;0;1;1;0;0;1;0;0;0;1;0;0;1;0;1;0;0;0;0;0;0;10;0;1e-08
Sphere;`if` keyword;0;1;1;0;0;1;0;0;0;1;0;0;1;0;1;0;0;0;0;0;0;10;0;1e-08
Sphere;Equality;0;1;1;0;0;1;0;0;0;1;0;0;1;0;1;0;0;0;0;0;0;10;0;1e-08
Sphere;`==` integer operator;0;1;1;0;0;1;0;0;0;1;0;0;1;0;1;0;0;0;0;0;0;10;1;0.8
Sphere;`-` integer operator;0;1;1;0;0;1;0;0;0;1;0;0;1;0;1;0;0;0;0;0;0;10;1;0.8857142857142859
Sphere;`!=` string operator;0;1;1;0;0;1;0;0;0;1;0;0;1;0;1;0;0;0;0;0;0;10;0;1e-08
Sphere;String Indexing;0;1;1;0;0;1;0;0;0;1;0;0;1;0;1;0;0;0;0;0;0;10;0;1e-08
Sphere;Comments;0;1;1;0;0;1;0;0;0;1;0;0;1;0;1;0;0;0;0;0;0;10;1;0.8857142857142859
Sphere;`/` float operator;0;1;1;0;0;1;0;0;0;1;0;0;1;0;1;0;0;0;0;0;0;10;1;0.8857142857142859
Sphere;`upper()` method;0;1;1;0;0;1;0;0;0;1;0;0;1;0;1;0;0;0;0;0;0;10;0;1e-08
Sphere;`try` keyword;0;1;1;0;0;1;0;0;0;1;0;0;1;0;1;0;0;0;0;0;0;10;0;1e-08
Sphere;`>` float operator;0;1;1;0;0;1;0;0;0;1;0;0;1;0;1;0;0;0;0;0;0;10;1;0.8
Sphere;`==` string operator;0;1;1;0;0;1;0;0;0;1;0;0;1;0;1;0;0;0;0;0;0;10;0;1e-08
Sphere;`for` loops;0;1;1;0;0;1;0;0;0;1;0;0;1;0;1;0;0;0;0;0;0;10;0;1e-08
Sphere;`replace()` method;0;1;1;0;0;1;0;0;0;1;0;0;1;0;1;0;0;0;0;0;0;10;0;1e-08
Sphere;Integer Division;0;1;1;0;0;1;0;0;0;1;0;0;1;0;1;0;0;0;0;0;0;10;0;1e-08
Sphere;`print()` function;0;1;1;0;0;1;0;0;0;1;0;0;1;0;1;0;0;0;0;0;0;10;1;0.9384615384615385
Sphere;`len()` string function;0;1;1;0;0;1;0;0;0;1;0;0;1;0;1;0;0;0;0;0;0;10;0;1e-08
Sphere;`<=` integer operator;0;1;1;0;0;1;0;0;0;1;0;0;1;0;1;0;0;0;0;0;0;10;1;0.8
Sphere;RAM functionality;0;1;1;0;0;1;0;0;0;1;0;0;1;0;1;0;0;0;0;0;0;10;1;0.8
Sphere;`>` string operator;0;1;1;0;0;1;0;0;0;1;0;0;1;0;1;0;0;0;0;0;0;10;0;1e-08
Sphere;`/=` float operator;0;1;1;0;0;1;0;0;0;1;0;0;1;0;1;0;0;0;0;0;0;10;1;0.8
Sphere;`-` float operator;0;1;1;0;0;1;0;0;0;1;0;0;1;0;1;0;0;0;0;0;0;10;1;0.8857142857142859
Sphere;Slicing;0;1;1;0;0;1;0;0;0;1;0;0;1;0;1;0;0;0;0;0;0;10;0;1e-08
Sphere;Modulus;0;1;1;0;0;1;0;0;0;1;0;0;1;0;1;0;0;0;0;0;0;10;0;1e-08
Sphere;`!=` integer operator;0;1;1;0;0;1;0;0;0;1;0;0;1;0;1;0;0;0;0;0;0;10;1;0.8
Sphere;`>` integer operator;0;1;1;0;0;1;0;0;0;1;0;0;1;0;1;0;0;0;0;0;0;10;1;0.8
Sphere;`while` loops;0;1;1;0;0;1;0;0;0;1;0;0;1;0;1;0;0;0;0;0;0;10;0;1e-08
Sphere;Methods;0;1;1;0;0;1;0;0;0;1;0;0;1;0;1;0;0;0;0;0;0;10;0;1e-08
Sphere;`>=` float operator;0;1;1;0;0;1;0;0;0;1;0;0;1;0;1;0;0;0;0;0;0;10;1;0.8
Sphere;Machine Code;0;1;1;0;0;1;0;0;0;1;0;0;1;0;1;0;0;0;0;0;0;10;1;0.8
Sphere;Program Definition;0;1;1;0;0;1;0;0;0;1;0;0;1;0;1;0;0;0;0;0;0;10;1;0.8
Sphere;`capitalize()` method;0;1;1;0;0;1;0;0;0;1;0;0;1;0;1;0;0;0;0;0;0;10;0;1e-08
==::==::==
Question;81;0
Question;20;0
Question;5;0
Question;18;0
Question;8;0
Question;53;0
Question;84;0
Question;11;0
Question;83;0
Question;9;0
Question;93;0
Question;15;0
Question;82;0
Question;85;0
Question;91;0
Question;19;0
Question;79;0
Question;48;0
Question;17;0
Question;12;0
Question;90;0
Question;14;0
Question;13;0
Question;7;0
Answer;58;0
Answer;305;0
Answer;315;0
Answer;50;0
Answer;21;0
Answer;27;0
Answer;209;0
Answer;217;0
Answer;210;0
Answer;56;0
Answer;218;0
Answer;213;0
Answer;316;0
Answer;304;0
Answer;223;0
Answer;314;0
Answer;130;0
Answer;61;0
Answer;36;0
Answer;220;0
Answer;216;0
Answer;208;0
Answer;211;0
Answer;225;0
Answer;33;0
Answer;49;0
Answer;141;0
Answer;224;0
Answer;206;0
Answer;19;0
Answer;37;0
Answer;303;0
Answer;222;0
Answer;42;0
Answer;47;0
Answer;57;0
Answer;214;0
Answer;29;0
Answer;215;0
Answer;53;0
Answer;219;0
Answer;277;0
Answer;44;0
Answer;32;0
Answer;28;0
Answer;221;0
Answer;43;0
Answer;48;0
Answer;46;0
Answer;201;0
Answer;131;0
Answer;308;0
Answer;307;0
Answer;200;0
Answer;51;0
Answer;35;0
Answer;54;0
Answer;60;0
Answer;64;0
Answer;30;0
Answer;198;0
Answer;20;0
Answer;18;0
Answer;31;0
Answer;63;0
Answer;199;0
Answer;45;0
Answer;313;0
Answer;207;0
Answer;212;0
Answer;62;0
Answer;306;0
Answer;34;0
Answer;55;0
Answer;26;0
Answer;52;0
Answer;276;0
Answer;-1;0
Mis;`<` is `not >`;0;1;1;0;0;1;0;0;0;1;0;0;1;0;0;0;0;0;0;1;0;11;0
Mis;Backwards chaining;0;1;1;0;0;1;0;0;0;1;0;0;1;0;0;0;0;0;0;0;0;11;0
Mis;`print()` needs input;0;1;1;0;0;1;0;0;0;1;0;0;1;0;0;0;0;0;0;0;0;11;0
Mis;Blank last slice non-inclusive;0;1;1;0;0;1;0;0;0;1;0;0;1;0;0;0;0;0;0;0;0;11;0
Mis;Return frame bypass;0;1;1;0;0;1;0;0;0;1;0;0;1;0;0;0;0;0;0;0;0;11;0
Mis;Functions must have input;0;1;1;0;0;1;0;0;0;1;0;0;1;0;0;0;0;0;0;0;0;11;0
Mis;No Boolean literals;0;1;1;0;0;1;0;0;0;1;0;0;1;0;0;0;0;0;0;1;0;11;0
Mis;String equality isn't case sensitive;0;1;1;0;0;1;0;0;0;1;0;0;1;0;0;0;0;0;0;1;0;11;0
Mis;Single letter variables;0;1;1;0;0;1;0;0;0;1;0;0;1;0;0;0;0;0;0;0;0;11;0
Mis;`return` on `def` indentation level;0;1;1;0;0;1;0;0;0;1;0;0;1;0;0;0;0;0;0;1;0;11;0
Mis;Iterable repetition interleaves;0;1;1;0;0;1;0;0;0;1;0;0;1;0;0;0;0;0;0;0;0;11;0
Mis;Sequenced conditionals;0;1;1;0;0;1;0;0;0;1;0;0;1;0;0;0;0;0;0;1;0;11;0
Mis;`input()` includes newline;0;1;1;0;0;1;0;0;0;1;0;0;1;0;0;0;0;0;0;0;0;11;0
Mis;Concat with single element;0;1;1;0;0;1;0;0;0;1;0;0;1;0;0;0;0;0;0;0;0;11;0
Mis;Extending strings adds space;0;1;1;0;0;1;0;0;0;1;0;0;1;0;0;0;0;0;0;1;0;11;0
Mis;Variables cannot be assigned twice;0;1;1;0;0;1;0;0;0;1;0;0;1;0;0;0;0;0;0;1;0;11;0
Mis;No `and` on objects;0;1;1;0;0;1;0;0;0;1;0;0;1;0;0;0;0;0;0;0;0;11;0
Mis;`range()` only has one input;0;1;1;0;0;1;0;0;0;1;0;0;1;0;0;0;0;0;0;0;0;11;0
Mis;Linear Order of Operations;0;1;1;0;0;1;0;0;0;1;0;0;1;0;0;0;0;0;0;1;0;11;0
Mis;`%` percentage operator;0;1;1;0;0;1;0;0;0;1;0;0;1;0;0;0;0;0;0;0;0;11;0
Mis;`self` has no value;0;1;1;0;0;1;0;0;0;1;0;0;1;0;0;0;0;0;0;1;0;11;0
Mis;Characters are strings;0;1;1;0;0;1;0;0;0;1;0;0;1;0;0;0;0;0;0;0;0;11;0
Mis;Keyword functions;0;1;1;0;0;1;0;0;0;1;0;0;1;0;0;0;0;0;0;0;0;11;0
Mis;Floating point equality okay;0;1;1;0;0;1;0;0;0;1;0;0;1;0;0;0;0;0;0;1;0;11;0
Mis;Lazy assignment;0;1;1;0;0;1;0;0;0;1;0;0;1;0;0;0;0;0;0;0;0;11;0
Mis;Index -1 is start of list;0;1;1;0;0;1;0;0;0;1;0;0;1;0;0;0;0;0;0;1;0;11;0
Mis;No variable functions;0;1;1;0;0;1;0;0;0;1;0;0;1;0;0;0;0;0;0;1;0;11;0
Mis;Multi-line strings with `' '`;0;1;1;0;0;1;0;0;0;1;0;0;1;0;0;0;0;0;0;1;0;11;0
Mis;No variable methods;0;1;1;0;0;1;0;0;0;1;0;0;1;0;0;0;0;0;0;0;0;11;0
Mis;Iterable repeition multiplies by constant;0;1;1;0;0;1;0;0;0;1;0;0;1;0;0;0;0;0;0;0;0;11;0
Mis;String methods mutate;0;1;1;0;0;1;0;0;0;1;0;0;1;0;0;0;0;0;0;0;0;11;0
Mis;No short circuit;0;1;1;0;0;1;0;0;0;1;0;0;1;0;0;0;0;0;0;1;0;11;0
Mis;Slice exclusive of first index;0;1;1;0;0;1;0;0;0;1;0;0;1;0;0;0;0;0;0;0;0;11;0
Mis;`print()` non-terminating return;0;1;1;0;0;1;0;0;0;1;0;0;1;0;0;0;0;0;0;0;0;11;0
Mis;No floating point limit;0;1;1;0;0;1;0;0;0;1;0;0;1;0;0;0;0;0;0;1;0;11;0
Mis;`>` is `not <`;0;1;1;0;0;1;0;0;0;1;0;0;1;0;0;0;0;0;0;1;0;11;0
Mis;`try` without `except`;0;1;1;0;0;1;0;0;0;1;0;0;1;0;0;0;0;0;0;1;0;11;0
Mis;Inline Function Definition;0;1;1;0;0;1;0;0;0;1;0;0;1;0;0;0;0;0;0;1;0;11;0
Mis;`print()` no newline;0;1;1;0;0;1;0;0;0;1;0;0;1;0;0;0;0;0;0;0;0;11;0
Mis;`range()` starts at 1;0;1;1;0;0;1;0;0;0;1;0;0;1;0;0;0;0;0;0;1;0;11;0
Mis;Blank slice is empty;0;1;1;0;0;1;0;0;0;1;0;0;1;0;0;0;0;0;0;0;0;11;0
Mis;`-` works on strings;0;1;1;0;0;1;0;0;0;1;0;0;1;0;0;0;0;0;0;1;0;11;0
Mis;No constructor method chain;0;1;1;0;0;1;0;0;0;1;0;0;1;0;0;0;0;0;0;0;0;11;0
Mis;`#` is an operator;0;1;1;0;0;1;0;0;0;1;0;0;1;0;0;0;0;0;0;1;0;11;0
Mis;No escape sequences;0;1;1;0;0;1;0;0;0;1;0;0;1;0;0;0;0;0;0;0;0;11;0
Mis;Methods must have input;0;1;1;0;0;1;0;0;0;1;0;0;1;0;0;0;0;0;0;0;0;11;0
Mis;Assignment duplicates;0;1;1;0;0;1;0;0;0;1;0;0;1;0;0;0;0;0;0;0;0;11;0
Mis;`=` comparison;0;1;1;0;0;1;0;0;0;1;0;0;1;0;0;0;0;0;0;1;0;11;0
Mis;No tuple return;0;1;1;0;0;1;0;0;0;1;0;0;1;0;0;0;0;0;0;0;0;11;0
Mis;`for` is `while`;0;1;1;0;0;1;0;0;0;1;0;0;1;0;0;0;0;0;0;0;0;11;0
Mis;Curly brackets stay;0;1;1;0;0;1;0;0;0;1;0;0;1;0;0;0;0;0;0;0;0;11;0
Mis;`/` is modulus;0;1;1;0;0;1;0;0;0;1;0;0;1;0;0;0;0;0;0;1;0;11;0
Mis;No implicit void functions;0;1;1;0;0;1;0;0;0;1;0;0;1;0;0;0;0;0;0;0;0;11;0
Mis;Operators cannot be chained;0;1;1;0;0;1;0;0;0;1;0;0;1;0;0;0;0;0;0;1;0;11;0
Mis;Functions must return;0;1;1;0;0;1;0;0;0;1;0;0;1;0;0;0;0;0;0;0;0;11;0
Mis;No `not` on objects;0;1;1;0;0;1;0;0;0;1;0;0;1;0;0;0;0;0;0;0;0;11;0
Mis;Ternary Boolean return;0;1;1;0;0;1;0;0;0;1;0;0;1;0;0;0;0;0;0;0;0;11;0
Mis;`if` loop;0;1;1;0;0;1;0;0;0;1;0;0;1;0;0;0;0;0;0;1;0;11;0
Mis;`range()` includes the final value;0;1;1;0;0;1;0;0;0;1;0;0;1;0;0;0;0;0;0;0;0;11;0
Mis;Methods can have no arguments;0;1;1;0;0;1;0;0;0;1;0;0;1;0;0;0;0;0;0;0;0;11;0
Mis;No string constructor method chain;0;1;1;0;0;1;0;0;0;1;0;0;1;0;0;0;0;0;0;0;0;11;0
Mis;`return` continues;0;1;1;0;0;1;0;0;0;1;0;0;1;0;0;0;0;0;0;0;0;11;0
Mis;String equality not `==`;0;1;1;0;0;1;0;0;0;1;0;0;1;0;0;0;0;0;0;0;0;11;0
Mis;String repetition adds space;0;1;1;0;0;1;0;0;0;1;0;0;1;0;0;0;0;0;0;0;0;11;0
Mis;Automatic Integer Conversion;0;1;1;0;0;1;0;0;0;1;0;0;1;0;0;0;0;0;0;1;0;11;0
Mis;Slices include last value;0;1;1;0;0;1;0;0;0;1;0;0;1;0;0;0;0;0;0;0;0;11;0
Mis;Integers limit;0;1;1;0;0;1;0;0;0;1;0;0;1;0;0;0;0;0;0;1;0;11;0
Mis;Confused string assignment;0;1;1;0;0;1;0;0;0;1;0;0;1;0;0;0;0;0;0;0;0;11;0
Mis;Lowercase Booleans;0;1;1;0;0;1;0;0;0;1;0;0;1;0;0;0;0;0;0;0;0;11;0
Mis;`pass` is `continue`;0;1;1;0;0;1;0;0;0;1;0;0;1;0;0;0;0;0;0;1;0;11;0
Mis;`print()` returns;0;1;1;0;0;1;0;0;0;1;0;0;1;0;0;0;0;0;0;1;0;11;0
Mis;`print()` only accepts one input;0;1;1;0;0;1;0;0;0;1;0;0;1;0;0;0;0;0;0;0;0;11;0
Mis;Secondary memory data loss;0;1;1;0;0;1;0;0;0;1;0;0;1;0;0;0;0;0;0;1;0;11;0
Mis;Transitive Assignment;0;1;1;0;0;1;0;0;0;1;0;0;1;0;0;0;0;0;0;1;0;11;0
Mis;No literal return;0;1;1;0;0;1;0;0;0;1;0;0;1;0;0;0;0;0;0;0;0;11;0
Mis;`input()` return value;0;1;1;0;0;1;0;0;0;1;0;0;1;0;0;0;0;0;0;1;0;11;0
Mis;Floating point `range()`;0;1;1;0;0;1;0;0;0;1;0;0;1;0;0;0;0;0;0;0;0;11;0
Mis;No `or` on objects;0;1;1;0;0;1;0;0;0;1;0;0;1;0;0;0;0;0;0;0;0;11;0
Mis;`print()` always has a newline;0;1;1;0;0;1;0;0;0;1;0;0;1;0;0;0;0;0;0;0;0;11;0
Mis;`print()` only string;0;1;1;0;0;1;0;0;0;1;0;0;1;0;0;0;0;0;0;0;0;11;0
Mis;`/` is integer division;0;1;1;0;0;1;0;0;0;1;0;0;1;0;0;0;0;0;0;1;0;11;0
Mis;`input()` requires function input;0;1;1;0;0;1;0;0;0;1;0;0;1;0;0;0;0;0;0;0;0;11;0
Mis;No method chain;0;1;1;0;0;1;0;0;0;1;0;0;1;0;0;0;0;0;0;0;0;11;0
Mis;`int()` rounds up floats;0;1;1;0;0;1;0;0;0;1;0;0;1;0;0;0;0;0;0;1;0;11;0
Mis;Multi-line strings with `" "`;0;1;1;0;0;1;0;0;0;1;0;0;1;0;0;0;0;0;0;1;0;11;0
Mis;List concat vector addition;0;1;1;0;0;1;0;0;0;1;0;0;1;0;0;0;0;0;0;1;0;11;0
Mis;`/` works on strings;0;1;1;0;0;1;0;0;0;1;0;0;1;0;0;0;0;0;0;1;0;11;0
Mis;Strings are mutable;0;1;1;0;0;1;0;0;0;1;0;0;1;0;0;0;0;0;0;0;0;11;0
Mis;No loop termination;0;1;1;0;0;1;0;0;0;1;0;0;1;0;0;0;0;0;0;1;0;11;0
Mis;Conditional Boolean return;0;1;1;0;0;1;0;0;0;1;0;0;1;0;0;0;0;0;0;0;0;11;0
Mis;Slices require indices;0;1;1;0;0;1;0;0;0;1;0;0;1;0;0;0;0;0;0;1;0;11;0
Mis;Parenthesized return;0;1;1;0;0;1;0;0;0;1;0;0;1;0;0;0;0;0;0;0;0;11;0
Mis;`%` is division;0;1;1;0;0;1;0;0;0;1;0;0;1;0;0;0;0;0;0;0;0;11;0
Mis;Iterable repetition repeated constant multiplication;0;1;1;0;0;1;0;0;0;1;0;0;1;0;0;0;0;0;0;1;0;11;0
Mis;`//` divides;0;1;1;0;0;1;0;0;0;1;0;0;1;0;0;0;0;0;0;0;0;11;0
Mis;Cannot mix index sign in slice;0;1;1;0;0;1;0;0;0;1;0;0;1;0;0;0;0;0;0;0;0;11;0
Mis;`//` is modulus;0;1;1;0;0;1;0;0;0;1;0;0;1;0;0;0;0;0;0;0;0;11;0
Mis;Slice removes;0;1;1;0;0;1;0;0;0;1;0;0;1;0;0;0;0;0;0;0;0;11;0
Mis;No nesting loops;0;1;1;0;0;1;0;0;0;1;0;0;1;0;0;0;0;0;0;0;0;11;0
Mis;Literals don't have a data type;0;1;1;0;0;1;0;0;0;1;0;0;1;0;0;0;0;0;0;1;0;11;0
Mis;`%` is integer division;0;1;1;0;0;1;0;0;0;1;0;0;1;0;0;0;0;0;0;1;0;11;0
Mis;No formatted string;0;1;1;0;0;1;0;0;0;1;0;0;1;0;0;0;0;0;0;1;0;11;0
Mis;`for` stops before last element;0;1;1;0;0;1;0;0;0;1;0;0;1;0;0;0;0;0;0;1;0;11;0
Mis;`int()` rounds floats;0;1;1;0;0;1;0;0;0;1;0;0;1;0;0;0;0;0;0;0;0;11;0
Mis;Implied repetition over logical operator;0;1;1;0;0;1;0;0;0;1;0;0;1;0;0;0;0;0;0;0;0;11;0
Mis;`for` only with `range()`;0;1;1;0;0;1;0;0;0;1;0;0;1;0;0;0;0;0;0;0;0;11;0
Mis;`while` tests after loop;0;1;1;0;0;1;0;0;0;1;0;0;1;0;0;0;0;0;0;1;0;11;0
Mis;Multi-value return;0;1;1;0;0;1;0;0;0;1;0;0;1;0;0;0;0;0;0;0;0;11;0
Mis;Strings are not objects;0;1;1;0;0;1;0;0;0;1;0;0;1;0;0;0;0;0;0;1;0;11;0
Sphere;`str()` function;0;1;1;0;0;1;0;0;0;1;0;0;1;0;0;0;0;0;0;0;0;11;1;0.9200000000000002
Sphere;Floats;0;1;1;0;0;1;0;0;0;1;0;0;1;0;0;0;0;0;0;0;0;11;1;0.95
Sphere;`+=` float operator;0;1;1;0;0;1;0;0;0;1;0;0;1;0;0;0;0;0;0;0;0;11;1;0.8
Sphere;Built-in Functions;0;1;1;0;0;1;0;0;0;1;0;0;1;0;0;0;0;0;0;0;0;11;0;1e-08
Sphere;`+=` integer operator;0;1;1;0;0;1;0;0;0;1;0;0;1;0;0;0;0;0;0;0;0;11;1;0.8
Sphere;Secondary Memory;0;1;1;0;0;1;0;0;0;1;0;0;1;0;0;0;0;0;0;0;0;11;1;0.8
Sphere;`*=` float operator;0;1;1;0;0;1;0;0;0;1;0;0;1;0;0;0;0;0;0;0;0;11;1;0.8
Sphere;Conditionals;0;1;1;0;0;1;0;0;0;1;0;0;1;0;0;0;0;0;0;0;0;11;0;1e-08
Sphere;Addition;0;1;1;0;0;1;0;0;0;1;0;0;1;0;0;0;0;0;0;0;0;11;0;1e-08
Sphere;Compilers;0;1;1;0;0;1;0;0;0;1;0;0;1;0;0;0;0;0;0;0;0;11;1;0.8
Sphere;`range()` function;0;1;1;0;0;1;0;0;0;1;0;0;1;0;0;0;0;0;0;0;0;11;0;1e-08
Sphere;`%=` integer operator;0;1;1;0;0;1;0;0;0;1;0;0;1;0;0;0;0;0;0;0;0;11;1;0.9200000000000002
Sphere;Interpreters;0;1;1;0;0;1;0;0;0;1;0;0;1;0;0;0;0;0;0;0;0;11;1;0.8
Sphere;Booleans;0;1;1;0;0;1;0;0;0;1;0;0;1;0;0;0;0;0;0;0;0;11;1;0.8
Sphere;`%` float operator;0;1;1;0;0;1;0;0;0;1;0;0;1;0;0;0;0;0;0;0;0;11;1;0.9200000000000002
Sphere;`elif` keyword;0;1;1;0;0;1;0;0;0;1;0;0;1;0;0;0;0;0;0;0;0;11;0;1e-08
Sphere;`<=` float operator;0;1;1;0;0;1;0;0;0;1;0;0;1;0;0;0;0;0;0;0;0;11;0;0.8
Sphere;`<` float operator;0;1;1;0;0;1;0;0;0;1;0;0;1;0;0;0;0;0;0;0;0;11;1;0.8
Sphere;Assignment;0;1;1;0;0;1;0;0;0;1;0;0;1;0;0;0;0;0;0;0;0;11;1;0.95
Sphere;`continue` keyword;0;1;1;0;0;1;0;0;0;1;0;0;1;0;0;0;0;0;0;0;0;11;0;1e-08
Sphere;`+` string operator;0;1;1;0;0;1;0;0;0;1;0;0;1;0;0;0;0;0;0;0;0;11;0;1e-08
Sphere;`lower()` method;0;1;1;0;0;1;0;0;0;1;0;0;1;0;0;0;0;0;0;0;0;11;0;1e-08
Sphere;`else` keyword;0;1;1;0;0;1;0;0;0;1;0;0;1;0;0;0;0;0;0;0;0;11;0;1e-08
Sphere;`-=` integer operator;0;1;1;0;0;1;0;0;0;1;0;0;1;0;0;0;0;0;0;0;0;11;1;0.8
Sphere;`or` operator;0;1;1;0;0;1;0;0;0;1;0;0;1;0;0;0;0;0;0;0;0;11;1;0.8
Sphere;`!=` float operator;0;1;1;0;0;1;0;0;0;1;0;0;1;0;0;0;0;0;0;0;0;11;0;0.8
Sphere;`<` string operator;0;1;1;0;0;1;0;0;0;1;0;0;1;0;0;0;0;0;0;0;0;11;0;1e-08
Sphere;`<` integer operator;0;1;1;0;0;1;0;0;0;1;0;0;1;0;0;0;0;0;0;0;0;11;1;0.8
Sphere;Floating point equality;0;1;1;0;0;1;0;0;0;1;0;0;1;0;0;0;0;0;0;0;0;11;1;0.8
Sphere;Comparison;0;1;1;0;0;1;0;0;0;1;0;0;1;0;0;0;0;0;0;0;0;11;0;1e-08
Sphere;`type()` function;0;1;1;0;0;1;0;0;0;1;0;0;1;0;0;0;0;0;0;0;0;11;1;0.9200000000000002
Sphere;Functions;0;1;1;0;0;1;0;0;0;1;0;0;1;0;0;0;0;0;0;0;0;11;1;0.9200000000000002
Sphere;Contracted `if`;0;1;1;0;0;1;0;0;0;1;0;0;1;0;0;0;0;0;0;0;0;11;0;1e-08
Sphere;Automatic Conversion;0;1;1;0;0;1;0;0;0;1;0;0;1;0;0;0;0;0;0;0;0;11;1;0.8
Sphere;`+` float operator;0;1;1;0;0;1;0;0;0;1;0;0;1;0;0;0;0;0;0;0;0;11;1;0.8857142857142859
Sphere;`>=` integer operator;0;1;1;0;0;1;0;0;0;1;0;0;1;0;0;0;0;0;0;0;0;11;0;0.8
Sphere;`break` keyword;0;1;1;0;0;1;0;0;0;1;0;0;1;0;0;0;0;0;0;0;0;11;0;1e-08
Sphere;CPU functionality;0;1;1;0;0;1;0;0;0;1;0;0;1;0;0;0;0;0;0;0;0;11;1;0.8
Sphere;Self Assignment;0;1;1;0;0;1;0;0;0;1;0;0;1;0;0;0;0;0;0;0;0;11;1;0.9384615384615385
Sphere;`*=` integer operator;0;1;1;0;0;1;0;0;0;1;0;0;1;0;0;0;0;0;0;0;0;11;1;0.8
Sphere;`//` float operator;0;1;1;0;0;1;0;0;0;1;0;0;1;0;0;0;0;0;0;0;0;11;1;0.9200000000000002
Sphere;`' '` constructor;0;1;1;0;0;1;0;0;0;1;0;0;1;0;0;0;0;0;0;0;0;11;1;0.9200000000000002
Sphere;`""" """` constructor;0;1;1;0;0;1;0;0;0;1;0;0;1;0;0;0;0;0;0;0;0;11;0;1e-08
Sphere;`join()` method;0;1;1;0;0;1;0;0;0;1;0;0;1;0;0;0;0;0;0;0;0;11;0;1e-08
Sphere;`/` integer operator;0;1;1;0;0;1;0;0;0;1;0;0;1;0;0;0;0;0;0;0;0;11;1;0.9200000000000002
Sphere;Repetition;0;1;1;0;0;1;0;0;0;1;0;0;1;0;0;0;0;0;0;0;0;11;0;1e-08
Sphere;`//=` float operator;0;1;1;0;0;1;0;0;0;1;0;0;1;0;0;0;0;0;0;0;0;11;1;0.9200000000000002
Sphere;Control Flow;0;1;1;0;0;1;0;0;0;1;0;0;1;0;0;0;0;0;0;0;0;11;0;1e-08
Sphere;Loops;0;1;1;0;0;1;0;0;0;1;0;0;1;0;0;0;0;0;0;0;0;11;0;1e-08
Sphere;Integers;0;1;1;0;0;1;0;0;0;1;0;0;1;0;0;0;0;0;0;0;0;11;1;0.95
Sphere;`%=` float operator;0;1;1;0;0;1;0;0;0;1;0;0;1;0;0;0;0;0;0;0;0;11;1;0.9200000000000002
Sphere;Concatenation;0;1;1;0;0;1;0;0;0;1;0;0;1;0;0;0;0;0;0;0;0;11;0;1e-08
Sphere;`*` string operator;0;1;1;0;0;1;0;0;0;1;0;0;1;0;0;0;0;0;0;0;0;11;0;1e-08
Sphere;`-=` float operator;0;1;1;0;0;1;0;0;0;1;0;0;1;0;0;0;0;0;0;0;0;11;1;0.8
Sphere;`//` integer operator;0;1;1;0;0;1;0;0;0;1;0;0;1;0;0;0;0;0;0;0;0;11;1;0.9200000000000002
Sphere;`*` float operator;0;1;1;0;0;1;0;0;0;1;0;0;1;0;0;0;0;0;0;0;0;11;1;0.8857142857142859
Sphere;Atomic Data Types;0;1;1;0;0;1;0;0;0;1;0;0;1;0;0;0;0;0;0;0;0;11;0;1e-08
Sphere;Subtraction;0;1;1;0;0;1;0;0;0;1;0;0;1;0;0;0;0;0;0;0;0;11;0;1e-08
Sphere;Type Casting;0;1;1;0;0;1;0;0;0;1;0;0;1;0;0;0;0;0;0;0;0;11;0;1e-08
Sphere;`not` operator;0;1;1;0;0;1;0;0;0;1;0;0;1;0;0;0;0;0;0;0;0;11;1;0.8
Sphere;String Slicing;0;1;1;0;0;1;0;0;0;1;0;0;1;0;0;0;0;0;0;0;0;11;0;1e-08
Sphere;`and` operator;0;1;1;0;0;1;0;0;0;1;0;0;1;0;0;0;0;0;0;0;0;11;1;0.8
Sphere;`/=` integer operator;0;1;1;0;0;1;0;0;0;1;0;0;1;0;0;0;0;0;0;0;0;11;1;0.8
Sphere;Multiplication;0;1;1;0;0;1;0;0;0;1;0;0;1;0;0;0;0;0;0;0;0;11;0;1e-08
Sphere;`*` integer operator;0;1;1;0;0;1;0;0;0;1;0;0;1;0;0;0;0;0;0;0;0;11;1;0.8857142857142859
Sphere;`input()` function;0;1;1;0;0;1;0;0;0;1;0;0;1;0;0;0;0;0;0;0;0;11;1;0.9200000000000002
Sphere;`return` keyword;0;1;1;0;0;1;0;0;0;1;0;0;1;0;0;0;0;0;0;0;0;11;0;1e-08
Sphere;Indexing;0;1;1;0;0;1;0;0;0;1;0;0;1;0;0;0;0;0;0;0;0;11;0;1e-08
Sphere;Ordered Data Structures;0;1;1;0;0;1;0;0;0;1;0;0;1;0;0;0;0;0;0;0;0;11;0;1e-08
Sphere;`+` integer operator;0;1;1;0;0;1;0;0;0;1;0;0;1;0;0;0;0;0;0;0;0;11;1;0.9200000000000002
Sphere;Formatted Strings;0;1;1;0;0;1;0;0;0;1;0;0;1;0;0;0;0;0;0;0;0;11;0;1e-08
Sphere;Division;0;1;1;0;0;1;0;0;0;1;0;0;1;0;0;0;0;0;0;0;0;11;0;1e-08
Sphere;`if` keyword;0;1;1;0;0;1;0;0;0;1;0;0;1;0;0;0;0;0;0;0;0;11;0;1e-08
Sphere;Equality;0;1;1;0;0;1;0;0;0;1;0;0;1;0;0;0;0;0;0;0;0;11;0;1e-08
Sphere;Strings;0;1;1;0;0;1;0;0;0;1;0;0;1;0;0;0;0;0;0;0;0;11;1;0.9384615384615385
Sphere;`==` integer operator;0;1;1;0;0;1;0;0;0;1;0;0;1;0;0;0;0;0;0;0;0;11;1;0.8
Sphere;`-` integer operator;0;1;1;0;0;1;0;0;0;1;0;0;1;0;0;0;0;0;0;0;0;11;1;0.8857142857142859
Sphere;`!=` string operator;0;1;1;0;0;1;0;0;0;1;0;0;1;0;0;0;0;0;0;0;0;11;0;1e-08
Sphere;String Indexing;0;1;1;0;0;1;0;0;0;1;0;0;1;0;0;0;0;0;0;0;0;11;0;1e-08
Sphere;Operator Chaining;0;1;1;0;0;1;0;0;0;1;0;0;1;0;0;0;0;0;0;0;0;11;1;0.95
Sphere;Comments;0;1;1;0;0;1;0;0;0;1;0;0;1;0;0;0;0;0;0;0;0;11;1;0.8857142857142859
Sphere;`/` float operator;0;1;1;0;0;1;0;0;0;1;0;0;1;0;0;0;0;0;0;0;0;11;1;0.8857142857142859
Sphere;`upper()` method;0;1;1;0;0;1;0;0;0;1;0;0;1;0;0;0;0;0;0;0;0;11;0;1e-08
Sphere;`try` keyword;0;1;1;0;0;1;0;0;0;1;0;0;1;0;0;0;0;0;0;0;0;11;0;1e-08
Sphere;`>` float operator;0;1;1;0;0;1;0;0;0;1;0;0;1;0;0;0;0;0;0;0;0;11;1;0.8
Sphere;`==` string operator;0;1;1;0;0;1;0;0;0;1;0;0;1;0;0;0;0;0;0;0;0;11;0;1e-08
Sphere;`for` loops;0;1;1;0;0;1;0;0;0;1;0;0;1;0;0;0;0;0;0;0;0;11;0;1e-08
Sphere;`" "` constructor;0;1;1;0;0;1;0;0;0;1;0;0;1;0;0;0;0;0;0;0;0;11;1;0.9200000000000002
Sphere;`int()` function;0;1;1;0;0;1;0;0;0;1;0;0;1;0;0;0;0;0;0;0;0;11;1;0.9384615384615385
Sphere;`replace()` method;0;1;1;0;0;1;0;0;0;1;0;0;1;0;0;0;0;0;0;0;0;11;0;1e-08
Sphere;Integer Division;0;1;1;0;0;1;0;0;0;1;0;0;1;0;0;0;0;0;0;0;0;11;0;1e-08
Sphere;`%` integer operator;0;1;1;0;0;1;0;0;0;1;0;0;1;0;0;0;0;0;0;0;0;11;1;0.9200000000000002
Sphere;`print()` function;0;1;1;0;0;1;0;0;0;1;0;0;1;0;0;0;0;0;0;0;0;11;1;0.9384615384615385
Sphere;Order of Operations;0;1;1;0;0;1;0;0;0;1;0;0;1;0;0;0;0;0;0;0;0;11;1;0.95
Sphere;`len()` string function;0;1;1;0;0;1;0;0;0;1;0;0;1;0;0;0;0;0;0;0;0;11;0;1e-08
Sphere;`<=` integer operator;0;1;1;0;0;1;0;0;0;1;0;0;1;0;0;0;0;0;0;0;0;11;1;0.8
Sphere;RAM functionality;0;1;1;0;0;1;0;0;0;1;0;0;1;0;0;0;0;0;0;0;0;11;1;0.8
Sphere;`>` string operator;0;1;1;0;0;1;0;0;0;1;0;0;1;0;0;0;0;0;0;0;0;11;0;1e-08
Sphere;`/=` float operator;0;1;1;0;0;1;0;0;0;1;0;0;1;0;0;0;0;0;0;0;0;11;1;0.8
Sphere;`-` float operator;0;1;1;0;0;1;0;0;0;1;0;0;1;0;0;0;0;0;0;0;0;11;1;0.8857142857142859
Sphere;`float()` function;0;1;1;0;0;1;0;0;0;1;0;0;1;0;0;0;0;0;0;0;0;11;1;0.9384615384615385
Sphere;Slicing;0;1;1;0;0;1;0;0;0;1;0;0;1;0;0;0;0;0;0;0;0;11;0;1e-08
Sphere;`=` operator;0;1;1;0;0;1;0;0;0;1;0;0;1;0;0;0;0;0;0;0;0;11;1;0.968
Sphere;Modulus;0;1;1;0;0;1;0;0;0;1;0;0;1;0;0;0;0;0;0;0;0;11;0;1e-08
Sphere;`!=` integer operator;0;1;1;0;0;1;0;0;0;1;0;0;1;0;0;0;0;0;0;0;0;11;1;0.8
Sphere;`>` integer operator;0;1;1;0;0;1;0;0;0;1;0;0;1;0;0;0;0;0;0;0;0;11;1;0.8
Sphere;`while` loops;0;1;1;0;0;1;0;0;0;1;0;0;1;0;0;0;0;0;0;0;0;11;0;1e-08
Sphere;Methods;0;1;1;0;0;1;0;0;0;1;0;0;1;0;0;0;0;0;0;0;0;11;0;1e-08
Sphere;`>=` float operator;0;1;1;0;0;1;0;0;0;1;0;0;1;0;0;0;0;0;0;0;0;11;1;0.8
Sphere;Machine Code;0;1;1;0;0;1;0;0;0;1;0;0;1;0;0;0;0;0;0;0;0;11;1;0.8
Sphere;Variables;0;1;1;0;0;1;0;0;0;1;0;0;1;0;0;0;0;0;0;0;0;11;1;0.968
Sphere;Program Definition;0;1;1;0;0;1;0;0;0;1;0;0;1;0;0;0;0;0;0;0;0;11;1;0.8
Sphere;`//=` integer operator;0;1;1;0;0;1;0;0;0;1;0;0;1;0;0;0;0;0;0;0;0;11;1;0.9200000000000002
Sphere;`def` constructor;0;1;1;0;0;1;0;0;0;1;0;0;1;0;0;0;0;0;0;0;0;11;1;0.9200000000000002
Sphere;`capitalize()` method;0;1;1;0;0;1;0;0;0;1;0;0;1;0;0;0;0;0;0;0;0;11;0;1e-08
==::==::==
Question;81;0
Question;20;0
Question;5;0
Question;18;0
Question;8;0
Question;53;0
Question;84;0
Question;11;0
Question;83;0
Question;9;0
Question;93;0
Question;15;0
Question;82;0
Question;85;0
Question;91;0
Question;19;0
Question;79;0
Question;48;0
Question;17;0
Question;12;0
Question;90;0
Question;14;0
Question;13;0
Question;7;0
Answer;58;0
Answer;305;0
Answer;315;0
Answer;50;0
Answer;21;0
Answer;27;0
Answer;209;0
Answer;217;0
Answer;210;0
Answer;56;0
Answer;218;0
Answer;213;0
Answer;316;0
Answer;304;0
Answer;223;0
Answer;314;0
Answer;130;0
Answer;61;0
Answer;36;0
Answer;220;0
Answer;216;0
Answer;208;0
Answer;211;0
Answer;225;0
Answer;33;0
Answer;49;0
Answer;141;0
Answer;224;0
Answer;206;0
Answer;19;0
Answer;37;0
Answer;303;0
Answer;222;0
Answer;42;0
Answer;47;0
Answer;57;0
Answer;214;0
Answer;29;0
Answer;215;0
Answer;53;0
Answer;219;0
Answer;277;0
Answer;44;0
Answer;32;0
Answer;28;0
Answer;221;0
Answer;43;0
Answer;48;0
Answer;46;0
Answer;201;0
Answer;131;0
Answer;308;0
Answer;307;0
Answer;200;0
Answer;51;0
Answer;35;0
Answer;54;0
Answer;60;0
Answer;64;0
Answer;30;0
Answer;198;0
Answer;20;0
Answer;18;0
Answer;31;0
Answer;63;0
Answer;199;0
Answer;45;0
Answer;313;0
Answer;207;0
Answer;212;0
Answer;62;0
Answer;306;0
Answer;34;0
Answer;55;0
Answer;26;0
Answer;52;0
Answer;276;0
Answer;-1;0
Mis;`<` is `not >`;0;1;1;0;0;1;0;0;0;1;0;0;1;0;0;0;1;0;0;1;0;12;0
Mis;Backwards chaining;0;1;1;0;0;1;0;0;0;1;0;0;1;0;0;0;1;0;0;0;0;12;0
Mis;`print()` needs input;0;1;1;0;0;1;0;0;0;1;0;0;1;0;0;0;1;0;0;0;0;12;0
Mis;Blank last slice non-inclusive;0;1;1;0;0;1;0;0;0;1;0;0;1;0;0;0;1;0;0;0;0;12;0
Mis;Return frame bypass;0;1;1;0;0;1;0;0;0;1;0;0;1;0;0;0;1;0;0;0;0;12;0
Mis;Functions must have input;0;1;1;0;0;1;0;0;0;1;0;0;1;0;0;0;1;0;0;0;0;12;0
Mis;No Boolean literals;0;1;1;0;0;1;0;0;0;1;0;0;1;0;0;0;1;0;0;1;0;12;0
Mis;String equality isn't case sensitive;0;1;1;0;0;1;0;0;0;1;0;0;1;0;0;0;1;0;0;1;0;12;0
Mis;Single letter variables;0;1;1;0;0;1;0;0;0;1;0;0;1;0;0;0;1;0;0;0;0;12;0
Mis;`return` on `def` indentation level;0;1;1;0;0;1;0;0;0;1;0;0;1;0;0;0;1;0;0;1;0;12;0
Mis;Iterable repetition interleaves;0;1;1;0;0;1;0;0;0;1;0;0;1;0;0;0;1;0;0;0;0;12;0
Mis;Sequenced conditionals;0;1;1;0;0;1;0;0;0;1;0;0;1;0;0;0;1;0;0;1;0;12;0
Mis;`input()` includes newline;0;1;1;0;0;1;0;0;0;1;0;0;1;0;0;0;1;0;0;0;0;12;0
Mis;Concat with single element;0;1;1;0;0;1;0;0;0;1;0;0;1;0;0;0;1;0;0;0;0;12;0
Mis;Extending strings adds space;0;1;1;0;0;1;0;0;0;1;0;0;1;0;0;0;1;0;0;1;0;12;0
Mis;Variables cannot be assigned twice;0;1;1;0;0;1;0;0;0;1;0;0;1;0;0;0;1;0;0;1;0;12;0
Mis;No `and` on objects;0;1;1;0;0;1;0;0;0;1;0;0;1;0;0;0;1;0;0;0;0;12;0
Mis;`range()` only has one input;0;1;1;0;0;1;0;0;0;1;0;0;1;0;0;0;1;0;0;0;0;12;0
Mis;Linear Order of Operations;0;1;1;0;0;1;0;0;0;1;0;0;1;0;0;0;1;0;0;1;0;12;0
Mis;`%` percentage operator;0;1;1;0;0;1;0;0;0;1;0;0;1;0;0;0;1;0;0;0;0;12;0
Mis;`self` has no value;0;1;1;0;0;1;0;0;0;1;0;0;1;0;0;0;1;0;0;1;0;12;0
Mis;Characters are strings;0;1;1;0;0;1;0;0;0;1;0;0;1;0;0;0;1;0;0;0;0;12;0
Mis;Keyword functions;0;1;1;0;0;1;0;0;0;1;0;0;1;0;0;0;1;0;0;0;0;12;0
Mis;Floating point equality okay;0;1;1;0;0;1;0;0;0;1;0;0;1;0;0;0;1;0;0;1;0;12;0
Mis;Lazy assignment;0;1;1;0;0;1;0;0;0;1;0;0;1;0;0;0;1;0;0;0;0;12;0
Mis;Index -1 is start of list;0;1;1;0;0;1;0;0;0;1;0;0;1;0;0;0;1;0;0;1;0;12;0
Mis;No variable functions;0;1;1;0;0;1;0;0;0;1;0;0;1;0;0;0;1;0;0;1;0;12;0
Mis;Multi-line strings with `' '`;0;1;1;0;0;1;0;0;0;1;0;0;1;0;0;0;1;0;0;1;0;12;0
Mis;No variable methods;0;1;1;0;0;1;0;0;0;1;0;0;1;0;0;0;1;0;0;0;0;12;0
Mis;Iterable repeition multiplies by constant;0;1;1;0;0;1;0;0;0;1;0;0;1;0;0;0;1;0;0;0;0;12;0
Mis;String methods mutate;0;1;1;0;0;1;0;0;0;1;0;0;1;0;0;0;1;0;0;0;0;12;0
Mis;No short circuit;0;1;1;0;0;1;0;0;0;1;0;0;1;0;0;0;1;0;0;1;0;12;0
Mis;Slice exclusive of first index;0;1;1;0;0;1;0;0;0;1;0;0;1;0;0;0;1;0;0;0;0;12;0
Mis;`print()` non-terminating return;0;1;1;0;0;1;0;0;0;1;0;0;1;0;0;0;1;0;0;0;0;12;0
Mis;No floating point limit;0;1;1;0;0;1;0;0;0;1;0;0;1;0;0;0;1;0;0;1;0;12;0
Mis;`>` is `not <`;0;1;1;0;0;1;0;0;0;1;0;0;1;0;0;0;1;0;0;1;0;12;0
Mis;`try` without `except`;0;1;1;0;0;1;0;0;0;1;0;0;1;0;0;0;1;0;0;1;0;12;0
Mis;Inline Function Definition;0;1;1;0;0;1;0;0;0;1;0;0;1;0;0;0;1;0;0;1;0;12;0
Mis;`print()` no newline;0;1;1;0;0;1;0;0;0;1;0;0;1;0;0;0;1;0;0;0;0;12;0
Mis;`range()` starts at 1;0;1;1;0;0;1;0;0;0;1;0;0;1;0;0;0;1;0;0;1;0;12;0
Mis;Blank slice is empty;0;1;1;0;0;1;0;0;0;1;0;0;1;0;0;0;1;0;0;0;0;12;0
Mis;`-` works on strings;0;1;1;0;0;1;0;0;0;1;0;0;1;0;0;0;1;0;0;1;0;12;0
Mis;No constructor method chain;0;1;1;0;0;1;0;0;0;1;0;0;1;0;0;0;1;0;0;0;0;12;0
Mis;`#` is an operator;0;1;1;0;0;1;0;0;0;1;0;0;1;0;0;0;1;0;0;1;0;12;0
Mis;No escape sequences;0;1;1;0;0;1;0;0;0;1;0;0;1;0;0;0;1;0;0;0;0;12;0
Mis;Methods must have input;0;1;1;0;0;1;0;0;0;1;0;0;1;0;0;0;1;0;0;0;0;12;0
Mis;Assignment duplicates;0;1;1;0;0;1;0;0;0;1;0;0;1;0;0;0;1;0;0;0;0;12;0
Mis;`=` comparison;0;1;1;0;0;1;0;0;0;1;0;0;1;0;0;0;1;0;0;1;0;12;0
Mis;No tuple return;0;1;1;0;0;1;0;0;0;1;0;0;1;0;0;0;1;0;0;0;0;12;0
Mis;`for` is `while`;0;1;1;0;0;1;0;0;0;1;0;0;1;0;0;0;1;0;0;0;0;12;0
Mis;Curly brackets stay;0;1;1;0;0;1;0;0;0;1;0;0;1;0;0;0;1;0;0;0;0;12;0
Mis;`/` is modulus;0;1;1;0;0;1;0;0;0;1;0;0;1;0;0;0;1;0;0;1;0;12;0
Mis;No implicit void functions;0;1;1;0;0;1;0;0;0;1;0;0;1;0;0;0;1;0;0;0;0;12;0
Mis;Operators cannot be chained;0;1;1;0;0;1;0;0;0;1;0;0;1;0;0;0;1;0;0;1;0;12;0
Mis;Functions must return;0;1;1;0;0;1;0;0;0;1;0;0;1;0;0;0;1;0;0;0;0;12;0
Mis;No `not` on objects;0;1;1;0;0;1;0;0;0;1;0;0;1;0;0;0;1;0;0;0;0;12;0
Mis;Ternary Boolean return;0;1;1;0;0;1;0;0;0;1;0;0;1;0;0;0;1;0;0;0;0;12;0
Mis;`if` loop;0;1;1;0;0;1;0;0;0;1;0;0;1;0;0;0;1;0;0;1;0;12;0
Mis;`range()` includes the final value;0;1;1;0;0;1;0;0;0;1;0;0;1;0;0;0;1;0;0;0;0;12;0
Mis;Methods can have no arguments;0;1;1;0;0;1;0;0;0;1;0;0;1;0;0;0;1;0;0;0;0;12;0
Mis;No string constructor method chain;0;1;1;0;0;1;0;0;0;1;0;0;1;0;0;0;1;0;0;0;0;12;0
Mis;`return` continues;0;1;1;0;0;1;0;0;0;1;0;0;1;0;0;0;1;0;0;0;0;12;0
Mis;String equality not `==`;0;1;1;0;0;1;0;0;0;1;0;0;1;0;0;0;1;0;0;0;0;12;0
Mis;String repetition adds space;0;1;1;0;0;1;0;0;0;1;0;0;1;0;0;0;1;0;0;0;0;12;0
Mis;Automatic Integer Conversion;0;1;1;0;0;1;0;0;0;1;0;0;1;0;0;0;1;0;0;1;0;12;0
Mis;Slices include last value;0;1;1;0;0;1;0;0;0;1;0;0;1;0;0;0;1;0;0;0;0;12;0
Mis;Integers limit;0;1;1;0;0;1;0;0;0;1;0;0;1;0;0;0;1;0;0;1;0;12;0
Mis;Confused string assignment;0;1;1;0;0;1;0;0;0;1;0;0;1;0;0;0;1;0;0;0;0;12;0
Mis;Lowercase Booleans;0;1;1;0;0;1;0;0;0;1;0;0;1;0;0;0;1;0;0;0;0;12;0
Mis;`pass` is `continue`;0;1;1;0;0;1;0;0;0;1;0;0;1;0;0;0;1;0;0;1;0;12;0
Mis;`print()` returns;0;1;1;0;0;1;0;0;0;1;0;0;1;0;0;0;1;0;0;1;0;12;0
Mis;`print()` only accepts one input;0;1;1;0;0;1;0;0;0;1;0;0;1;0;0;0;1;0;0;0;0;12;0
Mis;Secondary memory data loss;0;1;1;0;0;1;0;0;0;1;0;0;1;0;0;0;1;0;0;1;0;12;0
Mis;Transitive Assignment;0;1;1;0;0;1;0;0;0;1;0;0;1;0;0;0;1;0;0;1;0;12;0
Mis;No literal return;0;1;1;0;0;1;0;0;0;1;0;0;1;0;0;0;1;0;0;0;0;12;0
Mis;`input()` return value;0;1;1;0;0;1;0;0;0;1;0;0;1;0;0;0;1;0;0;1;0;12;0
Mis;Floating point `range()`;0;1;1;0;0;1;0;0;0;1;0;0;1;0;0;0;1;0;0;0;0;12;0
Mis;No `or` on objects;0;1;1;0;0;1;0;0;0;1;0;0;1;0;0;0;1;0;0;0;0;12;0
Mis;`print()` always has a newline;0;1;1;0;0;1;0;0;0;1;0;0;1;0;0;0;1;0;0;0;0;12;0
Mis;`print()` only string;0;1;1;0;0;1;0;0;0;1;0;0;1;0;0;0;1;0;0;0;0;12;0
Mis;`/` is integer division;0;1;1;0;0;1;0;0;0;1;0;0;1;0;0;0;1;0;0;1;0;12;0
Mis;`input()` requires function input;0;1;1;0;0;1;0;0;0;1;0;0;1;0;0;0;1;0;0;0;0;12;0
Mis;No method chain;0;1;1;0;0;1;0;0;0;1;0;0;1;0;0;0;1;0;0;0;0;12;0
Mis;`int()` rounds up floats;0;1;1;0;0;1;0;0;0;1;0;0;1;0;0;0;1;0;0;1;0;12;0
Mis;Multi-line strings with `" "`;0;1;1;0;0;1;0;0;0;1;0;0;1;0;0;0;1;0;0;1;0;12;0
Mis;List concat vector addition;0;1;1;0;0;1;0;0;0;1;0;0;1;0;0;0;1;0;0;1;0;12;0
Mis;`/` works on strings;0;1;1;0;0;1;0;0;0;1;0;0;1;0;0;0;1;0;0;1;0;12;0
Mis;Strings are mutable;0;1;1;0;0;1;0;0;0;1;0;0;1;0;0;0;1;0;0;0;0;12;0
Mis;No loop termination;0;1;1;0;0;1;0;0;0;1;0;0;1;0;0;0;1;0;0;1;0;12;0
Mis;Conditional Boolean return;0;1;1;0;0;1;0;0;0;1;0;0;1;0;0;0;1;0;0;0;0;12;0
Mis;Slices require indices;0;1;1;0;0;1;0;0;0;1;0;0;1;0;0;0;1;0;0;1;0;12;0
Mis;Parenthesized return;0;1;1;0;0;1;0;0;0;1;0;0;1;0;0;0;1;0;0;0;0;12;0
Mis;`%` is division;0;1;1;0;0;1;0;0;0;1;0;0;1;0;0;0;1;0;0;0;0;12;0
Mis;Iterable repetition repeated constant multiplication;0;1;1;0;0;1;0;0;0;1;0;0;1;0;0;0;1;0;0;1;0;12;0
Mis;`//` divides;0;1;1;0;0;1;0;0;0;1;0;0;1;0;0;0;1;0;0;0;0;12;0
Mis;Cannot mix index sign in slice;0;1;1;0;0;1;0;0;0;1;0;0;1;0;0;0;1;0;0;0;0;12;0
Mis;`//` is modulus;0;1;1;0;0;1;0;0;0;1;0;0;1;0;0;0;1;0;0;0;0;12;0
Mis;Slice removes;0;1;1;0;0;1;0;0;0;1;0;0;1;0;0;0;1;0;0;0;0;12;0
Mis;No nesting loops;0;1;1;0;0;1;0;0;0;1;0;0;1;0;0;0;1;0;0;0;0;12;0
Mis;Literals don't have a data type;0;1;1;0;0;1;0;0;0;1;0;0;1;0;0;0;1;0;0;1;0;12;0
Mis;`%` is integer division;0;1;1;0;0;1;0;0;0;1;0;0;1;0;0;0;1;0;0;1;0;12;0
Mis;No formatted string;0;1;1;0;0;1;0;0;0;1;0;0;1;0;0;0;1;0;0;1;0;12;0
Mis;`for` stops before last element;0;1;1;0;0;1;0;0;0;1;0;0;1;0;0;0;1;0;0;1;0;12;0
Mis;`int()` rounds floats;0;1;1;0;0;1;0;0;0;1;0;0;1;0;0;0;1;0;0;0;0;12;0
Mis;Implied repetition over logical operator;0;1;1;0;0;1;0;0;0;1;0;0;1;0;0;0;1;0;0;0;0;12;0
Mis;`for` only with `range()`;0;1;1;0;0;1;0;0;0;1;0;0;1;0;0;0;1;0;0;0;0;12;0
Mis;`while` tests after loop;0;1;1;0;0;1;0;0;0;1;0;0;1;0;0;0;1;0;0;1;0;12;0
Mis;Multi-value return;0;1;1;0;0;1;0;0;0;1;0;0;1;0;0;0;1;0;0;0;0;12;0
Mis;Strings are not objects;0;1;1;0;0;1;0;0;0;1;0;0;1;0;0;0;1;0;0;1;0;12;0
Sphere;Automatic Conversion;0;1;1;0;0;1;0;0;0;1;0;0;1;0;0;0;1;0;0;1;0;12;1;0.9578947368421054
Sphere;Assignment;0;1;1;0;0;1;0;0;0;1;0;0;1;0;0;0;1;0;0;1;0;12;1;0.9578947368421054
Sphere;`+` integer operator;0;1;1;0;0;1;0;0;0;1;0;0;1;0;0;0;1;0;0;1;0;12;1;0.9578947368421054
Sphere;Floats;0;1;1;0;0;1;0;0;0;1;0;0;1;0;0;0;1;0;0;1;0;12;1;0.9578947368421054
Sphere;`" "` constructor;0;1;1;0;0;1;0;0;0;1;0;0;1;0;0;0;1;0;0;1;0;12;1;0.9578947368421054
Sphere;Variables;0;1;1;0;0;1;0;0;0;1;0;0;1;0;0;0;1;0;0;1;0;12;1;0.9714285714285715
Sphere;Strings;0;1;1;0;0;1;0;0;0;1;0;0;1;0;0;0;1;0;0;1;0;12;1;0.9578947368421054
Sphere;`int()` function;0;1;1;0;0;1;0;0;0;1;0;0;1;0;0;0;1;0;0;1;0;12;1;0.9578947368421054
Sphere;`/` integer operator;0;1;1;0;0;1;0;0;0;1;0;0;1;0;0;0;1;0;0;1;0;12;1;0.9578947368421054
Sphere;`input()` function;0;1;1;0;0;1;0;0;0;1;0;0;1;0;0;0;1;0;0;1;0;12;1;0.9578947368421054
Sphere;Integers;0;1;1;0;0;1;0;0;0;1;0;0;1;0;0;0;1;0;0;1;0;12;1;0.9578947368421054
Sphere;`=` operator;0;1;1;0;0;1;0;0;0;1;0;0;1;0;0;0;1;0;0;1;0;12;1;0.9714285714285715
Sphere;`print()` function;0;1;1;0;0;1;0;0;0;1;0;0;1;0;0;0;1;0;0;1;0;12;1;0.9578947368421054
Sphere;`*` integer operator;0;1;1;0;0;1;0;0;0;1;0;0;1;0;0;0;1;0;0;1;0;12;1;0.9578947368421054
Sphere;`str()` function;0;1;1;0;0;1;0;0;0;1;0;0;1;0;0;0;1;0;0;0;0;12;1;0.9200000000000002
Sphere;`+=` float operator;0;1;1;0;0;1;0;0;0;1;0;0;1;0;0;0;1;0;0;0;0;12;1;0.8
Sphere;Built-in Functions;0;1;1;0;0;1;0;0;0;1;0;0;1;0;0;0;1;0;0;0;0;12;0;1e-08
Sphere;`+=` integer operator;0;1;1;0;0;1;0;0;0;1;0;0;1;0;0;0;1;0;0;0;0;12;1;0.8
Sphere;Secondary Memory;0;1;1;0;0;1;0;0;0;1;0;0;1;0;0;0;1;0;0;0;0;12;1;0.8
Sphere;`*=` float operator;0;1;1;0;0;1;0;0;0;1;0;0;1;0;0;0;1;0;0;0;0;12;1;0.8
Sphere;Conditionals;0;1;1;0;0;1;0;0;0;1;0;0;1;0;0;0;1;0;0;0;0;12;0;1e-08
Sphere;Addition;0;1;1;0;0;1;0;0;0;1;0;0;1;0;0;0;1;0;0;0;0;12;0;1e-08
Sphere;Compilers;0;1;1;0;0;1;0;0;0;1;0;0;1;0;0;0;1;0;0;0;0;12;1;0.8
Sphere;`range()` function;0;1;1;0;0;1;0;0;0;1;0;0;1;0;0;0;1;0;0;0;0;12;0;1e-08
Sphere;`%=` integer operator;0;1;1;0;0;1;0;0;0;1;0;0;1;0;0;0;1;0;0;0;0;12;1;0.9200000000000002
Sphere;Interpreters;0;1;1;0;0;1;0;0;0;1;0;0;1;0;0;0;1;0;0;0;0;12;1;0.8
Sphere;Booleans;0;1;1;0;0;1;0;0;0;1;0;0;1;0;0;0;1;0;0;0;0;12;1;0.8
Sphere;`%` float operator;0;1;1;0;0;1;0;0;0;1;0;0;1;0;0;0;1;0;0;0;0;12;1;0.9200000000000002
Sphere;`elif` keyword;0;1;1;0;0;1;0;0;0;1;0;0;1;0;0;0;1;0;0;0;0;12;0;1e-08
Sphere;`<=` float operator;0;1;1;0;0;1;0;0;0;1;0;0;1;0;0;0;1;0;0;0;0;12;0;0.8
Sphere;`<` float operator;0;1;1;0;0;1;0;0;0;1;0;0;1;0;0;0;1;0;0;0;0;12;1;0.8
Sphere;`continue` keyword;0;1;1;0;0;1;0;0;0;1;0;0;1;0;0;0;1;0;0;0;0;12;0;1e-08
Sphere;`+` string operator;0;1;1;0;0;1;0;0;0;1;0;0;1;0;0;0;1;0;0;1;0;12;0;0.2
Sphere;`lower()` method;0;1;1;0;0;1;0;0;0;1;0;0;1;0;0;0;1;0;0;0;0;12;0;1e-08
Sphere;`else` keyword;0;1;1;0;0;1;0;0;0;1;0;0;1;0;0;0;1;0;0;0;0;12;0;1e-08
Sphere;`-=` integer operator;0;1;1;0;0;1;0;0;0;1;0;0;1;0;0;0;1;0;0;0;0;12;1;0.8
Sphere;`or` operator;0;1;1;0;0;1;0;0;0;1;0;0;1;0;0;0;1;0;0;0;0;12;1;0.8
Sphere;`!=` float operator;0;1;1;0;0;1;0;0;0;1;0;0;1;0;0;0;1;0;0;0;0;12;0;0.8
Sphere;`<` string operator;0;1;1;0;0;1;0;0;0;1;0;0;1;0;0;0;1;0;0;0;0;12;0;1e-08
Sphere;`<` integer operator;0;1;1;0;0;1;0;0;0;1;0;0;1;0;0;0;1;0;0;0;0;12;1;0.8
Sphere;Floating point equality;0;1;1;0;0;1;0;0;0;1;0;0;1;0;0;0;1;0;0;0;0;12;1;0.8
Sphere;Comparison;0;1;1;0;0;1;0;0;0;1;0;0;1;0;0;0;1;0;0;0;0;12;0;1e-08
Sphere;`type()` function;0;1;1;0;0;1;0;0;0;1;0;0;1;0;0;0;1;0;0;0;0;12;1;0.9200000000000002
Sphere;Functions;0;1;1;0;0;1;0;0;0;1;0;0;1;0;0;0;1;0;0;0;0;12;1;0.9200000000000002
Sphere;Contracted `if`;0;1;1;0;0;1;0;0;0;1;0;0;1;0;0;0;1;0;0;0;0;12;0;1e-08
Sphere;`+` float operator;0;1;1;0;0;1;0;0;0;1;0;0;1;0;0;0;1;0;0;0;0;12;1;0.8857142857142859
Sphere;`>=` integer operator;0;1;1;0;0;1;0;0;0;1;0;0;1;0;0;0;1;0;0;0;0;12;0;0.8
Sphere;`break` keyword;0;1;1;0;0;1;0;0;0;1;0;0;1;0;0;0;1;0;0;0;0;12;0;1e-08
Sphere;CPU functionality;0;1;1;0;0;1;0;0;0;1;0;0;1;0;0;0;1;0;0;0;0;12;1;0.8
Sphere;Self Assignment;0;1;1;0;0;1;0;0;0;1;0;0;1;0;0;0;1;0;0;0;0;12;1;0.9384615384615385
Sphere;`*=` integer operator;0;1;1;0;0;1;0;0;0;1;0;0;1;0;0;0;1;0;0;0;0;12;1;0.8
Sphere;`//` float operator;0;1;1;0;0;1;0;0;0;1;0;0;1;0;0;0;1;0;0;0;0;12;1;0.9200000000000002
Sphere;`' '` constructor;0;1;1;0;0;1;0;0;0;1;0;0;1;0;0;0;1;0;0;0;0;12;1;0.9200000000000002
Sphere;`""" """` constructor;0;1;1;0;0;1;0;0;0;1;0;0;1;0;0;0;1;0;0;0;0;12;0;1e-08
Sphere;`join()` method;0;1;1;0;0;1;0;0;0;1;0;0;1;0;0;0;1;0;0;0;0;12;0;1e-08
Sphere;Repetition;0;1;1;0;0;1;0;0;0;1;0;0;1;0;0;0;1;0;0;0;0;12;0;1e-08
Sphere;`//=` float operator;0;1;1;0;0;1;0;0;0;1;0;0;1;0;0;0;1;0;0;0;0;12;1;0.9200000000000002
Sphere;Control Flow;0;1;1;0;0;1;0;0;0;1;0;0;1;0;0;0;1;0;0;0;0;12;0;1e-08
Sphere;Loops;0;1;1;0;0;1;0;0;0;1;0;0;1;0;0;0;1;0;0;0;0;12;0;1e-08
Sphere;`%=` float operator;0;1;1;0;0;1;0;0;0;1;0;0;1;0;0;0;1;0;0;0;0;12;1;0.9200000000000002
Sphere;Concatenation;0;1;1;0;0;1;0;0;0;1;0;0;1;0;0;0;1;0;0;0;0;12;0;1e-08
Sphere;`*` string operator;0;1;1;0;0;1;0;0;0;1;0;0;1;0;0;0;1;0;0;0;0;12;0;1e-08
Sphere;`-=` float operator;0;1;1;0;0;1;0;0;0;1;0;0;1;0;0;0;1;0;0;0;0;12;1;0.8
Sphere;`//` integer operator;0;1;1;0;0;1;0;0;0;1;0;0;1;0;0;0;1;0;0;0;0;12;1;0.9200000000000002
Sphere;`*` float operator;0;1;1;0;0;1;0;0;0;1;0;0;1;0;0;0;1;0;0;0;0;12;1;0.8857142857142859
Sphere;Atomic Data Types;0;1;1;0;0;1;0;0;0;1;0;0;1;0;0;0;1;0;0;0;0;12;0;1e-08
Sphere;Subtraction;0;1;1;0;0;1;0;0;0;1;0;0;1;0;0;0;1;0;0;0;0;12;0;1e-08
Sphere;Type Casting;0;1;1;0;0;1;0;0;0;1;0;0;1;0;0;0;1;0;0;0;0;12;0;1e-08
Sphere;`not` operator;0;1;1;0;0;1;0;0;0;1;0;0;1;0;0;0;1;0;0;0;0;12;1;0.8
Sphere;String Slicing;0;1;1;0;0;1;0;0;0;1;0;0;1;0;0;0;1;0;0;0;0;12;0;1e-08
Sphere;`and` operator;0;1;1;0;0;1;0;0;0;1;0;0;1;0;0;0;1;0;0;0;0;12;1;0.8
Sphere;`/=` integer operator;0;1;1;0;0;1;0;0;0;1;0;0;1;0;0;0;1;0;0;0;0;12;1;0.8
Sphere;Multiplication;0;1;1;0;0;1;0;0;0;1;0;0;1;0;0;0;1;0;0;0;0;12;0;1e-08
Sphere;`return` keyword;0;1;1;0;0;1;0;0;0;1;0;0;1;0;0;0;1;0;0;0;0;12;0;1e-08
Sphere;Indexing;0;1;1;0;0;1;0;0;0;1;0;0;1;0;0;0;1;0;0;0;0;12;0;1e-08
Sphere;Ordered Data Structures;0;1;1;0;0;1;0;0;0;1;0;0;1;0;0;0;1;0;0;0;0;12;0;1e-08
Sphere;Formatted Strings;0;1;1;0;0;1;0;0;0;1;0;0;1;0;0;0;1;0;0;0;0;12;0;1e-08
Sphere;Division;0;1;1;0;0;1;0;0;0;1;0;0;1;0;0;0;1;0;0;0;0;12;0;1e-08
Sphere;`if` keyword;0;1;1;0;0;1;0;0;0;1;0;0;1;0;0;0;1;0;0;0;0;12;0;1e-08
Sphere;Equality;0;1;1;0;0;1;0;0;0;1;0;0;1;0;0;0;1;0;0;0;0;12;0;1e-08
Sphere;`==` integer operator;0;1;1;0;0;1;0;0;0;1;0;0;1;0;0;0;1;0;0;0;0;12;1;0.8
Sphere;`-` integer operator;0;1;1;0;0;1;0;0;0;1;0;0;1;0;0;0;1;0;0;0;0;12;1;0.8857142857142859
Sphere;`!=` string operator;0;1;1;0;0;1;0;0;0;1;0;0;1;0;0;0;1;0;0;0;0;12;0;1e-08
Sphere;String Indexing;0;1;1;0;0;1;0;0;0;1;0;0;1;0;0;0;1;0;0;0;0;12;0;1e-08
Sphere;Operator Chaining;0;1;1;0;0;1;0;0;0;1;0;0;1;0;0;0;1;0;0;0;0;12;1;0.95
Sphere;Comments;0;1;1;0;0;1;0;0;0;1;0;0;1;0;0;0;1;0;0;0;0;12;1;0.8857142857142859
Sphere;`/` float operator;0;1;1;0;0;1;0;0;0;1;0;0;1;0;0;0;1;0;0;0;0;12;1;0.8857142857142859
Sphere;`upper()` method;0;1;1;0;0;1;0;0;0;1;0;0;1;0;0;0;1;0;0;0;0;12;0;1e-08
Sphere;`try` keyword;0;1;1;0;0;1;0;0;0;1;0;0;1;0;0;0;1;0;0;0;0;12;0;1e-08
Sphere;`>` float operator;0;1;1;0;0;1;0;0;0;1;0;0;1;0;0;0;1;0;0;0;0;12;1;0.8
Sphere;`==` string operator;0;1;1;0;0;1;0;0;0;1;0;0;1;0;0;0;1;0;0;0;0;12;0;1e-08
Sphere;`for` loops;0;1;1;0;0;1;0;0;0;1;0;0;1;0;0;0;1;0;0;0;0;12;0;1e-08
Sphere;`replace()` method;0;1;1;0;0;1;0;0;0;1;0;0;1;0;0;0;1;0;0;0;0;12;0;1e-08
Sphere;Integer Division;0;1;1;0;0;1;0;0;0;1;0;0;1;0;0;0;1;0;0;0;0;12;0;1e-08
Sphere;`%` integer operator;0;1;1;0;0;1;0;0;0;1;0;0;1;0;0;0;1;0;0;0;0;12;1;0.9200000000000002
Sphere;Order of Operations;0;1;1;0;0;1;0;0;0;1;0;0;1;0;0;0;1;0;0;0;0;12;1;0.95
Sphere;`len()` string function;0;1;1;0;0;1;0;0;0;1;0;0;1;0;0;0;1;0;0;0;0;12;0;1e-08
Sphere;`<=` integer operator;0;1;1;0;0;1;0;0;0;1;0;0;1;0;0;0;1;0;0;0;0;12;1;0.8
Sphere;RAM functionality;0;1;1;0;0;1;0;0;0;1;0;0;1;0;0;0;1;0;0;0;0;12;1;0.8
Sphere;`>` string operator;0;1;1;0;0;1;0;0;0;1;0;0;1;0;0;0;1;0;0;0;0;12;0;1e-08
Sphere;`/=` float operator;0;1;1;0;0;1;0;0;0;1;0;0;1;0;0;0;1;0;0;0;0;12;1;0.8
Sphere;`-` float operator;0;1;1;0;0;1;0;0;0;1;0;0;1;0;0;0;1;0;0;0;0;12;1;0.8857142857142859
Sphere;`float()` function;0;1;1;0;0;1;0;0;0;1;0;0;1;0;0;0;1;0;0;0;0;12;1;0.9384615384615385
Sphere;Slicing;0;1;1;0;0;1;0;0;0;1;0;0;1;0;0;0;1;0;0;0;0;12;0;1e-08
Sphere;Modulus;0;1;1;0;0;1;0;0;0;1;0;0;1;0;0;0;1;0;0;0;0;12;0;1e-08
Sphere;`!=` integer operator;0;1;1;0;0;1;0;0;0;1;0;0;1;0;0;0;1;0;0;0;0;12;1;0.8
Sphere;`>` integer operator;0;1;1;0;0;1;0;0;0;1;0;0;1;0;0;0;1;0;0;0;0;12;1;0.8
Sphere;`while` loops;0;1;1;0;0;1;0;0;0;1;0;0;1;0;0;0;1;0;0;0;0;12;0;1e-08
Sphere;Methods;0;1;1;0;0;1;0;0;0;1;0;0;1;0;0;0;1;0;0;0;0;12;0;1e-08
Sphere;`>=` float operator;0;1;1;0;0;1;0;0;0;1;0;0;1;0;0;0;1;0;0;0;0;12;1;0.8
Sphere;Machine Code;0;1;1;0;0;1;0;0;0;1;0;0;1;0;0;0;1;0;0;0;0;12;1;0.8
Sphere;Program Definition;0;1;1;0;0;1;0;0;0;1;0;0;1;0;0;0;1;0;0;0;0;12;1;0.8
Sphere;`//=` integer operator;0;1;1;0;0;1;0;0;0;1;0;0;1;0;0;0;1;0;0;0;0;12;1;0.9200000000000002
Sphere;`def` constructor;0;1;1;0;0;1;0;0;0;1;0;0;1;0;0;0;1;0;0;0;0;12;1;0.9200000000000002
Sphere;`capitalize()` method;0;1;1;0;0;1;0;0;0;1;0;0;1;0;0;0;1;0;0;0;0;12;0;1e-08
==::==::==
Question;81;0
Question;20;0
Question;5;0
Question;18;0
Question;8;0
Question;53;0
Question;84;0
Question;11;0
Question;83;0
Question;9;0
Question;93;0
Question;15;1
Question;82;0
Question;85;0
Question;91;0
Question;19;1
Question;79;0
Question;48;0
Question;17;1
Question;12;0
Question;90;0
Question;14;0
Question;13;0
Question;7;0
Answer;58;1
Answer;305;0
Answer;315;0
Answer;50;0
Answer;21;0
Answer;27;0
Answer;209;0
Answer;217;0
Answer;210;0
Answer;56;0
Answer;218;0
Answer;213;0
Answer;316;0
Answer;304;0
Answer;223;0
Answer;314;0
Answer;130;0
Answer;61;0
Answer;36;0
Answer;220;0
Answer;216;0
Answer;208;0
Answer;211;0
Answer;225;0
Answer;33;0
Answer;49;0
Answer;141;0
Answer;224;0
Answer;206;0
Answer;19;0
Answer;37;0
Answer;303;0
Answer;222;0
Answer;42;0
Answer;47;0
Answer;57;0
Answer;214;0
Answer;29;0
Answer;215;0
Answer;53;0
Answer;219;0
Answer;277;0
Answer;44;0
Answer;32;0
Answer;28;0
Answer;221;0
Answer;43;0
Answer;48;0
Answer;46;0
Answer;201;0
Answer;131;0
Answer;308;0
Answer;307;0
Answer;200;0
Answer;51;0
Answer;35;0
Answer;54;0
Answer;60;0
Answer;64;0
Answer;30;0
Answer;198;0
Answer;20;0
Answer;18;0
Answer;31;0
Answer;63;0
Answer;199;0
Answer;45;0
Answer;313;0
Answer;207;0
Answer;212;0
Answer;62;1
Answer;306;0
Answer;34;0
Answer;55;0
Answer;26;0
Answer;52;0
Answer;276;0
Answer;-1;1
Mis;`<` is `not >`;0;1;1;0;0;1;0;0;0;1;0;0;1;0;0;0;0;1;0;1;0;12;0
Mis;Backwards chaining;0;1;1;0;0;1;0;0;0;1;0;0;1;0;0;0;0;1;0;0;0;12;0
Mis;`print()` needs input;0;1;1;0;0;1;0;0;0;1;0;0;1;0;0;0;0;1;0;0;0;12;0
Mis;Blank last slice non-inclusive;0;1;1;0;0;1;0;0;0;1;0;0;1;0;0;0;0;1;0;0;0;12;0
Mis;Return frame bypass;0;1;1;0;0;1;0;0;0;1;0;0;1;0;0;0;0;1;0;0;0;12;0
Mis;Functions must have input;0;1;1;0;0;1;0;0;0;1;0;0;1;0;0;0;0;1;0;0;0;12;0
Mis;No Boolean literals;0;1;1;0;0;1;0;0;0;1;0;0;1;0;0;0;0;1;0;1;0;12;0
Mis;String equality isn't case sensitive;0;1;1;0;0;1;0;0;0;1;0;0;1;0;0;0;0;1;0;1;0;12;0
Mis;Single letter variables;0;1;1;0;0;1;0;0;0;1;0;0;1;0;0;0;0;1;0;0;0;12;0
Mis;`return` on `def` indentation level;0;1;1;0;0;1;0;0;0;1;0;0;1;0;0;0;0;1;0;1;0;12;0
Mis;Iterable repetition interleaves;0;1;1;0;0;1;0;0;0;1;0;0;1;0;0;0;0;1;0;0;0;12;0
Mis;Sequenced conditionals;0;1;1;0;0;1;0;0;0;1;0;0;1;0;0;0;0;1;0;1;0;12;0
Mis;`input()` includes newline;0;1;1;0;0;1;0;0;0;1;0;0;1;0;0;0;0;1;0;0;0;12;0
Mis;Concat with single element;0;1;1;0;0;1;0;0;0;1;0;0;1;0;0;0;0;1;0;0;0;12;0
Mis;Extending strings adds space;0;1;1;0;0;1;0;0;0;1;0;0;1;0;0;0;0;1;0;1;0;12;0
Mis;Variables cannot be assigned twice;0;1;1;0;0;1;0;0;0;1;0;0;1;0;0;0;0;1;0;1;0;12;0
Mis;No `and` on objects;0;1;1;0;0;1;0;0;0;1;0;0;1;0;0;0;0;1;0;0;0;12;0
Mis;`range()` only has one input;0;1;1;0;0;1;0;0;0;1;0;0;1;0;0;0;0;1;0;0;0;12;0
Mis;Linear Order of Operations;0;1;1;0;0;1;0;0;0;1;0;0;1;0;0;0;0;1;0;1;0;12;0
Mis;`%` percentage operator;0;1;1;0;0;1;0;0;0;1;0;0;1;0;0;0;0;1;0;0;0;12;0
Mis;`self` has no value;0;1;1;0;0;1;0;0;0;1;0;0;1;0;0;0;0;1;0;1;0;12;0
Mis;Characters are strings;0;1;1;0;0;1;0;0;0;1;0;0;1;0;0;0;0;1;0;0;0;12;0
Mis;Keyword functions;0;1;1;0;0;1;0;0;0;1;0;0;1;0;0;0;0;1;0;0;0;12;0
Mis;Floating point equality okay;0;1;1;0;0;1;0;0;0;1;0;0;1;0;0;0;0;1;0;1;0;12;0
Mis;Lazy assignment;0;1;1;0;0;1;0;0;0;1;0;0;1;0;0;0;0;1;0;0;0;12;0
Mis;Index -1 is start of list;0;1;1;0;0;1;0;0;0;1;0;0;1;0;0;0;0;1;0;1;0;12;0
Mis;No variable functions;0;1;1;0;0;1;0;0;0;1;0;0;1;0;0;0;0;1;0;1;0;12;0
Mis;Multi-line strings with `' '`;0;1;1;0;0;1;0;0;0;1;0;0;1;0;0;0;0;1;0;1;0;12;0
Mis;No variable methods;0;1;1;0;0;1;0;0;0;1;0;0;1;0;0;0;0;1;0;0;0;12;0
Mis;Iterable repeition multiplies by constant;0;1;1;0;0;1;0;0;0;1;0;0;1;0;0;0;0;1;0;0;0;12;0
Mis;String methods mutate;0;1;1;0;0;1;0;0;0;1;0;0;1;0;0;0;0;1;0;0;0;12;0
Mis;No short circuit;0;1;1;0;0;1;0;0;0;1;0;0;1;0;0;0;0;1;0;1;0;12;0
Mis;Slice exclusive of first index;0;1;1;0;0;1;0;0;0;1;0;0;1;0;0;0;0;1;0;0;0;12;0
Mis;`print()` non-terminating return;0;1;1;0;0;1;0;0;0;1;0;0;1;0;0;0;0;1;0;0;0;12;0
Mis;No floating point limit;0;1;1;0;0;1;0;0;0;1;0;0;1;0;0;0;0;1;0;1;0;12;0
Mis;`>` is `not <`;0;1;1;0;0;1;0;0;0;1;0;0;1;0;0;0;0;1;0;1;0;12;0
Mis;`try` without `except`;0;1;1;0;0;1;0;0;0;1;0;0;1;0;0;0;0;1;0;1;0;12;0
Mis;Inline Function Definition;0;1;1;0;0;1;0;0;0;1;0;0;1;0;0;0;0;1;0;1;0;12;0
Mis;`print()` no newline;0;1;1;0;0;1;0;0;0;1;0;0;1;0;0;0;0;1;0;0;0;12;0
Mis;`range()` starts at 1;0;1;1;0;0;1;0;0;0;1;0;0;1;0;0;0;0;1;0;1;0;12;0
Mis;Blank slice is empty;0;1;1;0;0;1;0;0;0;1;0;0;1;0;0;0;0;1;0;0;0;12;0
Mis;`-` works on strings;0;1;1;0;0;1;0;0;0;1;0;0;1;0;0;0;0;1;0;1;0;12;0
Mis;No constructor method chain;0;1;1;0;0;1;0;0;0;1;0;0;1;0;0;0;0;1;0;0;0;12;0
Mis;`#` is an operator;0;1;1;0;0;1;0;0;0;1;0;0;1;0;0;0;0;1;0;1;0;12;0
Mis;No escape sequences;0;1;1;0;0;1;0;0;0;1;0;0;1;0;0;0;0;1;0;0;0;12;0
Mis;Methods must have input;0;1;1;0;0;1;0;0;0;1;0;0;1;0;0;0;0;1;0;0;0;12;0
Mis;Assignment duplicates;0;1;1;0;0;1;0;0;0;1;0;0;1;0;0;0;0;1;0;0;0;12;0
Mis;`=` comparison;0;1;1;0;0;1;0;0;0;1;0;0;1;0;0;0;0;1;0;1;0;12;0
Mis;No tuple return;0;1;1;0;0;1;0;0;0;1;0;0;1;0;0;0;0;1;0;0;0;12;0
Mis;`for` is `while`;0;1;1;0;0;1;0;0;0;1;0;0;1;0;0;0;0;1;0;0;0;12;0
Mis;Curly brackets stay;0;1;1;0;0;1;0;0;0;1;0;0;1;0;0;0;0;1;0;0;0;12;0
Mis;`/` is modulus;0;1;1;0;0;1;0;0;0;1;0;0;1;0;0;0;0;1;0;1;0;12;0
Mis;No implicit void functions;0;1;1;0;0;1;0;0;0;1;0;0;1;0;0;0;0;1;0;0;0;12;0
Mis;Operators cannot be chained;0;1;1;0;0;1;0;0;0;1;0;0;1;0;0;0;0;1;0;1;0;12;0
Mis;Functions must return;0;1;1;0;0;1;0;0;0;1;0;0;1;0;0;0;0;1;0;0;0;12;0
Mis;No `not` on objects;0;1;1;0;0;1;0;0;0;1;0;0;1;0;0;0;0;1;0;0;0;12;0
Mis;Ternary Boolean return;0;1;1;0;0;1;0;0;0;1;0;0;1;0;0;0;0;1;0;0;0;12;0
Mis;`if` loop;0;1;1;0;0;1;0;0;0;1;0;0;1;0;0;0;0;1;0;1;0;12;0
Mis;`range()` includes the final value;0;1;1;0;0;1;0;0;0;1;0;0;1;0;0;0;0;1;0;0;0;12;0
Mis;Methods can have no arguments;0;1;1;0;0;1;0;0;0;1;0;0;1;0;0;0;0;1;0;0;0;12;0
Mis;No string constructor method chain;0;1;1;0;0;1;0;0;0;1;0;0;1;0;0;0;0;1;0;0;0;12;0
Mis;`return` continues;0;1;1;0;0;1;0;0;0;1;0;0;1;0;0;0;0;1;0;0;0;12;0
Mis;String equality not `==`;0;1;1;0;0;1;0;0;0;1;0;0;1;0;0;0;0;1;0;0;0;12;0
Mis;String repetition adds space;0;1;1;0;0;1;0;0;0;1;0;0;1;0;0;0;0;1;0;0;0;12;0
Mis;Automatic Integer Conversion;0;1;1;0;0;1;0;0;0;1;0;0;1;0;0;0;0;1;0;1;0;12;0
Mis;Slices include last value;0;1;1;0;0;1;0;0;0;1;0;0;1;0;0;0;0;1;0;0;0;12;0
Mis;Integers limit;0;1;1;0;0;1;0;0;0;1;0;0;1;0;0;0;0;1;0;1;0;12;0
Mis;Confused string assignment;0;1;1;0;0;1;0;0;0;1;0;0;1;0;0;0;0;1;0;0;0;12;0
Mis;Lowercase Booleans;0;1;1;0;0;1;0;0;0;1;0;0;1;0;0;0;0;1;0;0;0;12;0
Mis;`pass` is `continue`;0;1;1;0;0;1;0;0;0;1;0;0;1;0;0;0;0;1;0;1;0;12;0
Mis;`print()` returns;0;1;1;0;0;1;0;0;0;1;0;0;1;0;0;0;0;1;0;1;0;12;0
Mis;`print()` only accepts one input;0;1;1;0;0;1;0;0;0;1;0;0;1;0;0;0;0;1;0;0;0;12;0
Mis;Secondary memory data loss;0;1;1;0;0;1;0;0;0;1;0;0;1;0;0;0;0;1;0;1;0;12;0
Mis;Transitive Assignment;0;1;1;0;0;1;0;0;0;1;0;0;1;0;0;0;0;1;0;1;0;12;0
Mis;No literal return;0;1;1;0;0;1;0;0;0;1;0;0;1;0;0;0;0;1;0;0;0;12;0
Mis;`input()` return value;0;1;1;0;0;1;0;0;0;1;0;0;1;0;0;0;0;1;0;1;0;12;0
Mis;Floating point `range()`;0;1;1;0;0;1;0;0;0;1;0;0;1;0;0;0;0;1;0;0;0;12;0
Mis;No `or` on objects;0;1;1;0;0;1;0;0;0;1;0;0;1;0;0;0;0;1;0;0;0;12;0
Mis;`print()` always has a newline;0;1;1;0;0;1;0;0;0;1;0;0;1;0;0;0;0;1;0;0;0;12;0
Mis;`print()` only string;0;1;1;0;0;1;0;0;0;1;0;0;1;0;0;0;0;1;0;0;0;12;0
Mis;`/` is integer division;0;1;1;0;0;1;0;0;0;1;0;0;1;0;0;0;0;1;0;1;0;12;0
Mis;`input()` requires function input;0;1;1;0;0;1;0;0;0;1;0;0;1;0;0;0;0;1;0;0;0;12;0
Mis;No method chain;0;1;1;0;0;1;0;0;0;1;0;0;1;0;0;0;0;1;0;0;0;12;0
Mis;`int()` rounds up floats;0;1;1;0;0;1;0;0;0;1;0;0;1;0;0;0;0;1;0;1;0;12;0
Mis;Multi-line strings with `" "`;0;1;1;0;0;1;0;0;0;1;0;0;1;0;0;0;0;1;0;1;0;12;0
Mis;List concat vector addition;0;1;1;0;0;1;0;0;0;1;0;0;1;0;0;0;0;1;0;1;0;12;0
Mis;`/` works on strings;0;1;1;0;0;1;0;0;0;1;0;0;1;0;0;0;0;1;0;1;0;12;0
Mis;Strings are mutable;0;1;1;0;0;1;0;0;0;1;0;0;1;0;0;0;0;1;0;0;0;12;0
Mis;No loop termination;0;1;1;0;0;1;0;0;0;1;0;0;1;0;0;0;0;1;0;1;0;12;0
Mis;Conditional Boolean return;0;1;1;0;0;1;0;0;0;1;0;0;1;0;0;0;0;1;0;0;0;12;0
Mis;Slices require indices;0;1;1;0;0;1;0;0;0;1;0;0;1;0;0;0;0;1;0;1;0;12;0
Mis;Parenthesized return;0;1;1;0;0;1;0;0;0;1;0;0;1;0;0;0;0;1;0;0;0;12;0
Mis;`%` is division;0;1;1;0;0;1;0;0;0;1;0;0;1;0;0;0;0;1;0;0;0;12;0
Mis;Iterable repetition repeated constant multiplication;0;1;1;0;0;1;0;0;0;1;0;0;1;0;0;0;0;1;0;1;0;12;0
Mis;`//` divides;0;1;1;0;0;1;0;0;0;1;0;0;1;0;0;0;0;1;0;0;0;12;0
Mis;Cannot mix index sign in slice;0;1;1;0;0;1;0;0;0;1;0;0;1;0;0;0;0;1;0;0;0;12;0
Mis;`//` is modulus;0;1;1;0;0;1;0;0;0;1;0;0;1;0;0;0;0;1;0;0;0;12;0
Mis;Slice removes;0;1;1;0;0;1;0;0;0;1;0;0;1;0;0;0;0;1;0;0;0;12;0
Mis;No nesting loops;0;1;1;0;0;1;0;0;0;1;0;0;1;0;0;0;0;1;0;0;0;12;0
Mis;Literals don't have a data type;0;1;1;0;0;1;0;0;0;1;0;0;1;0;0;0;0;1;0;1;0;12;0
Mis;`%` is integer division;0;1;1;0;0;1;0;0;0;1;0;0;1;0;0;0;0;1;0;1;0;12;0
Mis;No formatted string;0;1;1;0;0;1;0;0;0;1;0;0;1;0;0;0;0;1;0;1;0;12;0
Mis;`for` stops before last element;0;1;1;0;0;1;0;0;0;1;0;0;1;0;0;0;0;1;0;1;0;12;0
Mis;`int()` rounds floats;0;1;1;0;0;1;0;0;0;1;0;0;1;0;0;0;0;1;0;0;0;12;0
Mis;Implied repetition over logical operator;0;1;1;0;0;1;0;0;0;1;0;0;1;0;0;0;0;1;0;0;0;12;0
Mis;`for` only with `range()`;0;1;1;0;0;1;0;0;0;1;0;0;1;0;0;0;0;1;0;0;0;12;0
Mis;`while` tests after loop;0;1;1;0;0;1;0;0;0;1;0;0;1;0;0;0;0;1;0;1;0;12;0
Mis;Multi-value return;0;1;1;0;0;1;0;0;0;1;0;0;1;0;0;0;0;1;0;0;0;12;0
Mis;Strings are not objects;0;1;1;0;0;1;0;0;0;1;0;0;1;0;0;0;0;1;0;1;0;12;0
Sphere;Automatic Conversion;0;1;1;0;0;1;0;0;0;1;0;0;1;0;0;0;0;1;0;1;1;12;1;0.9578947368421054
Sphere;`+` integer operator;0;1;1;0;0;1;0;0;0;1;0;0;1;0;0;0;0;1;0;1;1;12;1;0.9578947368421054
Sphere;`int()` function;0;1;1;0;0;1;0;0;0;1;0;0;1;0;0;0;0;1;0;1;1;12;1;0.9578947368421054
Sphere;`*` integer operator;0;1;1;0;0;1;0;0;0;1;0;0;1;0;0;0;0;1;0;1;1;12;1;0.9578947368421054
Sphere;`input()` function;0;1;1;0;0;1;0;0;0;1;0;0;1;0;0;0;0;1;0;1;1;12;1;0.9578947368421054
Sphere;`=` operator;0;1;1;0;0;1;0;0;0;1;0;0;1;0;0;0;0;1;0;1;1;12;1;0.9714285714285715
Sphere;`print()` function;0;1;1;0;0;1;0;0;0;1;0;0;1;0;0;0;0;1;0;1;1;12;1;0.9578947368421054
Sphere;`/` integer operator;0;1;1;0;0;1;0;0;0;1;0;0;1;0;0;0;0;1;0;1;1;12;1;0.9578947368421054
Sphere;Variables;0;1;1;0;0;1;0;0;0;1;0;0;1;0;0;0;0;1;0;1;1;12;1;0.9714285714285715
Sphere;Integers;0;1;1;0;0;1;0;0;0;1;0;0;1;0;0;0;0;1;0;1;1;12;1;0.9578947368421054
Sphere;Floats;0;1;1;0;0;1;0;0;0;1;0;0;1;0;0;0;0;1;0;1;1;12;1;0.9578947368421054
Sphere;Assignment;0;1;1;0;0;1;0;0;0;1;0;0;1;0;0;0;0;1;0;1;1;12;1;0.9578947368421054
Sphere;`str()` function;0;1;1;0;0;1;0;0;0;1;0;0;1;0;0;0;0;1;0;0;0;12;1;0.9200000000000002
Sphere;`+=` float operator;0;1;1;0;0;1;0;0;0;1;0;0;1;0;0;0;0;1;0;0;0;12;1;0.8
Sphere;Built-in Functions;0;1;1;0;0;1;0;0;0;1;0;0;1;0;0;0;0;1;0;0;0;12;0;1e-08
Sphere;`+=` integer operator;0;1;1;0;0;1;0;0;0;1;0;0;1;0;0;0;0;1;0;0;0;12;1;0.8
Sphere;Secondary Memory;0;1;1;0;0;1;0;0;0;1;0;0;1;0;0;0;0;1;0;0;0;12;1;0.8
Sphere;`*=` float operator;0;1;1;0;0;1;0;0;0;1;0;0;1;0;0;0;0;1;0;0;0;12;1;0.8
Sphere;Conditionals;0;1;1;0;0;1;0;0;0;1;0;0;1;0;0;0;0;1;0;0;0;12;0;1e-08
Sphere;Addition;0;1;1;0;0;1;0;0;0;1;0;0;1;0;0;0;0;1;0;0;0;12;0;1e-08
Sphere;Compilers;0;1;1;0;0;1;0;0;0;1;0;0;1;0;0;0;0;1;0;0;0;12;1;0.8
Sphere;`range()` function;0;1;1;0;0;1;0;0;0;1;0;0;1;0;0;0;0;1;0;0;0;12;0;1e-08
Sphere;`%=` integer operator;0;1;1;0;0;1;0;0;0;1;0;0;1;0;0;0;0;1;0;0;0;12;1;0.9200000000000002
Sphere;Interpreters;0;1;1;0;0;1;0;0;0;1;0;0;1;0;0;0;0;1;0;0;0;12;1;0.8
Sphere;Booleans;0;1;1;0;0;1;0;0;0;1;0;0;1;0;0;0;0;1;0;0;0;12;1;0.8
Sphere;`%` float operator;0;1;1;0;0;1;0;0;0;1;0;0;1;0;0;0;0;1;0;0;0;12;1;0.9200000000000002
Sphere;`elif` keyword;0;1;1;0;0;1;0;0;0;1;0;0;1;0;0;0;0;1;0;0;0;12;0;1e-08
Sphere;`<=` float operator;0;1;1;0;0;1;0;0;0;1;0;0;1;0;0;0;0;1;0;0;0;12;0;0.8
Sphere;`<` float operator;0;1;1;0;0;1;0;0;0;1;0;0;1;0;0;0;0;1;0;0;0;12;1;0.8
Sphere;`continue` keyword;0;1;1;0;0;1;0;0;0;1;0;0;1;0;0;0;0;1;0;0;0;12;0;1e-08
Sphere;`+` string operator;0;1;1;0;0;1;0;0;0;1;0;0;1;0;0;0;0;1;0;0;0;12;0;0.2
Sphere;`lower()` method;0;1;1;0;0;1;0;0;0;1;0;0;1;0;0;0;0;1;0;0;0;12;0;1e-08
Sphere;`else` keyword;0;1;1;0;0;1;0;0;0;1;0;0;1;0;0;0;0;1;0;0;0;12;0;1e-08
Sphere;`-=` integer operator;0;1;1;0;0;1;0;0;0;1;0;0;1;0;0;0;0;1;0;0;0;12;1;0.8
Sphere;`or` operator;0;1;1;0;0;1;0;0;0;1;0;0;1;0;0;0;0;1;0;0;0;12;1;0.8
Sphere;`!=` float operator;0;1;1;0;0;1;0;0;0;1;0;0;1;0;0;0;0;1;0;0;0;12;0;0.8
Sphere;`<` string operator;0;1;1;0;0;1;0;0;0;1;0;0;1;0;0;0;0;1;0;0;0;12;0;1e-08
Sphere;`<` integer operator;0;1;1;0;0;1;0;0;0;1;0;0;1;0;0;0;0;1;0;0;0;12;1;0.8
Sphere;Floating point equality;0;1;1;0;0;1;0;0;0;1;0;0;1;0;0;0;0;1;0;0;0;12;1;0.8
Sphere;Comparison;0;1;1;0;0;1;0;0;0;1;0;0;1;0;0;0;0;1;0;0;0;12;0;1e-08
Sphere;`type()` function;0;1;1;0;0;1;0;0;0;1;0;0;1;0;0;0;0;1;0;0;0;12;1;0.9200000000000002
Sphere;Functions;0;1;1;0;0;1;0;0;0;1;0;0;1;0;0;0;0;1;0;0;0;12;1;0.9200000000000002
Sphere;Contracted `if`;0;1;1;0;0;1;0;0;0;1;0;0;1;0;0;0;0;1;0;0;0;12;0;1e-08
Sphere;`+` float operator;0;1;1;0;0;1;0;0;0;1;0;0;1;0;0;0;0;1;0;0;0;12;1;0.8857142857142859
Sphere;`>=` integer operator;0;1;1;0;0;1;0;0;0;1;0;0;1;0;0;0;0;1;0;0;0;12;0;0.8
Sphere;`break` keyword;0;1;1;0;0;1;0;0;0;1;0;0;1;0;0;0;0;1;0;0;0;12;0;1e-08
Sphere;CPU functionality;0;1;1;0;0;1;0;0;0;1;0;0;1;0;0;0;0;1;0;0;0;12;1;0.8
Sphere;Self Assignment;0;1;1;0;0;1;0;0;0;1;0;0;1;0;0;0;0;1;0;0;0;12;1;0.9384615384615385
Sphere;`*=` integer operator;0;1;1;0;0;1;0;0;0;1;0;0;1;0;0;0;0;1;0;0;0;12;1;0.8
Sphere;`//` float operator;0;1;1;0;0;1;0;0;0;1;0;0;1;0;0;0;0;1;0;0;0;12;1;0.9200000000000002
Sphere;`' '` constructor;0;1;1;0;0;1;0;0;0;1;0;0;1;0;0;0;0;1;0;0;0;12;1;0.9200000000000002
Sphere;`""" """` constructor;0;1;1;0;0;1;0;0;0;1;0;0;1;0;0;0;0;1;0;0;0;12;0;1e-08
Sphere;`join()` method;0;1;1;0;0;1;0;0;0;1;0;0;1;0;0;0;0;1;0;0;0;12;0;1e-08
Sphere;Repetition;0;1;1;0;0;1;0;0;0;1;0;0;1;0;0;0;0;1;0;0;0;12;0;1e-08
Sphere;`//=` float operator;0;1;1;0;0;1;0;0;0;1;0;0;1;0;0;0;0;1;0;0;0;12;1;0.9200000000000002
Sphere;Control Flow;0;1;1;0;0;1;0;0;0;1;0;0;1;0;0;0;0;1;0;0;0;12;0;1e-08
Sphere;Loops;0;1;1;0;0;1;0;0;0;1;0;0;1;0;0;0;0;1;0;0;0;12;0;1e-08
Sphere;`%=` float operator;0;1;1;0;0;1;0;0;0;1;0;0;1;0;0;0;0;1;0;0;0;12;1;0.9200000000000002
Sphere;Concatenation;0;1;1;0;0;1;0;0;0;1;0;0;1;0;0;0;0;1;0;0;0;12;0;1e-08
Sphere;`*` string operator;0;1;1;0;0;1;0;0;0;1;0;0;1;0;0;0;0;1;0;0;0;12;0;1e-08
Sphere;`-=` float operator;0;1;1;0;0;1;0;0;0;1;0;0;1;0;0;0;0;1;0;0;0;12;1;0.8
Sphere;`//` integer operator;0;1;1;0;0;1;0;0;0;1;0;0;1;0;0;0;0;1;0;0;0;12;1;0.9200000000000002
Sphere;`*` float operator;0;1;1;0;0;1;0;0;0;1;0;0;1;0;0;0;0;1;0;0;0;12;1;0.8857142857142859
Sphere;Atomic Data Types;0;1;1;0;0;1;0;0;0;1;0;0;1;0;0;0;0;1;0;0;0;12;0;1e-08
Sphere;Subtraction;0;1;1;0;0;1;0;0;0;1;0;0;1;0;0;0;0;1;0;0;0;12;0;1e-08
Sphere;Type Casting;0;1;1;0;0;1;0;0;0;1;0;0;1;0;0;0;0;1;0;0;0;12;0;1e-08
Sphere;`not` operator;0;1;1;0;0;1;0;0;0;1;0;0;1;0;0;0;0;1;0;0;0;12;1;0.8
Sphere;String Slicing;0;1;1;0;0;1;0;0;0;1;0;0;1;0;0;0;0;1;0;0;0;12;0;1e-08
Sphere;`and` operator;0;1;1;0;0;1;0;0;0;1;0;0;1;0;0;0;0;1;0;0;0;12;1;0.8
Sphere;`/=` integer operator;0;1;1;0;0;1;0;0;0;1;0;0;1;0;0;0;0;1;0;0;0;12;1;0.8
Sphere;Multiplication;0;1;1;0;0;1;0;0;0;1;0;0;1;0;0;0;0;1;0;0;0;12;0;1e-08
Sphere;`return` keyword;0;1;1;0;0;1;0;0;0;1;0;0;1;0;0;0;0;1;0;0;0;12;0;1e-08
Sphere;Indexing;0;1;1;0;0;1;0;0;0;1;0;0;1;0;0;0;0;1;0;0;0;12;0;1e-08
Sphere;Ordered Data Structures;0;1;1;0;0;1;0;0;0;1;0;0;1;0;0;0;0;1;0;0;0;12;0;1e-08
Sphere;Formatted Strings;0;1;1;0;0;1;0;0;0;1;0;0;1;0;0;0;0;1;0;0;0;12;0;1e-08
Sphere;Division;0;1;1;0;0;1;0;0;0;1;0;0;1;0;0;0;0;1;0;0;0;12;0;1e-08
Sphere;`if` keyword;0;1;1;0;0;1;0;0;0;1;0;0;1;0;0;0;0;1;0;0;0;12;0;1e-08
Sphere;Equality;0;1;1;0;0;1;0;0;0;1;0;0;1;0;0;0;0;1;0;0;0;12;0;1e-08
Sphere;Strings;0;1;1;0;0;1;0;0;0;1;0;0;1;0;0;0;0;1;0;0;0;12;1;0.9578947368421054
Sphere;`==` integer operator;0;1;1;0;0;1;0;0;0;1;0;0;1;0;0;0;0;1;0;0;0;12;1;0.8
Sphere;`-` integer operator;0;1;1;0;0;1;0;0;0;1;0;0;1;0;0;0;0;1;0;0;0;12;1;0.8857142857142859
Sphere;`!=` string operator;0;1;1;0;0;1;0;0;0;1;0;0;1;0;0;0;0;1;0;0;0;12;0;1e-08
Sphere;String Indexing;0;1;1;0;0;1;0;0;0;1;0;0;1;0;0;0;0;1;0;0;0;12;0;1e-08
Sphere;Operator Chaining;0;1;1;0;0;1;0;0;0;1;0;0;1;0;0;0;0;1;0;0;0;12;1;0.95
Sphere;Comments;0;1;1;0;0;1;0;0;0;1;0;0;1;0;0;0;0;1;0;0;0;12;1;0.8857142857142859
Sphere;`/` float operator;0;1;1;0;0;1;0;0;0;1;0;0;1;0;0;0;0;1;0;0;0;12;1;0.8857142857142859
Sphere;`upper()` method;0;1;1;0;0;1;0;0;0;1;0;0;1;0;0;0;0;1;0;0;0;12;0;1e-08
Sphere;`try` keyword;0;1;1;0;0;1;0;0;0;1;0;0;1;0;0;0;0;1;0;0;0;12;0;1e-08
Sphere;`>` float operator;0;1;1;0;0;1;0;0;0;1;0;0;1;0;0;0;0;1;0;0;0;12;1;0.8
Sphere;`==` string operator;0;1;1;0;0;1;0;0;0;1;0;0;1;0;0;0;0;1;0;0;0;12;0;1e-08
Sphere;`for` loops;0;1;1;0;0;1;0;0;0;1;0;0;1;0;0;0;0;1;0;0;0;12;0;1e-08
Sphere;`" "` constructor;0;1;1;0;0;1;0;0;0;1;0;0;1;0;0;0;0;1;0;0;0;12;1;0.9578947368421054
Sphere;`replace()` method;0;1;1;0;0;1;0;0;0;1;0;0;1;0;0;0;0;1;0;0;0;12;0;1e-08
Sphere;Integer Division;0;1;1;0;0;1;0;0;0;1;0;0;1;0;0;0;0;1;0;0;0;12;0;1e-08
Sphere;`%` integer operator;0;1;1;0;0;1;0;0;0;1;0;0;1;0;0;0;0;1;0;0;0;12;1;0.9200000000000002
Sphere;Order of Operations;0;1;1;0;0;1;0;0;0;1;0;0;1;0;0;0;0;1;0;0;0;12;1;0.95
Sphere;`len()` string function;0;1;1;0;0;1;0;0;0;1;0;0;1;0;0;0;0;1;0;0;0;12;0;1e-08
Sphere;`<=` integer operator;0;1;1;0;0;1;0;0;0;1;0;0;1;0;0;0;0;1;0;0;0;12;1;0.8
Sphere;RAM functionality;0;1;1;0;0;1;0;0;0;1;0;0;1;0;0;0;0;1;0;0;0;12;1;0.8
Sphere;`>` string operator;0;1;1;0;0;1;0;0;0;1;0;0;1;0;0;0;0;1;0;0;0;12;0;1e-08
Sphere;`/=` float operator;0;1;1;0;0;1;0;0;0;1;0;0;1;0;0;0;0;1;0;0;0;12;1;0.8
Sphere;`-` float operator;0;1;1;0;0;1;0;0;0;1;0;0;1;0;0;0;0;1;0;0;0;12;1;0.8857142857142859
Sphere;`float()` function;0;1;1;0;0;1;0;0;0;1;0;0;1;0;0;0;0;1;0;0;0;12;1;0.9384615384615385
Sphere;Slicing;0;1;1;0;0;1;0;0;0;1;0;0;1;0;0;0;0;1;0;0;0;12;0;1e-08
Sphere;Modulus;0;1;1;0;0;1;0;0;0;1;0;0;1;0;0;0;0;1;0;0;0;12;0;1e-08
Sphere;`!=` integer operator;0;1;1;0;0;1;0;0;0;1;0;0;1;0;0;0;0;1;0;0;0;12;1;0.8
Sphere;`>` integer operator;0;1;1;0;0;1;0;0;0;1;0;0;1;0;0;0;0;1;0;0;0;12;1;0.8
Sphere;`while` loops;0;1;1;0;0;1;0;0;0;1;0;0;1;0;0;0;0;1;0;0;0;12;0;1e-08
Sphere;Methods;0;1;1;0;0;1;0;0;0;1;0;0;1;0;0;0;0;1;0;0;0;12;0;1e-08
Sphere;`>=` float operator;0;1;1;0;0;1;0;0;0;1;0;0;1;0;0;0;0;1;0;0;0;12;1;0.8
Sphere;Machine Code;0;1;1;0;0;1;0;0;0;1;0;0;1;0;0;0;0;1;0;0;0;12;1;0.8
Sphere;Program Definition;0;1;1;0;0;1;0;0;0;1;0;0;1;0;0;0;0;1;0;0;0;12;1;0.8
Sphere;`//=` integer operator;0;1;1;0;0;1;0;0;0;1;0;0;1;0;0;0;0;1;0;0;0;12;1;0.9200000000000002
Sphere;`def` constructor;0;1;1;0;0;1;0;0;0;1;0;0;1;0;0;0;0;1;0;0;0;12;1;0.9200000000000002
Sphere;`capitalize()` method;0;1;1;0;0;1;0;0;0;1;0;0;1;0;0;0;0;1;0;0;0;12;0;1e-08
==::==::==
Question;81;0
Question;20;0
Question;5;0
Question;18;0
Question;8;0
Question;53;0
Question;84;0
Question;11;0
Question;83;0
Question;9;0
Question;93;0
Question;15;0
Question;82;0
Question;85;0
Question;91;0
Question;19;0
Question;79;0
Question;48;0
Question;17;0
Question;12;0
Question;90;0
Question;14;0
Question;13;0
Question;7;0
Answer;58;0
Answer;305;0
Answer;315;0
Answer;50;0
Answer;21;0
Answer;27;0
Answer;209;0
Answer;217;0
Answer;210;0
Answer;56;0
Answer;218;0
Answer;213;0
Answer;316;0
Answer;304;0
Answer;223;0
Answer;314;0
Answer;130;0
Answer;61;0
Answer;36;0
Answer;220;0
Answer;216;0
Answer;208;0
Answer;211;0
Answer;225;0
Answer;33;0
Answer;49;0
Answer;141;0
Answer;224;0
Answer;206;0
Answer;19;0
Answer;37;0
Answer;303;0
Answer;222;0
Answer;42;0
Answer;47;0
Answer;57;0
Answer;214;0
Answer;29;0
Answer;215;0
Answer;53;0
Answer;219;0
Answer;277;0
Answer;44;0
Answer;32;0
Answer;28;0
Answer;221;0
Answer;43;0
Answer;48;0
Answer;46;0
Answer;201;0
Answer;131;0
Answer;308;0
Answer;307;0
Answer;200;0
Answer;51;0
Answer;35;0
Answer;54;0
Answer;60;0
Answer;64;0
Answer;30;0
Answer;198;0
Answer;20;0
Answer;18;0
Answer;31;0
Answer;63;0
Answer;199;0
Answer;45;0
Answer;313;0
Answer;207;0
Answer;212;0
Answer;62;0
Answer;306;0
Answer;34;0
Answer;55;0
Answer;26;0
Answer;52;0
Answer;276;0
Answer;-1;0
Mis;`<` is `not >`;0;1;1;0;0;1;0;0;0;1;0;0;1;0;1;0;0;0;0;1;0;13;0
Mis;Backwards chaining;0;1;1;0;0;1;0;0;0;1;0;0;1;0;1;0;0;0;0;0;0;13;0
Mis;`print()` needs input;0;1;1;0;0;1;0;0;0;1;0;0;1;0;1;0;0;0;0;0;0;13;0
Mis;Blank last slice non-inclusive;0;1;1;0;0;1;0;0;0;1;0;0;1;0;1;0;0;0;0;0;0;13;0
Mis;Return frame bypass;0;1;1;0;0;1;0;0;0;1;0;0;1;0;1;0;0;0;0;0;0;13;0
Mis;Functions must have input;0;1;1;0;0;1;0;0;0;1;0;0;1;0;1;0;0;0;0;0;0;13;0
Mis;No Boolean literals;0;1;1;0;0;1;0;0;0;1;0;0;1;0;1;0;0;0;0;1;0;13;0
Mis;String equality isn't case sensitive;0;1;1;0;0;1;0;0;0;1;0;0;1;0;1;0;0;0;0;1;0;13;0
Mis;Single letter variables;0;1;1;0;0;1;0;0;0;1;0;0;1;0;1;0;0;0;0;0;0;13;0
Mis;`return` on `def` indentation level;0;1;1;0;0;1;0;0;0;1;0;0;1;0;1;0;0;0;0;1;0;13;0
Mis;Iterable repetition interleaves;0;1;1;0;0;1;0;0;0;1;0;0;1;0;1;0;0;0;0;0;0;13;0
Mis;Sequenced conditionals;0;1;1;0;0;1;0;0;0;1;0;0;1;0;1;0;0;0;0;1;0;13;0
Mis;`input()` includes newline;0;1;1;0;0;1;0;0;0;1;0;0;1;0;1;0;0;0;0;0;0;13;0
Mis;Concat with single element;0;1;1;0;0;1;0;0;0;1;0;0;1;0;1;0;0;0;0;0;0;13;0
Mis;Extending strings adds space;0;1;1;0;0;1;0;0;0;1;0;0;1;0;1;0;0;0;0;1;0;13;0
Mis;Variables cannot be assigned twice;0;1;1;0;0;1;0;0;0;1;0;0;1;0;1;0;0;0;0;1;0;13;0
Mis;No `and` on objects;0;1;1;0;0;1;0;0;0;1;0;0;1;0;1;0;0;0;0;0;0;13;0
Mis;`range()` only has one input;0;1;1;0;0;1;0;0;0;1;0;0;1;0;1;0;0;0;0;0;0;13;0
Mis;Linear Order of Operations;0;1;1;0;0;1;0;0;0;1;0;0;1;0;1;0;0;0;0;1;0;13;0
Mis;`%` percentage operator;0;1;1;0;0;1;0;0;0;1;0;0;1;0;1;0;0;0;0;0;0;13;0
Mis;`self` has no value;0;1;1;0;0;1;0;0;0;1;0;0;1;0;1;0;0;0;0;1;0;13;0
Mis;Characters are strings;0;1;1;0;0;1;0;0;0;1;0;0;1;0;1;0;0;0;0;0;0;13;0
Mis;Keyword functions;0;1;1;0;0;1;0;0;0;1;0;0;1;0;1;0;0;0;0;0;0;13;0
Mis;Floating point equality okay;0;1;1;0;0;1;0;0;0;1;0;0;1;0;1;0;0;0;0;1;0;13;0
Mis;Lazy assignment;0;1;1;0;0;1;0;0;0;1;0;0;1;0;1;0;0;0;0;0;0;13;0
Mis;Index -1 is start of list;0;1;1;0;0;1;0;0;0;1;0;0;1;0;1;0;0;0;0;1;0;13;0
Mis;No variable functions;0;1;1;0;0;1;0;0;0;1;0;0;1;0;1;0;0;0;0;1;0;13;0
Mis;Multi-line strings with `' '`;0;1;1;0;0;1;0;0;0;1;0;0;1;0;1;0;0;0;0;1;0;13;0
Mis;No variable methods;0;1;1;0;0;1;0;0;0;1;0;0;1;0;1;0;0;0;0;0;0;13;0
Mis;Iterable repeition multiplies by constant;0;1;1;0;0;1;0;0;0;1;0;0;1;0;1;0;0;0;0;0;0;13;0
Mis;String methods mutate;0;1;1;0;0;1;0;0;0;1;0;0;1;0;1;0;0;0;0;0;0;13;0
Mis;No short circuit;0;1;1;0;0;1;0;0;0;1;0;0;1;0;1;0;0;0;0;1;0;13;0
Mis;Slice exclusive of first index;0;1;1;0;0;1;0;0;0;1;0;0;1;0;1;0;0;0;0;0;0;13;0
Mis;`print()` non-terminating return;0;1;1;0;0;1;0;0;0;1;0;0;1;0;1;0;0;0;0;0;0;13;0
Mis;No floating point limit;0;1;1;0;0;1;0;0;0;1;0;0;1;0;1;0;0;0;0;1;0;13;0
Mis;`>` is `not <`;0;1;1;0;0;1;0;0;0;1;0;0;1;0;1;0;0;0;0;1;0;13;0
Mis;`try` without `except`;0;1;1;0;0;1;0;0;0;1;0;0;1;0;1;0;0;0;0;1;0;13;0
Mis;Inline Function Definition;0;1;1;0;0;1;0;0;0;1;0;0;1;0;1;0;0;0;0;1;0;13;0
Mis;`print()` no newline;0;1;1;0;0;1;0;0;0;1;0;0;1;0;1;0;0;0;0;0;0;13;0
Mis;`range()` starts at 1;0;1;1;0;0;1;0;0;0;1;0;0;1;0;1;0;0;0;0;1;0;13;0
Mis;Blank slice is empty;0;1;1;0;0;1;0;0;0;1;0;0;1;0;1;0;0;0;0;0;0;13;0
Mis;`-` works on strings;0;1;1;0;0;1;0;0;0;1;0;0;1;0;1;0;0;0;0;1;0;13;0
Mis;No constructor method chain;0;1;1;0;0;1;0;0;0;1;0;0;1;0;1;0;0;0;0;0;0;13;0
Mis;`#` is an operator;0;1;1;0;0;1;0;0;0;1;0;0;1;0;1;0;0;0;0;1;0;13;0
Mis;No escape sequences;0;1;1;0;0;1;0;0;0;1;0;0;1;0;1;0;0;0;0;0;0;13;0
Mis;Methods must have input;0;1;1;0;0;1;0;0;0;1;0;0;1;0;1;0;0;0;0;0;0;13;0
Mis;Assignment duplicates;0;1;1;0;0;1;0;0;0;1;0;0;1;0;1;0;0;0;0;0;0;13;0
Mis;`=` comparison;0;1;1;0;0;1;0;0;0;1;0;0;1;0;1;0;0;0;0;1;0;13;0
Mis;No tuple return;0;1;1;0;0;1;0;0;0;1;0;0;1;0;1;0;0;0;0;0;0;13;0
Mis;`for` is `while`;0;1;1;0;0;1;0;0;0;1;0;0;1;0;1;0;0;0;0;0;0;13;0
Mis;Curly brackets stay;0;1;1;0;0;1;0;0;0;1;0;0;1;0;1;0;0;0;0;0;0;13;0
Mis;`/` is modulus;0;1;1;0;0;1;0;0;0;1;0;0;1;0;1;0;0;0;0;1;0;13;0
Mis;No implicit void functions;0;1;1;0;0;1;0;0;0;1;0;0;1;0;1;0;0;0;0;0;0;13;0
Mis;Operators cannot be chained;0;1;1;0;0;1;0;0;0;1;0;0;1;0;1;0;0;0;0;1;0;13;0
Mis;Functions must return;0;1;1;0;0;1;0;0;0;1;0;0;1;0;1;0;0;0;0;0;0;13;0
Mis;No `not` on objects;0;1;1;0;0;1;0;0;0;1;0;0;1;0;1;0;0;0;0;0;0;13;0
Mis;Ternary Boolean return;0;1;1;0;0;1;0;0;0;1;0;0;1;0;1;0;0;0;0;0;0;13;0
Mis;`if` loop;0;1;1;0;0;1;0;0;0;1;0;0;1;0;1;0;0;0;0;1;0;13;0
Mis;`range()` includes the final value;0;1;1;0;0;1;0;0;0;1;0;0;1;0;1;0;0;0;0;0;0;13;0
Mis;Methods can have no arguments;0;1;1;0;0;1;0;0;0;1;0;0;1;0;1;0;0;0;0;0;0;13;0
Mis;No string constructor method chain;0;1;1;0;0;1;0;0;0;1;0;0;1;0;1;0;0;0;0;0;0;13;0
Mis;`return` continues;0;1;1;0;0;1;0;0;0;1;0;0;1;0;1;0;0;0;0;0;0;13;0
Mis;String equality not `==`;0;1;1;0;0;1;0;0;0;1;0;0;1;0;1;0;0;0;0;0;0;13;0
Mis;String repetition adds space;0;1;1;0;0;1;0;0;0;1;0;0;1;0;1;0;0;0;0;0;0;13;0
Mis;Automatic Integer Conversion;0;1;1;0;0;1;0;0;0;1;0;0;1;0;1;0;0;0;0;1;0;13;0
Mis;Slices include last value;0;1;1;0;0;1;0;0;0;1;0;0;1;0;1;0;0;0;0;0;0;13;0
Mis;Integers limit;0;1;1;0;0;1;0;0;0;1;0;0;1;0;1;0;0;0;0;1;0;13;0
Mis;Confused string assignment;0;1;1;0;0;1;0;0;0;1;0;0;1;0;1;0;0;0;0;0;0;13;0
Mis;Lowercase Booleans;0;1;1;0;0;1;0;0;0;1;0;0;1;0;1;0;0;0;0;0;0;13;0
Mis;`pass` is `continue`;0;1;1;0;0;1;0;0;0;1;0;0;1;0;1;0;0;0;0;1;0;13;0
Mis;`print()` returns;0;1;1;0;0;1;0;0;0;1;0;0;1;0;1;0;0;0;0;1;0;13;0
Mis;`print()` only accepts one input;0;1;1;0;0;1;0;0;0;1;0;0;1;0;1;0;0;0;0;0;0;13;0
Mis;Secondary memory data loss;0;1;1;0;0;1;0;0;0;1;0;0;1;0;1;0;0;0;0;1;0;13;0
Mis;Transitive Assignment;0;1;1;0;0;1;0;0;0;1;0;0;1;0;1;0;0;0;0;1;0;13;0
Mis;No literal return;0;1;1;0;0;1;0;0;0;1;0;0;1;0;1;0;0;0;0;0;0;13;0
Mis;`input()` return value;0;1;1;0;0;1;0;0;0;1;0;0;1;0;1;0;0;0;0;1;0;13;0
Mis;Floating point `range()`;0;1;1;0;0;1;0;0;0;1;0;0;1;0;1;0;0;0;0;0;0;13;0
Mis;No `or` on objects;0;1;1;0;0;1;0;0;0;1;0;0;1;0;1;0;0;0;0;0;0;13;0
Mis;`print()` always has a newline;0;1;1;0;0;1;0;0;0;1;0;0;1;0;1;0;0;0;0;0;0;13;0
Mis;`print()` only string;0;1;1;0;0;1;0;0;0;1;0;0;1;0;1;0;0;0;0;0;0;13;0
Mis;`/` is integer division;0;1;1;0;0;1;0;0;0;1;0;0;1;0;1;0;0;0;0;1;0;13;0
Mis;`input()` requires function input;0;1;1;0;0;1;0;0;0;1;0;0;1;0;1;0;0;0;0;0;0;13;0
Mis;No method chain;0;1;1;0;0;1;0;0;0;1;0;0;1;0;1;0;0;0;0;0;0;13;0
Mis;`int()` rounds up floats;0;1;1;0;0;1;0;0;0;1;0;0;1;0;1;0;0;0;0;1;0;13;0
Mis;Multi-line strings with `" "`;0;1;1;0;0;1;0;0;0;1;0;0;1;0;1;0;0;0;0;1;0;13;0
Mis;List concat vector addition;0;1;1;0;0;1;0;0;0;1;0;0;1;0;1;0;0;0;0;1;0;13;0
Mis;`/` works on strings;0;1;1;0;0;1;0;0;0;1;0;0;1;0;1;0;0;0;0;1;0;13;0
Mis;Strings are mutable;0;1;1;0;0;1;0;0;0;1;0;0;1;0;1;0;0;0;0;0;0;13;0
Mis;No loop termination;0;1;1;0;0;1;0;0;0;1;0;0;1;0;1;0;0;0;0;1;0;13;0
Mis;Conditional Boolean return;0;1;1;0;0;1;0;0;0;1;0;0;1;0;1;0;0;0;0;0;0;13;0
Mis;Slices require indices;0;1;1;0;0;1;0;0;0;1;0;0;1;0;1;0;0;0;0;1;0;13;0
Mis;Parenthesized return;0;1;1;0;0;1;0;0;0;1;0;0;1;0;1;0;0;0;0;0;0;13;0
Mis;`%` is division;0;1;1;0;0;1;0;0;0;1;0;0;1;0;1;0;0;0;0;0;0;13;0
Mis;Iterable repetition repeated constant multiplication;0;1;1;0;0;1;0;0;0;1;0;0;1;0;1;0;0;0;0;1;0;13;0
Mis;`//` divides;0;1;1;0;0;1;0;0;0;1;0;0;1;0;1;0;0;0;0;0;0;13;0
Mis;Cannot mix index sign in slice;0;1;1;0;0;1;0;0;0;1;0;0;1;0;1;0;0;0;0;0;0;13;0
Mis;`//` is modulus;0;1;1;0;0;1;0;0;0;1;0;0;1;0;1;0;0;0;0;0;0;13;0
Mis;Slice removes;0;1;1;0;0;1;0;0;0;1;0;0;1;0;1;0;0;0;0;0;0;13;0
Mis;No nesting loops;0;1;1;0;0;1;0;0;0;1;0;0;1;0;1;0;0;0;0;0;0;13;0
Mis;Literals don't have a data type;0;1;1;0;0;1;0;0;0;1;0;0;1;0;1;0;0;0;0;1;0;13;0
Mis;`%` is integer division;0;1;1;0;0;1;0;0;0;1;0;0;1;0;1;0;0;0;0;1;0;13;0
Mis;No formatted string;0;1;1;0;0;1;0;0;0;1;0;0;1;0;1;0;0;0;0;1;0;13;0
Mis;`for` stops before last element;0;1;1;0;0;1;0;0;0;1;0;0;1;0;1;0;0;0;0;1;0;13;0
Mis;`int()` rounds floats;0;1;1;0;0;1;0;0;0;1;0;0;1;0;1;0;0;0;0;0;0;13;0
Mis;Implied repetition over logical operator;0;1;1;0;0;1;0;0;0;1;0;0;1;0;1;0;0;0;0;0;0;13;0
Mis;`for` only with `range()`;0;1;1;0;0;1;0;0;0;1;0;0;1;0;1;0;0;0;0;0;0;13;0
Mis;`while` tests after loop;0;1;1;0;0;1;0;0;0;1;0;0;1;0;1;0;0;0;0;1;0;13;0
Mis;Multi-value return;0;1;1;0;0;1;0;0;0;1;0;0;1;0;1;0;0;0;0;0;0;13;0
Mis;Strings are not objects;0;1;1;0;0;1;0;0;0;1;0;0;1;0;1;0;0;0;0;1;0;13;0
Sphere;`+` string operator;0;1;1;0;0;1;0;0;0;1;0;0;1;0;1;0;0;0;0;1;0;13;1;0.9636363636363636
Sphere;`" "` constructor;0;1;1;0;0;1;0;0;0;1;0;0;1;0;1;0;0;0;0;1;0;13;1;0.9636363636363636
Sphere;`' '` constructor;0;1;1;0;0;1;0;0;0;1;0;0;1;0;1;0;0;0;0;1;0;13;1;0.9636363636363636
Sphere;Strings;0;1;1;0;0;1;0;0;0;1;0;0;1;0;1;0;0;0;0;1;0;13;1;0.9636363636363636
Sphere;`def` constructor;0;1;1;0;0;1;0;0;0;1;0;0;1;0;1;0;0;0;0;1;0;13;1;0.9636363636363636
Sphere;`input()` function;0;1;1;0;0;1;0;0;0;1;0;0;1;0;1;0;0;0;0;1;0;13;1;0.9636363636363636
Sphere;`=` operator;0;1;1;0;0;1;0;0;0;1;0;0;1;0;1;0;0;0;0;1;0;13;1;0.9741935483870969
Sphere;`print()` function;0;1;1;0;0;1;0;0;0;1;0;0;1;0;1;0;0;0;0;1;0;13;1;0.9636363636363636
Sphere;Variables;0;1;1;0;0;1;0;0;0;1;0;0;1;0;1;0;0;0;0;1;0;13;1;0.9741935483870969
Sphere;Assignment;0;1;1;0;0;1;0;0;0;1;0;0;1;0;1;0;0;0;0;1;0;13;1;0.9636363636363636
Sphere;Functions;0;1;1;0;0;1;0;0;0;1;0;0;1;0;1;0;0;0;0;1;0;13;1;0.9636363636363636
Sphere;`str()` function;0;1;1;0;0;1;0;0;0;1;0;0;1;0;1;0;0;0;0;0;0;13;1;0.9200000000000002
Sphere;Floats;0;1;1;0;0;1;0;0;0;1;0;0;1;0;1;0;0;0;0;0;0;13;1;0.9578947368421054
Sphere;`+=` float operator;0;1;1;0;0;1;0;0;0;1;0;0;1;0;1;0;0;0;0;0;0;13;1;0.8
Sphere;Built-in Functions;0;1;1;0;0;1;0;0;0;1;0;0;1;0;1;0;0;0;0;0;0;13;0;1e-08
Sphere;`+=` integer operator;0;1;1;0;0;1;0;0;0;1;0;0;1;0;1;0;0;0;0;0;0;13;1;0.8
Sphere;Secondary Memory;0;1;1;0;0;1;0;0;0;1;0;0;1;0;1;0;0;0;0;0;0;13;1;0.8
Sphere;`*=` float operator;0;1;1;0;0;1;0;0;0;1;0;0;1;0;1;0;0;0;0;0;0;13;1;0.8
Sphere;Conditionals;0;1;1;0;0;1;0;0;0;1;0;0;1;0;1;0;0;0;0;0;0;13;0;1e-08
Sphere;Addition;0;1;1;0;0;1;0;0;0;1;0;0;1;0;1;0;0;0;0;0;0;13;0;1e-08
Sphere;Compilers;0;1;1;0;0;1;0;0;0;1;0;0;1;0;1;0;0;0;0;0;0;13;1;0.8
Sphere;`range()` function;0;1;1;0;0;1;0;0;0;1;0;0;1;0;1;0;0;0;0;0;0;13;0;1e-08
Sphere;`%=` integer operator;0;1;1;0;0;1;0;0;0;1;0;0;1;0;1;0;0;0;0;0;0;13;1;0.9200000000000002
Sphere;Interpreters;0;1;1;0;0;1;0;0;0;1;0;0;1;0;1;0;0;0;0;0;0;13;1;0.8
Sphere;Booleans;0;1;1;0;0;1;0;0;0;1;0;0;1;0;1;0;0;0;0;0;0;13;1;0.8
Sphere;`%` float operator;0;1;1;0;0;1;0;0;0;1;0;0;1;0;1;0;0;0;0;0;0;13;1;0.9200000000000002
Sphere;`elif` keyword;0;1;1;0;0;1;0;0;0;1;0;0;1;0;1;0;0;0;0;0;0;13;0;1e-08
Sphere;`<=` float operator;0;1;1;0;0;1;0;0;0;1;0;0;1;0;1;0;0;0;0;0;0;13;0;0.8
Sphere;`<` float operator;0;1;1;0;0;1;0;0;0;1;0;0;1;0;1;0;0;0;0;0;0;13;1;0.8
Sphere;`continue` keyword;0;1;1;0;0;1;0;0;0;1;0;0;1;0;1;0;0;0;0;0;0;13;0;1e-08
Sphere;`lower()` method;0;1;1;0;0;1;0;0;0;1;0;0;1;0;1;0;0;0;0;1;0;13;0;0.2
Sphere;`else` keyword;0;1;1;0;0;1;0;0;0;1;0;0;1;0;1;0;0;0;0;0;0;13;0;1e-08
Sphere;`-=` integer operator;0;1;1;0;0;1;0;0;0;1;0;0;1;0;1;0;0;0;0;0;0;13;1;0.8
Sphere;`or` operator;0;1;1;0;0;1;0;0;0;1;0;0;1;0;1;0;0;0;0;0;0;13;1;0.8
Sphere;`!=` float operator;0;1;1;0;0;1;0;0;0;1;0;0;1;0;1;0;0;0;0;0;0;13;0;0.8
Sphere;`<` string operator;0;1;1;0;0;1;0;0;0;1;0;0;1;0;1;0;0;0;0;1;0;13;0;0.2
Sphere;`<` integer operator;0;1;1;0;0;1;0;0;0;1;0;0;1;0;1;0;0;0;0;0;0;13;1;0.8
Sphere;Floating point equality;0;1;1;0;0;1;0;0;0;1;0;0;1;0;1;0;0;0;0;0;0;13;1;0.8
Sphere;Comparison;0;1;1;0;0;1;0;0;0;1;0;0;1;0;1;0;0;0;0;0;0;13;0;1e-08
Sphere;`type()` function;0;1;1;0;0;1;0;0;0;1;0;0;1;0;1;0;0;0;0;0;0;13;1;0.9200000000000002
Sphere;Contracted `if`;0;1;1;0;0;1;0;0;0;1;0;0;1;0;1;0;0;0;0;0;0;13;0;1e-08
Sphere;Automatic Conversion;0;1;1;0;0;1;0;0;0;1;0;0;1;0;1;0;0;0;0;0;0;13;1;0.9578947368421054
Sphere;`+` float operator;0;1;1;0;0;1;0;0;0;1;0;0;1;0;1;0;0;0;0;0;0;13;1;0.8857142857142859
Sphere;`>=` integer operator;0;1;1;0;0;1;0;0;0;1;0;0;1;0;1;0;0;0;0;0;0;13;0;0.8
Sphere;`break` keyword;0;1;1;0;0;1;0;0;0;1;0;0;1;0;1;0;0;0;0;0;0;13;0;1e-08
Sphere;CPU functionality;0;1;1;0;0;1;0;0;0;1;0;0;1;0;1;0;0;0;0;0;0;13;1;0.8
Sphere;Self Assignment;0;1;1;0;0;1;0;0;0;1;0;0;1;0;1;0;0;0;0;0;0;13;1;0.9384615384615385
Sphere;`*=` integer operator;0;1;1;0;0;1;0;0;0;1;0;0;1;0;1;0;0;0;0;0;0;13;1;0.8
Sphere;`//` float operator;0;1;1;0;0;1;0;0;0;1;0;0;1;0;1;0;0;0;0;0;0;13;1;0.9200000000000002
Sphere;`""" """` constructor;0;1;1;0;0;1;0;0;0;1;0;0;1;0;1;0;0;0;0;1;0;13;0;0.2
Sphere;`join()` method;0;1;1;0;0;1;0;0;0;1;0;0;1;0;1;0;0;0;0;0;0;13;0;1e-08
Sphere;`/` integer operator;0;1;1;0;0;1;0;0;0;1;0;0;1;0;1;0;0;0;0;0;0;13;1;0.9578947368421054
Sphere;Repetition;0;1;1;0;0;1;0;0;0;1;0;0;1;0;1;0;0;0;0;0;0;13;0;1e-08
Sphere;`//=` float operator;0;1;1;0;0;1;0;0;0;1;0;0;1;0;1;0;0;0;0;0;0;13;1;0.9200000000000002
Sphere;Control Flow;0;1;1;0;0;1;0;0;0;1;0;0;1;0;1;0;0;0;0;0;0;13;0;1e-08
Sphere;Loops;0;1;1;0;0;1;0;0;0;1;0;0;1;0;1;0;0;0;0;0;0;13;0;1e-08
Sphere;Integers;0;1;1;0;0;1;0;0;0;1;0;0;1;0;1;0;0;0;0;0;0;13;1;0.9578947368421054
Sphere;`%=` float operator;0;1;1;0;0;1;0;0;0;1;0;0;1;0;1;0;0;0;0;0;0;13;1;0.9200000000000002
Sphere;Concatenation;0;1;1;0;0;1;0;0;0;1;0;0;1;0;1;0;0;0;0;0;0;13;0;1e-08
Sphere;`*` string operator;0;1;1;0;0;1;0;0;0;1;0;0;1;0;1;0;0;0;0;1;0;13;0;0.2
Sphere;`-=` float operator;0;1;1;0;0;1;0;0;0;1;0;0;1;0;1;0;0;0;0;0;0;13;1;0.8
Sphere;`//` integer operator;0;1;1;0;0;1;0;0;0;1;0;0;1;0;1;0;0;0;0;0;0;13;1;0.9200000000000002
Sphere;`*` float operator;0;1;1;0;0;1;0;0;0;1;0;0;1;0;1;0;0;0;0;0;0;13;1;0.8857142857142859
Sphere;Atomic Data Types;0;1;1;0;0;1;0;0;0;1;0;0;1;0;1;0;0;0;0;0;0;13;0;1e-08
Sphere;Subtraction;0;1;1;0;0;1;0;0;0;1;0;0;1;0;1;0;0;0;0;0;0;13;0;1e-08
Sphere;Type Casting;0;1;1;0;0;1;0;0;0;1;0;0;1;0;1;0;0;0;0;0;0;13;0;1e-08
Sphere;`not` operator;0;1;1;0;0;1;0;0;0;1;0;0;1;0;1;0;0;0;0;0;0;13;1;0.8
Sphere;String Slicing;0;1;1;0;0;1;0;0;0;1;0;0;1;0;1;0;0;0;0;1;0;13;0;0.2
Sphere;`and` operator;0;1;1;0;0;1;0;0;0;1;0;0;1;0;1;0;0;0;0;0;0;13;1;0.8
Sphere;`/=` integer operator;0;1;1;0;0;1;0;0;0;1;0;0;1;0;1;0;0;0;0;0;0;13;1;0.8
Sphere;Multiplication;0;1;1;0;0;1;0;0;0;1;0;0;1;0;1;0;0;0;0;0;0;13;0;1e-08
Sphere;`*` integer operator;0;1;1;0;0;1;0;0;0;1;0;0;1;0;1;0;0;0;0;0;0;13;1;0.9578947368421054
Sphere;`return` keyword;0;1;1;0;0;1;0;0;0;1;0;0;1;0;1;0;0;0;0;0;0;13;0;1e-08
Sphere;Indexing;0;1;1;0;0;1;0;0;0;1;0;0;1;0;1;0;0;0;0;0;0;13;0;1e-08
Sphere;Ordered Data Structures;0;1;1;0;0;1;0;0;0;1;0;0;1;0;1;0;0;0;0;0;0;13;0;1e-08
Sphere;`+` integer operator;0;1;1;0;0;1;0;0;0;1;0;0;1;0;1;0;0;0;0;0;0;13;1;0.9578947368421054
Sphere;Formatted Strings;0;1;1;0;0;1;0;0;0;1;0;0;1;0;1;0;0;0;0;1;0;13;0;0.2
Sphere;Division;0;1;1;0;0;1;0;0;0;1;0;0;1;0;1;0;0;0;0;0;0;13;0;1e-08
Sphere;`if` keyword;0;1;1;0;0;1;0;0;0;1;0;0;1;0;1;0;0;0;0;0;0;13;0;1e-08
Sphere;Equality;0;1;1;0;0;1;0;0;0;1;0;0;1;0;1;0;0;0;0;0;0;13;0;1e-08
Sphere;`==` integer operator;0;1;1;0;0;1;0;0;0;1;0;0;1;0;1;0;0;0;0;0;0;13;1;0.8
Sphere;`-` integer operator;0;1;1;0;0;1;0;0;0;1;0;0;1;0;1;0;0;0;0;0;0;13;1;0.8857142857142859
Sphere;`!=` string operator;0;1;1;0;0;1;0;0;0;1;0;0;1;0;1;0;0;0;0;1;0;13;0;0.2
Sphere;String Indexing;0;1;1;0;0;1;0;0;0;1;0;0;1;0;1;0;0;0;0;1;0;13;0;0.2
Sphere;Operator Chaining;0;1;1;0;0;1;0;0;0;1;0;0;1;0;1;0;0;0;0;0;0;13;1;0.95
Sphere;Comments;0;1;1;0;0;1;0;0;0;1;0;0;1;0;1;0;0;0;0;0;0;13;1;0.8857142857142859
Sphere;`/` float operator;0;1;1;0;0;1;0;0;0;1;0;0;1;0;1;0;0;0;0;0;0;13;1;0.8857142857142859
Sphere;`upper()` method;0;1;1;0;0;1;0;0;0;1;0;0;1;0;1;0;0;0;0;1;0;13;0;0.2
Sphere;`try` keyword;0;1;1;0;0;1;0;0;0;1;0;0;1;0;1;0;0;0;0;0;0;13;0;1e-08
Sphere;`>` float operator;0;1;1;0;0;1;0;0;0;1;0;0;1;0;1;0;0;0;0;0;0;13;1;0.8
Sphere;`==` string operator;0;1;1;0;0;1;0;0;0;1;0;0;1;0;1;0;0;0;0;1;0;13;0;0.2
Sphere;`for` loops;0;1;1;0;0;1;0;0;0;1;0;0;1;0;1;0;0;0;0;0;0;13;0;1e-08
Sphere;`int()` function;0;1;1;0;0;1;0;0;0;1;0;0;1;0;1;0;0;0;0;0;0;13;1;0.9578947368421054
Sphere;`replace()` method;0;1;1;0;0;1;0;0;0;1;0;0;1;0;1;0;0;0;0;1;0;13;0;0.2
Sphere;Integer Division;0;1;1;0;0;1;0;0;0;1;0;0;1;0;1;0;0;0;0;0;0;13;0;1e-08
Sphere;`%` integer operator;0;1;1;0;0;1;0;0;0;1;0;0;1;0;1;0;0;0;0;0;0;13;1;0.9200000000000002
Sphere;Order of Operations;0;1;1;0;0;1;0;0;0;1;0;0;1;0;1;0;0;0;0;0;0;13;1;0.95
Sphere;`len()` string function;0;1;1;0;0;1;0;0;0;1;0;0;1;0;1;0;0;0;0;1;0;13;0;0.2
Sphere;`<=` integer operator;0;1;1;0;0;1;0;0;0;1;0;0;1;0;1;0;0;0;0;0;0;13;1;0.8
Sphere;RAM functionality;0;1;1;0;0;1;0;0;0;1;0;0;1;0;1;0;0;0;0;0;0;13;1;0.8
Sphere;`>` string operator;0;1;1;0;0;1;0;0;0;1;0;0;1;0;1;0;0;0;0;1;0;13;0;0.2
Sphere;`/=` float operator;0;1;1;0;0;1;0;0;0;1;0;0;1;0;1;0;0;0;0;0;0;13;1;0.8
Sphere;`-` float operator;0;1;1;0;0;1;0;0;0;1;0;0;1;0;1;0;0;0;0;0;0;13;1;0.8857142857142859
Sphere;`float()` function;0;1;1;0;0;1;0;0;0;1;0;0;1;0;1;0;0;0;0;0;0;13;1;0.9384615384615385
Sphere;Slicing;0;1;1;0;0;1;0;0;0;1;0;0;1;0;1;0;0;0;0;0;0;13;0;1e-08
Sphere;Modulus;0;1;1;0;0;1;0;0;0;1;0;0;1;0;1;0;0;0;0;0;0;13;0;1e-08
Sphere;`!=` integer operator;0;1;1;0;0;1;0;0;0;1;0;0;1;0;1;0;0;0;0;0;0;13;1;0.8
Sphere;`>` integer operator;0;1;1;0;0;1;0;0;0;1;0;0;1;0;1;0;0;0;0;0;0;13;1;0.8
Sphere;`while` loops;0;1;1;0;0;1;0;0;0;1;0;0;1;0;1;0;0;0;0;0;0;13;0;1e-08
Sphere;Methods;0;1;1;0;0;1;0;0;0;1;0;0;1;0;1;0;0;0;0;0;0;13;0;1e-08
Sphere;`>=` float operator;0;1;1;0;0;1;0;0;0;1;0;0;1;0;1;0;0;0;0;0;0;13;1;0.8
Sphere;Machine Code;0;1;1;0;0;1;0;0;0;1;0;0;1;0;1;0;0;0;0;0;0;13;1;0.8
Sphere;Program Definition;0;1;1;0;0;1;0;0;0;1;0;0;1;0;1;0;0;0;0;0;0;13;1;0.8
Sphere;`//=` integer operator;0;1;1;0;0;1;0;0;0;1;0;0;1;0;1;0;0;0;0;0;0;13;1;0.9200000000000002
Sphere;`capitalize()` method;0;1;1;0;0;1;0;0;0;1;0;0;1;0;1;0;0;0;0;0;0;13;0;1e-08
==::==::==
Question;81;0
Question;20;0
Question;5;0
Question;18;0
Question;8;1
Question;53;0
Question;84;0
Question;11;1
Question;83;0
Question;9;1
Question;93;0
Question;15;0
Question;82;0
Question;85;0
Question;91;0
Question;19;0
Question;79;0
Question;48;0
Question;17;0
Question;12;1
Question;90;0
Question;14;0
Question;13;0
Question;7;0
Answer;58;0
Answer;305;0
Answer;315;0
Answer;50;0
Answer;21;0
Answer;27;0
Answer;209;0
Answer;217;0
Answer;210;0
Answer;56;0
Answer;218;0
Answer;213;0
Answer;316;0
Answer;304;0
Answer;223;0
Answer;314;0
Answer;130;0
Answer;61;0
Answer;36;0
Answer;220;0
Answer;216;0
Answer;208;0
Answer;211;0
Answer;225;0
Answer;33;0
Answer;49;0
Answer;141;0
Answer;224;0
Answer;206;0
Answer;19;0
Answer;37;1
Answer;303;0
Answer;222;0
Answer;42;0
Answer;47;0
Answer;57;0
Answer;214;0
Answer;29;0
Answer;215;0
Answer;53;0
Answer;219;0
Answer;277;0
Answer;44;0
Answer;32;0
Answer;28;0
Answer;221;0
Answer;43;1
Answer;48;0
Answer;46;1
Answer;201;0
Answer;131;0
Answer;308;0
Answer;307;0
Answer;200;0
Answer;51;0
Answer;35;0
Answer;54;0
Answer;60;0
Answer;64;0
Answer;30;1
Answer;198;0
Answer;20;0
Answer;18;0
Answer;31;0
Answer;63;0
Answer;199;0
Answer;45;0
Answer;313;0
Answer;207;0
Answer;212;0
Answer;62;0
Answer;306;0
Answer;34;0
Answer;55;0
Answer;26;0
Answer;52;0
Answer;276;0
Answer;-1;0
Mis;`<` is `not >`;0;1;1;0;0;1;0;0;0;1;0;0;1;0;0;0;0;0;1;1;0;14;0
Mis;Backwards chaining;0;1;1;0;0;1;0;0;0;1;0;0;1;0;0;0;0;0;1;0;0;14;0
Mis;`print()` needs input;0;1;1;0;0;1;0;0;0;1;0;0;1;0;0;0;0;0;1;0;0;14;0
Mis;Blank last slice non-inclusive;0;1;1;0;0;1;0;0;0;1;0;0;1;0;0;0;0;0;1;0;0;14;0
Mis;Return frame bypass;0;1;1;0;0;1;0;0;0;1;0;0;1;0;0;0;0;0;1;0;0;14;0
Mis;Functions must have input;0;1;1;0;0;1;0;0;0;1;0;0;1;0;0;0;0;0;1;0;0;14;0
Mis;No Boolean literals;0;1;1;0;0;1;0;0;0;1;0;0;1;0;0;0;0;0;1;1;0;14;0
Mis;String equality isn't case sensitive;0;1;1;0;0;1;0;0;0;1;0;0;1;0;0;0;0;0;1;1;0;14;0
Mis;Single letter variables;0;1;1;0;0;1;0;0;0;1;0;0;1;0;0;0;0;0;1;0;0;14;0
Mis;`return` on `def` indentation level;0;1;1;0;0;1;0;0;0;1;0;0;1;0;0;0;0;0;1;1;0;14;0
Mis;Iterable repetition interleaves;0;1;1;0;0;1;0;0;0;1;0;0;1;0;0;0;0;0;1;0;0;14;0
Mis;Sequenced conditionals;0;1;1;0;0;1;0;0;0;1;0;0;1;0;0;0;0;0;1;1;0;14;0
Mis;`input()` includes newline;0;1;1;0;0;1;0;0;0;1;0;0;1;0;0;0;0;0;1;0;0;14;0
Mis;Concat with single element;0;1;1;0;0;1;0;0;0;1;0;0;1;0;0;0;0;0;1;0;0;14;0
Mis;Extending strings adds space;0;1;1;0;0;1;0;0;0;1;0;0;1;0;0;0;0;0;1;1;0;14;0
Mis;Variables cannot be assigned twice;0;1;1;0;0;1;0;0;0;1;0;0;1;0;0;0;0;0;1;1;0;14;0
Mis;No `and` on objects;0;1;1;0;0;1;0;0;0;1;0;0;1;0;0;0;0;0;1;0;0;14;0
Mis;`range()` only has one input;0;1;1;0;0;1;0;0;0;1;0;0;1;0;0;0;0;0;1;0;0;14;0
Mis;Linear Order of Operations;0;1;1;0;0;1;0;0;0;1;0;0;1;0;0;0;0;0;1;1;0;14;0
Mis;`%` percentage operator;0;1;1;0;0;1;0;0;0;1;0;0;1;0;0;0;0;0;1;0;0;14;0
Mis;`self` has no value;0;1;1;0;0;1;0;0;0;1;0;0;1;0;0;0;0;0;1;1;0;14;0
Mis;Characters are strings;0;1;1;0;0;1;0;0;0;1;0;0;1;0;0;0;0;0;1;0;0;14;0
Mis;Keyword functions;0;1;1;0;0;1;0;0;0;1;0;0;1;0;0;0;0;0;1;0;0;14;0
Mis;Floating point equality okay;0;1;1;0;0;1;0;0;0;1;0;0;1;0;0;0;0;0;1;1;0;14;0
Mis;Lazy assignment;0;1;1;0;0;1;0;0;0;1;0;0;1;0;0;0;0;0;1;0;0;14;0
Mis;Index -1 is start of list;0;1;1;0;0;1;0;0;0;1;0;0;1;0;0;0;0;0;1;1;0;14;0
Mis;No variable functions;0;1;1;0;0;1;0;0;0;1;0;0;1;0;0;0;0;0;1;1;0;14;0
Mis;Multi-line strings with `' '`;0;1;1;0;0;1;0;0;0;1;0;0;1;0;0;0;0;0;1;1;0;14;0
Mis;No variable methods;0;1;1;0;0;1;0;0;0;1;0;0;1;0;0;0;0;0;1;0;0;14;0
Mis;Iterable repeition multiplies by constant;0;1;1;0;0;1;0;0;0;1;0;0;1;0;0;0;0;0;1;0;0;14;0
Mis;String methods mutate;0;1;1;0;0;1;0;0;0;1;0;0;1;0;0;0;0;0;1;0;0;14;0
Mis;No short circuit;0;1;1;0;0;1;0;0;0;1;0;0;1;0;0;0;0;0;1;1;0;14;0
Mis;Slice exclusive of first index;0;1;1;0;0;1;0;0;0;1;0;0;1;0;0;0;0;0;1;0;0;14;0
Mis;`print()` non-terminating return;0;1;1;0;0;1;0;0;0;1;0;0;1;0;0;0;0;0;1;0;0;14;0
Mis;No floating point limit;0;1;1;0;0;1;0;0;0;1;0;0;1;0;0;0;0;0;1;1;0;14;0
Mis;`>` is `not <`;0;1;1;0;0;1;0;0;0;1;0;0;1;0;0;0;0;0;1;1;0;14;0
Mis;`try` without `except`;0;1;1;0;0;1;0;0;0;1;0;0;1;0;0;0;0;0;1;1;0;14;0
Mis;Inline Function Definition;0;1;1;0;0;1;0;0;0;1;0;0;1;0;0;0;0;0;1;1;0;14;0
Mis;`print()` no newline;0;1;1;0;0;1;0;0;0;1;0;0;1;0;0;0;0;0;1;0;0;14;0
Mis;`range()` starts at 1;0;1;1;0;0;1;0;0;0;1;0;0;1;0;0;0;0;0;1;1;0;14;0
Mis;Blank slice is empty;0;1;1;0;0;1;0;0;0;1;0;0;1;0;0;0;0;0;1;0;0;14;0
Mis;`-` works on strings;0;1;1;0;0;1;0;0;0;1;0;0;1;0;0;0;0;0;1;1;0;14;0
Mis;No constructor method chain;0;1;1;0;0;1;0;0;0;1;0;0;1;0;0;0;0;0;1;0;0;14;0
Mis;`#` is an operator;0;1;1;0;0;1;0;0;0;1;0;0;1;0;0;0;0;0;1;1;0;14;0
Mis;No escape sequences;0;1;1;0;0;1;0;0;0;1;0;0;1;0;0;0;0;0;1;0;0;14;0
Mis;Methods must have input;0;1;1;0;0;1;0;0;0;1;0;0;1;0;0;0;0;0;1;0;0;14;0
Mis;Assignment duplicates;0;1;1;0;0;1;0;0;0;1;0;0;1;0;0;0;0;0;1;0;0;14;0
Mis;`=` comparison;0;1;1;0;0;1;0;0;0;1;0;0;1;0;0;0;0;0;1;1;0;14;0
Mis;No tuple return;0;1;1;0;0;1;0;0;0;1;0;0;1;0;0;0;0;0;1;0;0;14;0
Mis;`for` is `while`;0;1;1;0;0;1;0;0;0;1;0;0;1;0;0;0;0;0;1;0;0;14;0
Mis;Curly brackets stay;0;1;1;0;0;1;0;0;0;1;0;0;1;0;0;0;0;0;1;0;0;14;0
Mis;`/` is modulus;0;1;1;0;0;1;0;0;0;1;0;0;1;0;0;0;0;0;1;1;0;14;0
Mis;No implicit void functions;0;1;1;0;0;1;0;0;0;1;0;0;1;0;0;0;0;0;1;0;0;14;0
Mis;Operators cannot be chained;0;1;1;0;0;1;0;0;0;1;0;0;1;0;0;0;0;0;1;1;0;14;0
Mis;Functions must return;0;1;1;0;0;1;0;0;0;1;0;0;1;0;0;0;0;0;1;0;0;14;0
Mis;No `not` on objects;0;1;1;0;0;1;0;0;0;1;0;0;1;0;0;0;0;0;1;0;0;14;0
Mis;Ternary Boolean return;0;1;1;0;0;1;0;0;0;1;0;0;1;0;0;0;0;0;1;0;0;14;0
Mis;`if` loop;0;1;1;0;0;1;0;0;0;1;0;0;1;0;0;0;0;0;1;1;0;14;0
Mis;`range()` includes the final value;0;1;1;0;0;1;0;0;0;1;0;0;1;0;0;0;0;0;1;0;0;14;0
Mis;Methods can have no arguments;0;1;1;0;0;1;0;0;0;1;0;0;1;0;0;0;0;0;1;0;0;14;0
Mis;No string constructor method chain;0;1;1;0;0;1;0;0;0;1;0;0;1;0;0;0;0;0;1;0;0;14;0
Mis;`return` continues;0;1;1;0;0;1;0;0;0;1;0;0;1;0;0;0;0;0;1;0;0;14;0
Mis;String equality not `==`;0;1;1;0;0;1;0;0;0;1;0;0;1;0;0;0;0;0;1;0;0;14;0
Mis;String repetition adds space;0;1;1;0;0;1;0;0;0;1;0;0;1;0;0;0;0;0;1;0;0;14;0
Mis;Automatic Integer Conversion;0;1;1;0;0;1;0;0;0;1;0;0;1;0;0;0;0;0;1;1;0;14;0
Mis;Slices include last value;0;1;1;0;0;1;0;0;0;1;0;0;1;0;0;0;0;0;1;0;0;14;0
Mis;Integers limit;0;1;1;0;0;1;0;0;0;1;0;0;1;0;0;0;0;0;1;1;0;14;0
Mis;Confused string assignment;0;1;1;0;0;1;0;0;0;1;0;0;1;0;0;0;0;0;1;0;0;14;0
Mis;Lowercase Booleans;0;1;1;0;0;1;0;0;0;1;0;0;1;0;0;0;0;0;1;0;0;14;0
Mis;`pass` is `continue`;0;1;1;0;0;1;0;0;0;1;0;0;1;0;0;0;0;0;1;1;0;14;0
Mis;`print()` returns;0;1;1;0;0;1;0;0;0;1;0;0;1;0;0;0;0;0;1;1;0;14;0
Mis;`print()` only accepts one input;0;1;1;0;0;1;0;0;0;1;0;0;1;0;0;0;0;0;1;0;0;14;0
Mis;Secondary memory data loss;0;1;1;0;0;1;0;0;0;1;0;0;1;0;0;0;0;0;1;1;0;14;0
Mis;Transitive Assignment;0;1;1;0;0;1;0;0;0;1;0;0;1;0;0;0;0;0;1;1;0;14;0
Mis;No literal return;0;1;1;0;0;1;0;0;0;1;0;0;1;0;0;0;0;0;1;0;0;14;0
Mis;`input()` return value;0;1;1;0;0;1;0;0;0;1;0;0;1;0;0;0;0;0;1;1;0;14;0
Mis;Floating point `range()`;0;1;1;0;0;1;0;0;0;1;0;0;1;0;0;0;0;0;1;0;0;14;0
Mis;No `or` on objects;0;1;1;0;0;1;0;0;0;1;0;0;1;0;0;0;0;0;1;0;0;14;0
Mis;`print()` always has a newline;0;1;1;0;0;1;0;0;0;1;0;0;1;0;0;0;0;0;1;0;0;14;0
Mis;`print()` only string;0;1;1;0;0;1;0;0;0;1;0;0;1;0;0;0;0;0;1;0;0;14;0
Mis;`/` is integer division;0;1;1;0;0;1;0;0;0;1;0;0;1;0;0;0;0;0;1;1;0;14;0
Mis;`input()` requires function input;0;1;1;0;0;1;0;0;0;1;0;0;1;0;0;0;0;0;1;0;0;14;0
Mis;No method chain;0;1;1;0;0;1;0;0;0;1;0;0;1;0;0;0;0;0;1;0;0;14;0
Mis;`int()` rounds up floats;0;1;1;0;0;1;0;0;0;1;0;0;1;0;0;0;0;0;1;1;0;14;0
Mis;Multi-line strings with `" "`;0;1;1;0;0;1;0;0;0;1;0;0;1;0;0;0;0;0;1;1;0;14;0
Mis;List concat vector addition;0;1;1;0;0;1;0;0;0;1;0;0;1;0;0;0;0;0;1;1;0;14;0
Mis;`/` works on strings;0;1;1;0;0;1;0;0;0;1;0;0;1;0;0;0;0;0;1;1;0;14;0
Mis;Strings are mutable;0;1;1;0;0;1;0;0;0;1;0;0;1;0;0;0;0;0;1;0;0;14;0
Mis;No loop termination;0;1;1;0;0;1;0;0;0;1;0;0;1;0;0;0;0;0;1;1;0;14;0
Mis;Conditional Boolean return;0;1;1;0;0;1;0;0;0;1;0;0;1;0;0;0;0;0;1;0;0;14;0
Mis;Slices require indices;0;1;1;0;0;1;0;0;0;1;0;0;1;0;0;0;0;0;1;1;0;14;0
Mis;Parenthesized return;0;1;1;0;0;1;0;0;0;1;0;0;1;0;0;0;0;0;1;0;0;14;0
Mis;`%` is division;0;1;1;0;0;1;0;0;0;1;0;0;1;0;0;0;0;0;1;0;0;14;0
Mis;Iterable repetition repeated constant multiplication;0;1;1;0;0;1;0;0;0;1;0;0;1;0;0;0;0;0;1;1;0;14;0
Mis;`//` divides;0;1;1;0;0;1;0;0;0;1;0;0;1;0;0;0;0;0;1;0;0;14;0
Mis;Cannot mix index sign in slice;0;1;1;0;0;1;0;0;0;1;0;0;1;0;0;0;0;0;1;0;0;14;0
Mis;`//` is modulus;0;1;1;0;0;1;0;0;0;1;0;0;1;0;0;0;0;0;1;0;0;14;0
Mis;Slice removes;0;1;1;0;0;1;0;0;0;1;0;0;1;0;0;0;0;0;1;0;0;14;0
Mis;No nesting loops;0;1;1;0;0;1;0;0;0;1;0;0;1;0;0;0;0;0;1;0;0;14;0
Mis;Literals don't have a data type;0;1;1;0;0;1;0;0;0;1;0;0;1;0;0;0;0;0;1;1;0;14;0
Mis;`%` is integer division;0;1;1;0;0;1;0;0;0;1;0;0;1;0;0;0;0;0;1;1;0;14;0
Mis;No formatted string;0;1;1;0;0;1;0;0;0;1;0;0;1;0;0;0;0;0;1;1;0;14;0
Mis;`for` stops before last element;0;1;1;0;0;1;0;0;0;1;0;0;1;0;0;0;0;0;1;1;0;14;0
Mis;`int()` rounds floats;0;1;1;0;0;1;0;0;0;1;0;0;1;0;0;0;0;0;1;0;0;14;0
Mis;Implied repetition over logical operator;0;1;1;0;0;1;0;0;0;1;0;0;1;0;0;0;0;0;1;0;0;14;0
Mis;`for` only with `range()`;0;1;1;0;0;1;0;0;0;1;0;0;1;0;0;0;0;0;1;0;0;14;0
Mis;`while` tests after loop;0;1;1;0;0;1;0;0;0;1;0;0;1;0;0;0;0;0;1;1;0;14;0
Mis;Multi-value return;0;1;1;0;0;1;0;0;0;1;0;0;1;0;0;0;0;0;1;0;0;14;0
Mis;Strings are not objects;0;1;1;0;0;1;0;0;0;1;0;0;1;0;0;0;0;0;1;1;0;14;0
Sphere;`+` integer operator;0;1;1;0;0;1;0;0;0;1;0;0;1;0;0;0;0;0;1;1;1;14;1;0.9714285714285715
Sphere;`//` integer operator;0;1;1;0;0;1;0;0;0;1;0;0;1;0;0;0;0;0;1;1;1;14;1;0.9714285714285715
Sphere;`*` integer operator;0;1;1;0;0;1;0;0;0;1;0;0;1;0;0;0;0;0;1;1;1;14;1;0.9714285714285715
Sphere;`-` integer operator;0;1;1;0;0;1;0;0;0;1;0;0;1;0;0;0;0;0;1;1;1;14;1;0.9714285714285715
Sphere;`type()` function;0;1;1;0;0;1;0;0;0;1;0;0;1;0;0;0;0;0;1;1;1;14;1;0.9714285714285715
Sphere;`%` integer operator;0;1;1;0;0;1;0;0;0;1;0;0;1;0;0;0;0;0;1;1;1;14;1;0.9714285714285715
Sphere;Order of Operations;0;1;1;0;0;1;0;0;0;1;0;0;1;0;0;0;0;0;1;1;1;14;1;0.9714285714285715
Sphere;Integers;0;1;1;0;0;1;0;0;0;1;0;0;1;0;0;0;0;0;1;1;1;14;1;0.9714285714285715
Sphere;Operator Chaining;0;1;1;0;0;1;0;0;0;1;0;0;1;0;0;0;0;0;1;1;1;14;1;0.9714285714285715
Sphere;`str()` function;0;1;1;0;0;1;0;0;0;1;0;0;1;0;0;0;0;0;1;0;0;14;1;0.9200000000000002
Sphere;Floats;0;1;1;0;0;1;0;0;0;1;0;0;1;0;0;0;0;0;1;0;0;14;1;0.9578947368421054
Sphere;`+=` float operator;0;1;1;0;0;1;0;0;0;1;0;0;1;0;0;0;0;0;1;0;0;14;1;0.8
Sphere;Built-in Functions;0;1;1;0;0;1;0;0;0;1;0;0;1;0;0;0;0;0;1;0;0;14;0;1e-08
Sphere;`+=` integer operator;0;1;1;0;0;1;0;0;0;1;0;0;1;0;0;0;0;0;1;0;0;14;1;0.8
Sphere;Secondary Memory;0;1;1;0;0;1;0;0;0;1;0;0;1;0;0;0;0;0;1;0;0;14;1;0.8
Sphere;`*=` float operator;0;1;1;0;0;1;0;0;0;1;0;0;1;0;0;0;0;0;1;0;0;14;1;0.8
Sphere;Conditionals;0;1;1;0;0;1;0;0;0;1;0;0;1;0;0;0;0;0;1;0;0;14;0;1e-08
Sphere;Addition;0;1;1;0;0;1;0;0;0;1;0;0;1;0;0;0;0;0;1;0;0;14;0;1e-08
Sphere;Compilers;0;1;1;0;0;1;0;0;0;1;0;0;1;0;0;0;0;0;1;0;0;14;1;0.8
Sphere;`range()` function;0;1;1;0;0;1;0;0;0;1;0;0;1;0;0;0;0;0;1;0;0;14;0;1e-08
Sphere;`%=` integer operator;0;1;1;0;0;1;0;0;0;1;0;0;1;0;0;0;0;0;1;0;0;14;1;0.9200000000000002
Sphere;Interpreters;0;1;1;0;0;1;0;0;0;1;0;0;1;0;0;0;0;0;1;0;0;14;1;0.8
Sphere;Booleans;0;1;1;0;0;1;0;0;0;1;0;0;1;0;0;0;0;0;1;0;0;14;1;0.8
Sphere;`%` float operator;0;1;1;0;0;1;0;0;0;1;0;0;1;0;0;0;0;0;1;0;0;14;1;0.9200000000000002
Sphere;`elif` keyword;0;1;1;0;0;1;0;0;0;1;0;0;1;0;0;0;0;0;1;0;0;14;0;1e-08
Sphere;`<=` float operator;0;1;1;0;0;1;0;0;0;1;0;0;1;0;0;0;0;0;1;0;0;14;0;0.8
Sphere;`<` float operator;0;1;1;0;0;1;0;0;0;1;0;0;1;0;0;0;0;0;1;0;0;14;1;0.8
Sphere;Assignment;0;1;1;0;0;1;0;0;0;1;0;0;1;0;0;0;0;0;1;0;0;14;1;0.9636363636363636
Sphere;`continue` keyword;0;1;1;0;0;1;0;0;0;1;0;0;1;0;0;0;0;0;1;0;0;14;0;1e-08
Sphere;`+` string operator;0;1;1;0;0;1;0;0;0;1;0;0;1;0;0;0;0;0;1;0;0;14;1;0.9636363636363636
Sphere;`lower()` method;0;1;1;0;0;1;0;0;0;1;0;0;1;0;0;0;0;0;1;0;0;14;0;0.2
Sphere;`else` keyword;0;1;1;0;0;1;0;0;0;1;0;0;1;0;0;0;0;0;1;0;0;14;0;1e-08
Sphere;`-=` integer operator;0;1;1;0;0;1;0;0;0;1;0;0;1;0;0;0;0;0;1;0;0;14;1;0.8
Sphere;`or` operator;0;1;1;0;0;1;0;0;0;1;0;0;1;0;0;0;0;0;1;0;0;14;1;0.8
Sphere;`!=` float operator;0;1;1;0;0;1;0;0;0;1;0;0;1;0;0;0;0;0;1;0;0;14;0;0.8
Sphere;`<` string operator;0;1;1;0;0;1;0;0;0;1;0;0;1;0;0;0;0;0;1;0;0;14;0;0.2
Sphere;`<` integer operator;0;1;1;0;0;1;0;0;0;1;0;0;1;0;0;0;0;0;1;0;0;14;1;0.8
Sphere;Floating point equality;0;1;1;0;0;1;0;0;0;1;0;0;1;0;0;0;0;0;1;0;0;14;1;0.8
Sphere;Comparison;0;1;1;0;0;1;0;0;0;1;0;0;1;0;0;0;0;0;1;0;0;14;0;1e-08
Sphere;Functions;0;1;1;0;0;1;0;0;0;1;0;0;1;0;0;0;0;0;1;0;0;14;1;0.9636363636363636
Sphere;Contracted `if`;0;1;1;0;0;1;0;0;0;1;0;0;1;0;0;0;0;0;1;0;0;14;0;1e-08
Sphere;Automatic Conversion;0;1;1;0;0;1;0;0;0;1;0;0;1;0;0;0;0;0;1;0;0;14;1;0.9578947368421054
Sphere;`+` float operator;0;1;1;0;0;1;0;0;0;1;0;0;1;0;0;0;0;0;1;0;0;14;1;0.8857142857142859
Sphere;`>=` integer operator;0;1;1;0;0;1;0;0;0;1;0;0;1;0;0;0;0;0;1;0;0;14;0;0.8
Sphere;`break` keyword;0;1;1;0;0;1;0;0;0;1;0;0;1;0;0;0;0;0;1;0;0;14;0;1e-08
Sphere;CPU functionality;0;1;1;0;0;1;0;0;0;1;0;0;1;0;0;0;0;0;1;0;0;14;1;0.8
Sphere;Self Assignment;0;1;1;0;0;1;0;0;0;1;0;0;1;0;0;0;0;0;1;0;0;14;1;0.9384615384615385
Sphere;`*=` integer operator;0;1;1;0;0;1;0;0;0;1;0;0;1;0;0;0;0;0;1;0;0;14;1;0.8
Sphere;`//` float operator;0;1;1;0;0;1;0;0;0;1;0;0;1;0;0;0;0;0;1;0;0;14;1;0.9200000000000002
Sphere;`' '` constructor;0;1;1;0;0;1;0;0;0;1;0;0;1;0;0;0;0;0;1;0;0;14;1;0.9636363636363636
Sphere;`""" """` constructor;0;1;1;0;0;1;0;0;0;1;0;0;1;0;0;0;0;0;1;0;0;14;0;0.2
Sphere;`join()` method;0;1;1;0;0;1;0;0;0;1;0;0;1;0;0;0;0;0;1;0;0;14;0;1e-08
Sphere;`/` integer operator;0;1;1;0;0;1;0;0;0;1;0;0;1;0;0;0;0;0;1;0;0;14;1;0.9578947368421054
Sphere;Repetition;0;1;1;0;0;1;0;0;0;1;0;0;1;0;0;0;0;0;1;0;0;14;0;1e-08
Sphere;`//=` float operator;0;1;1;0;0;1;0;0;0;1;0;0;1;0;0;0;0;0;1;0;0;14;1;0.9200000000000002
Sphere;Control Flow;0;1;1;0;0;1;0;0;0;1;0;0;1;0;0;0;0;0;1;0;0;14;0;1e-08
Sphere;Loops;0;1;1;0;0;1;0;0;0;1;0;0;1;0;0;0;0;0;1;0;0;14;0;1e-08
Sphere;`%=` float operator;0;1;1;0;0;1;0;0;0;1;0;0;1;0;0;0;0;0;1;0;0;14;1;0.9200000000000002
Sphere;Concatenation;0;1;1;0;0;1;0;0;0;1;0;0;1;0;0;0;0;0;1;0;0;14;0;1e-08
Sphere;`*` string operator;0;1;1;0;0;1;0;0;0;1;0;0;1;0;0;0;0;0;1;0;0;14;0;0.2
Sphere;`-=` float operator;0;1;1;0;0;1;0;0;0;1;0;0;1;0;0;0;0;0;1;0;0;14;1;0.8
Sphere;`*` float operator;0;1;1;0;0;1;0;0;0;1;0;0;1;0;0;0;0;0;1;0;0;14;1;0.8857142857142859
Sphere;Atomic Data Types;0;1;1;0;0;1;0;0;0;1;0;0;1;0;0;0;0;0;1;0;0;14;0;1e-08
Sphere;Subtraction;0;1;1;0;0;1;0;0;0;1;0;0;1;0;0;0;0;0;1;0;0;14;0;1e-08
Sphere;Type Casting;0;1;1;0;0;1;0;0;0;1;0;0;1;0;0;0;0;0;1;0;0;14;0;1e-08
Sphere;`not` operator;0;1;1;0;0;1;0;0;0;1;0;0;1;0;0;0;0;0;1;0;0;14;1;0.8
Sphere;String Slicing;0;1;1;0;0;1;0;0;0;1;0;0;1;0;0;0;0;0;1;0;0;14;0;0.2
Sphere;`and` operator;0;1;1;0;0;1;0;0;0;1;0;0;1;0;0;0;0;0;1;0;0;14;1;0.8
Sphere;`/=` integer operator;0;1;1;0;0;1;0;0;0;1;0;0;1;0;0;0;0;0;1;0;0;14;1;0.8
Sphere;Multiplication;0;1;1;0;0;1;0;0;0;1;0;0;1;0;0;0;0;0;1;0;0;14;0;1e-08
Sphere;`input()` function;0;1;1;0;0;1;0;0;0;1;0;0;1;0;0;0;0;0;1;0;0;14;1;0.9714285714285715
Sphere;`return` keyword;0;1;1;0;0;1;0;0;0;1;0;0;1;0;0;0;0;0;1;0;0;14;0;1e-08
Sphere;Indexing;0;1;1;0;0;1;0;0;0;1;0;0;1;0;0;0;0;0;1;0;0;14;0;1e-08
Sphere;Ordered Data Structures;0;1;1;0;0;1;0;0;0;1;0;0;1;0;0;0;0;0;1;0;0;14;0;1e-08
Sphere;Formatted Strings;0;1;1;0;0;1;0;0;0;1;0;0;1;0;0;0;0;0;1;0;0;14;0;0.2
Sphere;Division;0;1;1;0;0;1;0;0;0;1;0;0;1;0;0;0;0;0;1;0;0;14;0;1e-08
Sphere;`if` keyword;0;1;1;0;0;1;0;0;0;1;0;0;1;0;0;0;0;0;1;0;0;14;0;1e-08
Sphere;Equality;0;1;1;0;0;1;0;0;0;1;0;0;1;0;0;0;0;0;1;0;0;14;0;1e-08
Sphere;Strings;0;1;1;0;0;1;0;0;0;1;0;0;1;0;0;0;0;0;1;0;0;14;1;0.9714285714285715
Sphere;`==` integer operator;0;1;1;0;0;1;0;0;0;1;0;0;1;0;0;0;0;0;1;0;0;14;1;0.8
Sphere;`!=` string operator;0;1;1;0;0;1;0;0;0;1;0;0;1;0;0;0;0;0;1;0;0;14;0;0.2
Sphere;String Indexing;0;1;1;0;0;1;0;0;0;1;0;0;1;0;0;0;0;0;1;0;0;14;0;0.2
Sphere;Comments;0;1;1;0;0;1;0;0;0;1;0;0;1;0;0;0;0;0;1;0;0;14;1;0.8857142857142859
Sphere;`/` float operator;0;1;1;0;0;1;0;0;0;1;0;0;1;0;0;0;0;0;1;0;0;14;1;0.8857142857142859
Sphere;`upper()` method;0;1;1;0;0;1;0;0;0;1;0;0;1;0;0;0;0;0;1;0;0;14;0;0.2
Sphere;`try` keyword;0;1;1;0;0;1;0;0;0;1;0;0;1;0;0;0;0;0;1;0;0;14;0;1e-08
Sphere;`>` float operator;0;1;1;0;0;1;0;0;0;1;0;0;1;0;0;0;0;0;1;0;0;14;1;0.8
Sphere;`==` string operator;0;1;1;0;0;1;0;0;0;1;0;0;1;0;0;0;0;0;1;0;0;14;0;0.2
Sphere;`for` loops;0;1;1;0;0;1;0;0;0;1;0;0;1;0;0;0;0;0;1;0;0;14;0;1e-08
Sphere;`" "` constructor;0;1;1;0;0;1;0;0;0;1;0;0;1;0;0;0;0;0;1;0;0;14;1;0.9636363636363636
Sphere;`int()` function;0;1;1;0;0;1;0;0;0;1;0;0;1;0;0;0;0;0;1;0;0;14;1;0.9578947368421054
Sphere;`replace()` method;0;1;1;0;0;1;0;0;0;1;0;0;1;0;0;0;0;0;1;0;0;14;0;0.2
Sphere;Integer Division;0;1;1;0;0;1;0;0;0;1;0;0;1;0;0;0;0;0;1;0;0;14;0;1e-08
Sphere;`print()` function;0;1;1;0;0;1;0;0;0;1;0;0;1;0;0;0;0;0;1;0;0;14;1;0.9714285714285715
Sphere;`len()` string function;0;1;1;0;0;1;0;0;0;1;0;0;1;0;0;0;0;0;1;0;0;14;0;0.2
Sphere;`<=` integer operator;0;1;1;0;0;1;0;0;0;1;0;0;1;0;0;0;0;0;1;0;0;14;1;0.8
Sphere;RAM functionality;0;1;1;0;0;1;0;0;0;1;0;0;1;0;0;0;0;0;1;0;0;14;1;0.8
Sphere;`>` string operator;0;1;1;0;0;1;0;0;0;1;0;0;1;0;0;0;0;0;1;0;0;14;0;0.2
Sphere;`/=` float operator;0;1;1;0;0;1;0;0;0;1;0;0;1;0;0;0;0;0;1;0;0;14;1;0.8
Sphere;`-` float operator;0;1;1;0;0;1;0;0;0;1;0;0;1;0;0;0;0;0;1;0;0;14;1;0.8857142857142859
Sphere;`float()` function;0;1;1;0;0;1;0;0;0;1;0;0;1;0;0;0;0;0;1;0;0;14;1;0.9384615384615385
Sphere;Slicing;0;1;1;0;0;1;0;0;0;1;0;0;1;0;0;0;0;0;1;0;0;14;0;1e-08
Sphere;`=` operator;0;1;1;0;0;1;0;0;0;1;0;0;1;0;0;0;0;0;1;0;0;14;1;0.9741935483870969
Sphere;Modulus;0;1;1;0;0;1;0;0;0;1;0;0;1;0;0;0;0;0;1;0;0;14;0;1e-08
Sphere;`!=` integer operator;0;1;1;0;0;1;0;0;0;1;0;0;1;0;0;0;0;0;1;0;0;14;1;0.8
Sphere;`>` integer operator;0;1;1;0;0;1;0;0;0;1;0;0;1;0;0;0;0;0;1;0;0;14;1;0.8
Sphere;`while` loops;0;1;1;0;0;1;0;0;0;1;0;0;1;0;0;0;0;0;1;0;0;14;0;1e-08
Sphere;Methods;0;1;1;0;0;1;0;0;0;1;0;0;1;0;0;0;0;0;1;0;0;14;0;1e-08
Sphere;`>=` float operator;0;1;1;0;0;1;0;0;0;1;0;0;1;0;0;0;0;0;1;0;0;14;1;0.8
Sphere;Machine Code;0;1;1;0;0;1;0;0;0;1;0;0;1;0;0;0;0;0;1;0;0;14;1;0.8
Sphere;Variables;0;1;1;0;0;1;0;0;0;1;0;0;1;0;0;0;0;0;1;0;0;14;1;0.9764705882352942
Sphere;Program Definition;0;1;1;0;0;1;0;0;0;1;0;0;1;0;0;0;0;0;1;0;0;14;1;0.8
Sphere;`//=` integer operator;0;1;1;0;0;1;0;0;0;1;0;0;1;0;0;0;0;0;1;0;0;14;1;0.9200000000000002
Sphere;`def` constructor;0;1;1;0;0;1;0;0;0;1;0;0;1;0;0;0;0;0;1;0;0;14;1;0.9636363636363636
Sphere;`capitalize()` method;0;1;1;0;0;1;0;0;0;1;0;0;1;0;0;0;0;0;1;0;0;14;0;1e-08
==::==::==
Question;81;0
Question;20;0
Question;5;0
Question;18;0
Question;8;0
Question;53;0
Question;84;0
Question;11;0
Question;83;0
Question;9;0
Question;93;0
Question;15;0
Question;82;0
Question;85;0
Question;91;0
Question;19;0
Question;79;0
Question;48;0
Question;17;0
Question;12;0
Question;90;0
Question;14;0
Question;13;0
Question;7;0
Answer;58;0
Answer;305;0
Answer;315;0
Answer;50;0
Answer;21;0
Answer;27;0
Answer;209;0
Answer;217;0
Answer;210;0
Answer;56;0
Answer;218;0
Answer;213;0
Answer;316;0
Answer;304;0
Answer;223;0
Answer;314;0
Answer;130;0
Answer;61;0
Answer;36;0
Answer;220;0
Answer;216;0
Answer;208;0
Answer;211;0
Answer;225;0
Answer;33;0
Answer;49;0
Answer;141;0
Answer;224;0
Answer;206;0
Answer;19;0
Answer;37;0
Answer;303;0
Answer;222;0
Answer;42;0
Answer;47;0
Answer;57;0
Answer;214;0
Answer;29;0
Answer;215;0
Answer;53;0
Answer;219;0
Answer;277;0
Answer;44;0
Answer;32;0
Answer;28;0
Answer;221;0
Answer;43;0
Answer;48;0
Answer;46;0
Answer;201;0
Answer;131;0
Answer;308;0
Answer;307;0
Answer;200;0
Answer;51;0
Answer;35;0
Answer;54;0
Answer;60;0
Answer;64;0
Answer;30;0
Answer;198;0
Answer;20;0
Answer;18;0
Answer;31;0
Answer;63;0
Answer;199;0
Answer;45;0
Answer;313;0
Answer;207;0
Answer;212;0
Answer;62;0
Answer;306;0
Answer;34;0
Answer;55;0
Answer;26;0
Answer;52;0
Answer;276;0
Answer;-1;0
Mis;`<` is `not >`;0;1;1;0;0;1;0;0;0;1;0;0;1;0;0;0;0;0;0;1;0;15;0
Mis;Backwards chaining;0;1;1;0;0;1;0;0;0;1;0;0;1;0;0;0;0;0;0;0;0;15;0
Mis;`print()` needs input;0;1;1;0;0;1;0;0;0;1;0;0;1;0;0;0;0;0;0;0;0;15;0
Mis;Blank last slice non-inclusive;0;1;1;0;0;1;0;0;0;1;0;0;1;0;0;0;0;0;0;0;0;15;0
Mis;Return frame bypass;0;1;1;0;0;1;0;0;0;1;0;0;1;0;0;0;0;0;0;0;0;15;0
Mis;Functions must have input;0;1;1;0;0;1;0;0;0;1;0;0;1;0;0;0;0;0;0;0;0;15;0
Mis;No Boolean literals;0;1;1;0;0;1;0;0;0;1;0;0;1;0;0;0;0;0;0;1;0;15;0
Mis;String equality isn't case sensitive;0;1;1;0;0;1;0;0;0;1;0;0;1;0;0;0;0;0;0;1;0;15;0
Mis;Single letter variables;0;1;1;0;0;1;0;0;0;1;0;0;1;0;0;0;0;0;0;0;0;15;0
Mis;`return` on `def` indentation level;0;1;1;0;0;1;0;0;0;1;0;0;1;0;0;0;0;0;0;1;0;15;0
Mis;Iterable repetition interleaves;0;1;1;0;0;1;0;0;0;1;0;0;1;0;0;0;0;0;0;0;0;15;0
Mis;Sequenced conditionals;0;1;1;0;0;1;0;0;0;1;0;0;1;0;0;0;0;0;0;1;0;15;0
Mis;`input()` includes newline;0;1;1;0;0;1;0;0;0;1;0;0;1;0;0;0;0;0;0;0;0;15;0
Mis;Concat with single element;0;1;1;0;0;1;0;0;0;1;0;0;1;0;0;0;0;0;0;0;0;15;0
Mis;Extending strings adds space;0;1;1;0;0;1;0;0;0;1;0;0;1;0;0;0;0;0;0;1;0;15;0
Mis;Variables cannot be assigned twice;0;1;1;0;0;1;0;0;0;1;0;0;1;0;0;0;0;0;0;1;0;15;0
Mis;No `and` on objects;0;1;1;0;0;1;0;0;0;1;0;0;1;0;0;0;0;0;0;0;0;15;0
Mis;`range()` only has one input;0;1;1;0;0;1;0;0;0;1;0;0;1;0;0;0;0;0;0;0;0;15;0
Mis;Linear Order of Operations;0;1;1;0;0;1;0;0;0;1;0;0;1;0;0;0;0;0;0;1;0;15;0
Mis;`%` percentage operator;0;1;1;0;0;1;0;0;0;1;0;0;1;0;0;0;0;0;0;0;0;15;0
Mis;`self` has no value;0;1;1;0;0;1;0;0;0;1;0;0;1;0;0;0;0;0;0;1;0;15;0
Mis;Characters are strings;0;1;1;0;0;1;0;0;0;1;0;0;1;0;0;0;0;0;0;0;0;15;0
Mis;Keyword functions;0;1;1;0;0;1;0;0;0;1;0;0;1;0;0;0;0;0;0;0;0;15;0
Mis;Floating point equality okay;0;1;1;0;0;1;0;0;0;1;0;0;1;0;0;0;0;0;0;1;0;15;0
Mis;Lazy assignment;0;1;1;0;0;1;0;0;0;1;0;0;1;0;0;0;0;0;0;0;0;15;0
Mis;Index -1 is start of list;0;1;1;0;0;1;0;0;0;1;0;0;1;0;0;0;0;0;0;1;0;15;0
Mis;No variable functions;0;1;1;0;0;1;0;0;0;1;0;0;1;0;0;0;0;0;0;1;0;15;0
Mis;Multi-line strings with `' '`;0;1;1;0;0;1;0;0;0;1;0;0;1;0;0;0;0;0;0;1;0;15;0
Mis;No variable methods;0;1;1;0;0;1;0;0;0;1;0;0;1;0;0;0;0;0;0;0;0;15;0
Mis;Iterable repeition multiplies by constant;0;1;1;0;0;1;0;0;0;1;0;0;1;0;0;0;0;0;0;0;0;15;0
Mis;String methods mutate;0;1;1;0;0;1;0;0;0;1;0;0;1;0;0;0;0;0;0;0;0;15;0
Mis;No short circuit;0;1;1;0;0;1;0;0;0;1;0;0;1;0;0;0;0;0;0;1;0;15;0
Mis;Slice exclusive of first index;0;1;1;0;0;1;0;0;0;1;0;0;1;0;0;0;0;0;0;0;0;15;0
Mis;`print()` non-terminating return;0;1;1;0;0;1;0;0;0;1;0;0;1;0;0;0;0;0;0;0;0;15;0
Mis;No floating point limit;0;1;1;0;0;1;0;0;0;1;0;0;1;0;0;0;0;0;0;1;0;15;0
Mis;`>` is `not <`;0;1;1;0;0;1;0;0;0;1;0;0;1;0;0;0;0;0;0;1;0;15;0
Mis;`try` without `except`;0;1;1;0;0;1;0;0;0;1;0;0;1;0;0;0;0;0;0;1;0;15;0
Mis;Inline Function Definition;0;1;1;0;0;1;0;0;0;1;0;0;1;0;0;0;0;0;0;1;0;15;0
Mis;`print()` no newline;0;1;1;0;0;1;0;0;0;1;0;0;1;0;0;0;0;0;0;0;0;15;0
Mis;`range()` starts at 1;0;1;1;0;0;1;0;0;0;1;0;0;1;0;0;0;0;0;0;1;0;15;0
Mis;Blank slice is empty;0;1;1;0;0;1;0;0;0;1;0;0;1;0;0;0;0;0;0;0;0;15;0
Mis;`-` works on strings;0;1;1;0;0;1;0;0;0;1;0;0;1;0;0;0;0;0;0;1;0;15;0
Mis;No constructor method chain;0;1;1;0;0;1;0;0;0;1;0;0;1;0;0;0;0;0;0;0;0;15;0
Mis;`#` is an operator;0;1;1;0;0;1;0;0;0;1;0;0;1;0;0;0;0;0;0;1;0;15;0
Mis;No escape sequences;0;1;1;0;0;1;0;0;0;1;0;0;1;0;0;0;0;0;0;0;0;15;0
Mis;Methods must have input;0;1;1;0;0;1;0;0;0;1;0;0;1;0;0;0;0;0;0;0;0;15;0
Mis;Assignment duplicates;0;1;1;0;0;1;0;0;0;1;0;0;1;0;0;0;0;0;0;0;0;15;0
Mis;`=` comparison;0;1;1;0;0;1;0;0;0;1;0;0;1;0;0;0;0;0;0;1;0;15;0
Mis;No tuple return;0;1;1;0;0;1;0;0;0;1;0;0;1;0;0;0;0;0;0;0;0;15;0
Mis;`for` is `while`;0;1;1;0;0;1;0;0;0;1;0;0;1;0;0;0;0;0;0;0;0;15;0
Mis;Curly brackets stay;0;1;1;0;0;1;0;0;0;1;0;0;1;0;0;0;0;0;0;0;0;15;0
Mis;`/` is modulus;0;1;1;0;0;1;0;0;0;1;0;0;1;0;0;0;0;0;0;1;0;15;0
Mis;No implicit void functions;0;1;1;0;0;1;0;0;0;1;0;0;1;0;0;0;0;0;0;0;0;15;0
Mis;Operators cannot be chained;0;1;1;0;0;1;0;0;0;1;0;0;1;0;0;0;0;0;0;1;0;15;0
Mis;Functions must return;0;1;1;0;0;1;0;0;0;1;0;0;1;0;0;0;0;0;0;0;0;15;0
Mis;No `not` on objects;0;1;1;0;0;1;0;0;0;1;0;0;1;0;0;0;0;0;0;0;0;15;0
Mis;Ternary Boolean return;0;1;1;0;0;1;0;0;0;1;0;0;1;0;0;0;0;0;0;0;0;15;0
Mis;`if` loop;0;1;1;0;0;1;0;0;0;1;0;0;1;0;0;0;0;0;0;1;0;15;0
Mis;`range()` includes the final value;0;1;1;0;0;1;0;0;0;1;0;0;1;0;0;0;0;0;0;0;0;15;0
Mis;Methods can have no arguments;0;1;1;0;0;1;0;0;0;1;0;0;1;0;0;0;0;0;0;0;0;15;0
Mis;No string constructor method chain;0;1;1;0;0;1;0;0;0;1;0;0;1;0;0;0;0;0;0;0;0;15;0
Mis;`return` continues;0;1;1;0;0;1;0;0;0;1;0;0;1;0;0;0;0;0;0;0;0;15;0
Mis;String equality not `==`;0;1;1;0;0;1;0;0;0;1;0;0;1;0;0;0;0;0;0;0;0;15;0
Mis;String repetition adds space;0;1;1;0;0;1;0;0;0;1;0;0;1;0;0;0;0;0;0;0;0;15;0
Mis;Automatic Integer Conversion;0;1;1;0;0;1;0;0;0;1;0;0;1;0;0;0;0;0;0;1;0;15;0
Mis;Slices include last value;0;1;1;0;0;1;0;0;0;1;0;0;1;0;0;0;0;0;0;0;0;15;0
Mis;Integers limit;0;1;1;0;0;1;0;0;0;1;0;0;1;0;0;0;0;0;0;1;0;15;0
Mis;Confused string assignment;0;1;1;0;0;1;0;0;0;1;0;0;1;0;0;0;0;0;0;0;0;15;0
Mis;Lowercase Booleans;0;1;1;0;0;1;0;0;0;1;0;0;1;0;0;0;0;0;0;0;0;15;0
Mis;`pass` is `continue`;0;1;1;0;0;1;0;0;0;1;0;0;1;0;0;0;0;0;0;1;0;15;0
Mis;`print()` returns;0;1;1;0;0;1;0;0;0;1;0;0;1;0;0;0;0;0;0;1;0;15;0
Mis;`print()` only accepts one input;0;1;1;0;0;1;0;0;0;1;0;0;1;0;0;0;0;0;0;0;0;15;0
Mis;Secondary memory data loss;0;1;1;0;0;1;0;0;0;1;0;0;1;0;0;0;0;0;0;1;0;15;0
Mis;Transitive Assignment;0;1;1;0;0;1;0;0;0;1;0;0;1;0;0;0;0;0;0;1;0;15;0
Mis;No literal return;0;1;1;0;0;1;0;0;0;1;0;0;1;0;0;0;0;0;0;0;0;15;0
Mis;`input()` return value;0;1;1;0;0;1;0;0;0;1;0;0;1;0;0;0;0;0;0;1;0;15;0
Mis;Floating point `range()`;0;1;1;0;0;1;0;0;0;1;0;0;1;0;0;0;0;0;0;0;0;15;0
Mis;No `or` on objects;0;1;1;0;0;1;0;0;0;1;0;0;1;0;0;0;0;0;0;0;0;15;0
Mis;`print()` always has a newline;0;1;1;0;0;1;0;0;0;1;0;0;1;0;0;0;0;0;0;0;0;15;0
Mis;`print()` only string;0;1;1;0;0;1;0;0;0;1;0;0;1;0;0;0;0;0;0;0;0;15;0
Mis;`/` is integer division;0;1;1;0;0;1;0;0;0;1;0;0;1;0;0;0;0;0;0;1;0;15;0
Mis;`input()` requires function input;0;1;1;0;0;1;0;0;0;1;0;0;1;0;0;0;0;0;0;0;0;15;0
Mis;No method chain;0;1;1;0;0;1;0;0;0;1;0;0;1;0;0;0;0;0;0;0;0;15;0
Mis;`int()` rounds up floats;0;1;1;0;0;1;0;0;0;1;0;0;1;0;0;0;0;0;0;1;0;15;0
Mis;Multi-line strings with `" "`;0;1;1;0;0;1;0;0;0;1;0;0;1;0;0;0;0;0;0;1;0;15;0
Mis;List concat vector addition;0;1;1;0;0;1;0;0;0;1;0;0;1;0;0;0;0;0;0;1;0;15;0
Mis;`/` works on strings;0;1;1;0;0;1;0;0;0;1;0;0;1;0;0;0;0;0;0;1;0;15;0
Mis;Strings are mutable;0;1;1;0;0;1;0;0;0;1;0;0;1;0;0;0;0;0;0;0;0;15;0
Mis;No loop termination;0;1;1;0;0;1;0;0;0;1;0;0;1;0;0;0;0;0;0;1;0;15;0
Mis;Conditional Boolean return;0;1;1;0;0;1;0;0;0;1;0;0;1;0;0;0;0;0;0;0;0;15;0
Mis;Slices require indices;0;1;1;0;0;1;0;0;0;1;0;0;1;0;0;0;0;0;0;1;0;15;0
Mis;Parenthesized return;0;1;1;0;0;1;0;0;0;1;0;0;1;0;0;0;0;0;0;0;0;15;0
Mis;`%` is division;0;1;1;0;0;1;0;0;0;1;0;0;1;0;0;0;0;0;0;0;0;15;0
Mis;Iterable repetition repeated constant multiplication;0;1;1;0;0;1;0;0;0;1;0;0;1;0;0;0;0;0;0;1;0;15;0
Mis;`//` divides;0;1;1;0;0;1;0;0;0;1;0;0;1;0;0;0;0;0;0;0;0;15;0
Mis;Cannot mix index sign in slice;0;1;1;0;0;1;0;0;0;1;0;0;1;0;0;0;0;0;0;0;0;15;0
Mis;`//` is modulus;0;1;1;0;0;1;0;0;0;1;0;0;1;0;0;0;0;0;0;0;0;15;0
Mis;Slice removes;0;1;1;0;0;1;0;0;0;1;0;0;1;0;0;0;0;0;0;0;0;15;0
Mis;No nesting loops;0;1;1;0;0;1;0;0;0;1;0;0;1;0;0;0;0;0;0;0;0;15;0
Mis;Literals don't have a data type;0;1;1;0;0;1;0;0;0;1;0;0;1;0;0;0;0;0;0;1;0;15;0
Mis;`%` is integer division;0;1;1;0;0;1;0;0;0;1;0;0;1;0;0;0;0;0;0;1;0;15;0
Mis;No formatted string;0;1;1;0;0;1;0;0;0;1;0;0;1;0;0;0;0;0;0;1;0;15;0
Mis;`for` stops before last element;0;1;1;0;0;1;0;0;0;1;0;0;1;0;0;0;0;0;0;1;0;15;0
Mis;`int()` rounds floats;0;1;1;0;0;1;0;0;0;1;0;0;1;0;0;0;0;0;0;0;0;15;0
Mis;Implied repetition over logical operator;0;1;1;0;0;1;0;0;0;1;0;0;1;0;0;0;0;0;0;0;0;15;0
Mis;`for` only with `range()`;0;1;1;0;0;1;0;0;0;1;0;0;1;0;0;0;0;0;0;0;0;15;0
Mis;`while` tests after loop;0;1;1;0;0;1;0;0;0;1;0;0;1;0;0;0;0;0;0;1;0;15;0
Mis;Multi-value return;0;1;1;0;0;1;0;0;0;1;0;0;1;0;0;0;0;0;0;0;0;15;0
Mis;Strings are not objects;0;1;1;0;0;1;0;0;0;1;0;0;1;0;0;0;0;0;0;1;0;15;0
Sphere;`str()` function;0;1;1;0;0;1;0;0;0;1;0;0;1;0;0;0;0;0;0;0;0;15;1;0.9200000000000002
Sphere;Floats;0;1;1;0;0;1;0;0;0;1;0;0;1;0;0;0;0;0;0;0;0;15;1;0.9578947368421054
Sphere;`+=` float operator;0;1;1;0;0;1;0;0;0;1;0;0;1;0;0;0;0;0;0;0;0;15;1;0.8
Sphere;Built-in Functions;0;1;1;0;0;1;0;0;0;1;0;0;1;0;0;0;0;0;0;0;0;15;0;1e-08
Sphere;`+=` integer operator;0;1;1;0;0;1;0;0;0;1;0;0;1;0;0;0;0;0;0;0;0;15;1;0.8
Sphere;Secondary Memory;0;1;1;0;0;1;0;0;0;1;0;0;1;0;0;0;0;0;0;0;0;15;1;0.8
Sphere;`*=` float operator;0;1;1;0;0;1;0;0;0;1;0;0;1;0;0;0;0;0;0;0;0;15;1;0.8
Sphere;Conditionals;0;1;1;0;0;1;0;0;0;1;0;0;1;0;0;0;0;0;0;0;0;15;0;1e-08
Sphere;Addition;0;1;1;0;0;1;0;0;0;1;0;0;1;0;0;0;0;0;0;0;0;15;0;1e-08
Sphere;Compilers;0;1;1;0;0;1;0;0;0;1;0;0;1;0;0;0;0;0;0;0;0;15;1;0.8
Sphere;`range()` function;0;1;1;0;0;1;0;0;0;1;0;0;1;0;0;0;0;0;0;0;0;15;0;1e-08
Sphere;`%=` integer operator;0;1;1;0;0;1;0;0;0;1;0;0;1;0;0;0;0;0;0;0;0;15;1;0.9200000000000002
Sphere;Interpreters;0;1;1;0;0;1;0;0;0;1;0;0;1;0;0;0;0;0;0;0;0;15;1;0.8
Sphere;Booleans;0;1;1;0;0;1;0;0;0;1;0;0;1;0;0;0;0;0;0;0;0;15;1;0.8
Sphere;`%` float operator;0;1;1;0;0;1;0;0;0;1;0;0;1;0;0;0;0;0;0;0;0;15;1;0.9200000000000002
Sphere;`elif` keyword;0;1;1;0;0;1;0;0;0;1;0;0;1;0;0;0;0;0;0;0;0;15;0;1e-08
Sphere;`<=` float operator;0;1;1;0;0;1;0;0;0;1;0;0;1;0;0;0;0;0;0;0;0;15;0;0.8
Sphere;`<` float operator;0;1;1;0;0;1;0;0;0;1;0;0;1;0;0;0;0;0;0;0;0;15;1;0.8
Sphere;Assignment;0;1;1;0;0;1;0;0;0;1;0;0;1;0;0;0;0;0;0;0;0;15;1;0.9636363636363636
Sphere;`continue` keyword;0;1;1;0;0;1;0;0;0;1;0;0;1;0;0;0;0;0;0;0;0;15;0;1e-08
Sphere;`+` string operator;0;1;1;0;0;1;0;0;0;1;0;0;1;0;0;0;0;0;0;0;0;15;1;0.9636363636363636
Sphere;`lower()` method;0;1;1;0;0;1;0;0;0;1;0;0;1;0;0;0;0;0;0;0;0;15;0;0.2
Sphere;`else` keyword;0;1;1;0;0;1;0;0;0;1;0;0;1;0;0;0;0;0;0;0;0;15;0;1e-08
Sphere;`-=` integer operator;0;1;1;0;0;1;0;0;0;1;0;0;1;0;0;0;0;0;0;0;0;15;1;0.8
Sphere;`or` operator;0;1;1;0;0;1;0;0;0;1;0;0;1;0;0;0;0;0;0;0;0;15;1;0.8
Sphere;`!=` float operator;0;1;1;0;0;1;0;0;0;1;0;0;1;0;0;0;0;0;0;0;0;15;0;0.8
Sphere;`<` string operator;0;1;1;0;0;1;0;0;0;1;0;0;1;0;0;0;0;0;0;0;0;15;0;0.2
Sphere;`<` integer operator;0;1;1;0;0;1;0;0;0;1;0;0;1;0;0;0;0;0;0;0;0;15;1;0.8
Sphere;Floating point equality;0;1;1;0;0;1;0;0;0;1;0;0;1;0;0;0;0;0;0;0;0;15;1;0.8
Sphere;Comparison;0;1;1;0;0;1;0;0;0;1;0;0;1;0;0;0;0;0;0;0;0;15;0;1e-08
Sphere;`type()` function;0;1;1;0;0;1;0;0;0;1;0;0;1;0;0;0;0;0;0;0;0;15;1;0.9714285714285715
Sphere;Functions;0;1;1;0;0;1;0;0;0;1;0;0;1;0;0;0;0;0;0;0;0;15;1;0.9636363636363636
Sphere;Contracted `if`;0;1;1;0;0;1;0;0;0;1;0;0;1;0;0;0;0;0;0;0;0;15;0;1e-08
Sphere;Automatic Conversion;0;1;1;0;0;1;0;0;0;1;0;0;1;0;0;0;0;0;0;0;0;15;1;0.9578947368421054
Sphere;`+` float operator;0;1;1;0;0;1;0;0;0;1;0;0;1;0;0;0;0;0;0;0;0;15;1;0.8857142857142859
Sphere;`>=` integer operator;0;1;1;0;0;1;0;0;0;1;0;0;1;0;0;0;0;0;0;0;0;15;0;0.8
Sphere;`break` keyword;0;1;1;0;0;1;0;0;0;1;0;0;1;0;0;0;0;0;0;0;0;15;0;1e-08
Sphere;CPU functionality;0;1;1;0;0;1;0;0;0;1;0;0;1;0;0;0;0;0;0;0;0;15;1;0.8
Sphere;Self Assignment;0;1;1;0;0;1;0;0;0;1;0;0;1;0;0;0;0;0;0;0;0;15;1;0.9384615384615385
Sphere;`*=` integer operator;0;1;1;0;0;1;0;0;0;1;0;0;1;0;0;0;0;0;0;0;0;15;1;0.8
Sphere;`//` float operator;0;1;1;0;0;1;0;0;0;1;0;0;1;0;0;0;0;0;0;0;0;15;1;0.9200000000000002
Sphere;`' '` constructor;0;1;1;0;0;1;0;0;0;1;0;0;1;0;0;0;0;0;0;0;0;15;1;0.9636363636363636
Sphere;`""" """` constructor;0;1;1;0;0;1;0;0;0;1;0;0;1;0;0;0;0;0;0;0;0;15;0;0.2
Sphere;`join()` method;0;1;1;0;0;1;0;0;0;1;0;0;1;0;0;0;0;0;0;0;0;15;0;1e-08
Sphere;`/` integer operator;0;1;1;0;0;1;0;0;0;1;0;0;1;0;0;0;0;0;0;0;0;15;1;0.9578947368421054
Sphere;Repetition;0;1;1;0;0;1;0;0;0;1;0;0;1;0;0;0;0;0;0;0;0;15;0;1e-08
Sphere;`//=` float operator;0;1;1;0;0;1;0;0;0;1;0;0;1;0;0;0;0;0;0;0;0;15;1;0.9200000000000002
Sphere;Control Flow;0;1;1;0;0;1;0;0;0;1;0;0;1;0;0;0;0;0;0;0;0;15;0;1e-08
Sphere;Loops;0;1;1;0;0;1;0;0;0;1;0;0;1;0;0;0;0;0;0;0;0;15;0;1e-08
Sphere;Integers;0;1;1;0;0;1;0;0;0;1;0;0;1;0;0;0;0;0;0;0;0;15;1;0.9714285714285715
Sphere;`%=` float operator;0;1;1;0;0;1;0;0;0;1;0;0;1;0;0;0;0;0;0;0;0;15;1;0.9200000000000002
Sphere;Concatenation;0;1;1;0;0;1;0;0;0;1;0;0;1;0;0;0;0;0;0;0;0;15;0;1e-08
Sphere;`*` string operator;0;1;1;0;0;1;0;0;0;1;0;0;1;0;0;0;0;0;0;0;0;15;0;0.2
Sphere;`-=` float operator;0;1;1;0;0;1;0;0;0;1;0;0;1;0;0;0;0;0;0;0;0;15;1;0.8
Sphere;`//` integer operator;0;1;1;0;0;1;0;0;0;1;0;0;1;0;0;0;0;0;0;0;0;15;1;0.9714285714285715
Sphere;`*` float operator;0;1;1;0;0;1;0;0;0;1;0;0;1;0;0;0;0;0;0;0;0;15;1;0.8857142857142859
Sphere;Atomic Data Types;0;1;1;0;0;1;0;0;0;1;0;0;1;0;0;0;0;0;0;0;0;15;0;1e-08
Sphere;Subtraction;0;1;1;0;0;1;0;0;0;1;0;0;1;0;0;0;0;0;0;0;0;15;0;1e-08
Sphere;Type Casting;0;1;1;0;0;1;0;0;0;1;0;0;1;0;0;0;0;0;0;0;0;15;0;1e-08
Sphere;`not` operator;0;1;1;0;0;1;0;0;0;1;0;0;1;0;0;0;0;0;0;0;0;15;1;0.8
Sphere;String Slicing;0;1;1;0;0;1;0;0;0;1;0;0;1;0;0;0;0;0;0;0;0;15;0;0.2
Sphere;`and` operator;0;1;1;0;0;1;0;0;0;1;0;0;1;0;0;0;0;0;0;0;0;15;1;0.8
Sphere;`/=` integer operator;0;1;1;0;0;1;0;0;0;1;0;0;1;0;0;0;0;0;0;0;0;15;1;0.8
Sphere;Multiplication;0;1;1;0;0;1;0;0;0;1;0;0;1;0;0;0;0;0;0;0;0;15;0;1e-08
Sphere;`*` integer operator;0;1;1;0;0;1;0;0;0;1;0;0;1;0;0;0;0;0;0;0;0;15;1;0.9714285714285715
Sphere;`input()` function;0;1;1;0;0;1;0;0;0;1;0;0;1;0;0;0;0;0;0;0;0;15;1;0.9714285714285715
Sphere;`return` keyword;0;1;1;0;0;1;0;0;0;1;0;0;1;0;0;0;0;0;0;0;0;15;0;1e-08
Sphere;Indexing;0;1;1;0;0;1;0;0;0;1;0;0;1;0;0;0;0;0;0;0;0;15;0;1e-08
Sphere;Ordered Data Structures;0;1;1;0;0;1;0;0;0;1;0;0;1;0;0;0;0;0;0;0;0;15;0;1e-08
Sphere;`+` integer operator;0;1;1;0;0;1;0;0;0;1;0;0;1;0;0;0;0;0;0;0;0;15;1;0.9714285714285715
Sphere;Formatted Strings;0;1;1;0;0;1;0;0;0;1;0;0;1;0;0;0;0;0;0;0;0;15;0;0.2
Sphere;Division;0;1;1;0;0;1;0;0;0;1;0;0;1;0;0;0;0;0;0;0;0;15;0;1e-08
Sphere;`if` keyword;0;1;1;0;0;1;0;0;0;1;0;0;1;0;0;0;0;0;0;0;0;15;0;1e-08
Sphere;Equality;0;1;1;0;0;1;0;0;0;1;0;0;1;0;0;0;0;0;0;0;0;15;0;1e-08
Sphere;Strings;0;1;1;0;0;1;0;0;0;1;0;0;1;0;0;0;0;0;0;0;0;15;1;0.9714285714285715
Sphere;`==` integer operator;0;1;1;0;0;1;0;0;0;1;0;0;1;0;0;0;0;0;0;0;0;15;1;0.8
Sphere;`-` integer operator;0;1;1;0;0;1;0;0;0;1;0;0;1;0;0;0;0;0;0;0;0;15;1;0.9714285714285715
Sphere;`!=` string operator;0;1;1;0;0;1;0;0;0;1;0;0;1;0;0;0;0;0;0;0;0;15;0;0.2
Sphere;String Indexing;0;1;1;0;0;1;0;0;0;1;0;0;1;0;0;0;0;0;0;0;0;15;0;0.2
Sphere;Operator Chaining;0;1;1;0;0;1;0;0;0;1;0;0;1;0;0;0;0;0;0;0;0;15;1;0.9714285714285715
Sphere;Comments;0;1;1;0;0;1;0;0;0;1;0;0;1;0;0;0;0;0;0;0;0;15;1;0.8857142857142859
Sphere;`/` float operator;0;1;1;0;0;1;0;0;0;1;0;0;1;0;0;0;0;0;0;0;0;15;1;0.8857142857142859
Sphere;`upper()` method;0;1;1;0;0;1;0;0;0;1;0;0;1;0;0;0;0;0;0;0;0;15;0;0.2
Sphere;`try` keyword;0;1;1;0;0;1;0;0;0;1;0;0;1;0;0;0;0;0;0;0;0;15;0;1e-08
Sphere;`>` float operator;0;1;1;0;0;1;0;0;0;1;0;0;1;0;0;0;0;0;0;0;0;15;1;0.8
Sphere;`==` string operator;0;1;1;0;0;1;0;0;0;1;0;0;1;0;0;0;0;0;0;0;0;15;0;0.2
Sphere;`for` loops;0;1;1;0;0;1;0;0;0;1;0;0;1;0;0;0;0;0;0;0;0;15;0;1e-08
Sphere;`" "` constructor;0;1;1;0;0;1;0;0;0;1;0;0;1;0;0;0;0;0;0;0;0;15;1;0.9636363636363636
Sphere;`int()` function;0;1;1;0;0;1;0;0;0;1;0;0;1;0;0;0;0;0;0;0;0;15;1;0.9578947368421054
Sphere;`replace()` method;0;1;1;0;0;1;0;0;0;1;0;0;1;0;0;0;0;0;0;0;0;15;0;0.2
Sphere;Integer Division;0;1;1;0;0;1;0;0;0;1;0;0;1;0;0;0;0;0;0;0;0;15;0;1e-08
Sphere;`%` integer operator;0;1;1;0;0;1;0;0;0;1;0;0;1;0;0;0;0;0;0;0;0;15;1;0.9714285714285715
Sphere;`print()` function;0;1;1;0;0;1;0;0;0;1;0;0;1;0;0;0;0;0;0;0;0;15;1;0.9714285714285715
Sphere;Order of Operations;0;1;1;0;0;1;0;0;0;1;0;0;1;0;0;0;0;0;0;0;0;15;1;0.9714285714285715
Sphere;`len()` string function;0;1;1;0;0;1;0;0;0;1;0;0;1;0;0;0;0;0;0;0;0;15;0;0.2
Sphere;`<=` integer operator;0;1;1;0;0;1;0;0;0;1;0;0;1;0;0;0;0;0;0;0;0;15;1;0.8
Sphere;RAM functionality;0;1;1;0;0;1;0;0;0;1;0;0;1;0;0;0;0;0;0;0;0;15;1;0.8
Sphere;`>` string operator;0;1;1;0;0;1;0;0;0;1;0;0;1;0;0;0;0;0;0;0;0;15;0;0.2
Sphere;`/=` float operator;0;1;1;0;0;1;0;0;0;1;0;0;1;0;0;0;0;0;0;0;0;15;1;0.8
Sphere;`-` float operator;0;1;1;0;0;1;0;0;0;1;0;0;1;0;0;0;0;0;0;0;0;15;1;0.8857142857142859
Sphere;`float()` function;0;1;1;0;0;1;0;0;0;1;0;0;1;0;0;0;0;0;0;0;0;15;1;0.9384615384615385
Sphere;Slicing;0;1;1;0;0;1;0;0;0;1;0;0;1;0;0;0;0;0;0;0;0;15;0;1e-08
Sphere;`=` operator;0;1;1;0;0;1;0;0;0;1;0;0;1;0;0;0;0;0;0;0;0;15;1;0.9741935483870969
Sphere;Modulus;0;1;1;0;0;1;0;0;0;1;0;0;1;0;0;0;0;0;0;0;0;15;0;1e-08
Sphere;`!=` integer operator;0;1;1;0;0;1;0;0;0;1;0;0;1;0;0;0;0;0;0;0;0;15;1;0.8
Sphere;`>` integer operator;0;1;1;0;0;1;0;0;0;1;0;0;1;0;0;0;0;0;0;0;0;15;1;0.8
Sphere;`while` loops;0;1;1;0;0;1;0;0;0;1;0;0;1;0;0;0;0;0;0;0;0;15;0;1e-08
Sphere;Methods;0;1;1;0;0;1;0;0;0;1;0;0;1;0;0;0;0;0;0;0;0;15;0;1e-08
Sphere;`>=` float operator;0;1;1;0;0;1;0;0;0;1;0;0;1;0;0;0;0;0;0;0;0;15;1;0.8
Sphere;Machine Code;0;1;1;0;0;1;0;0;0;1;0;0;1;0;0;0;0;0;0;0;0;15;1;0.8
Sphere;Variables;0;1;1;0;0;1;0;0;0;1;0;0;1;0;0;0;0;0;0;0;0;15;1;0.9764705882352942
Sphere;Program Definition;0;1;1;0;0;1;0;0;0;1;0;0;1;0;0;0;0;0;0;0;0;15;1;0.8
Sphere;`//=` integer operator;0;1;1;0;0;1;0;0;0;1;0;0;1;0;0;0;0;0;0;0;0;15;1;0.9200000000000002
Sphere;`def` constructor;0;1;1;0;0;1;0;0;0;1;0;0;1;0;0;0;0;0;0;0;0;15;1;0.9636363636363636
Sphere;`capitalize()` method;0;1;1;0;0;1;0;0;0;1;0;0;1;0;0;0;0;0;0;0;0;15;0;1e-08
==::==::==
Question;81;0
Question;20;0
Question;5;0
Question;18;0
Question;8;0
Question;53;0
Question;84;0
Question;11;0
Question;83;0
Question;9;0
Question;93;0
Question;15;0
Question;82;0
Question;85;0
Question;91;0
Question;19;0
Question;79;0
Question;48;0
Question;17;0
Question;12;0
Question;90;0
Question;14;0
Question;13;0
Question;7;0
Answer;58;0
Answer;305;0
Answer;315;0
Answer;50;0
Answer;21;0
Answer;27;0
Answer;209;0
Answer;217;0
Answer;210;0
Answer;56;0
Answer;218;0
Answer;213;0
Answer;316;0
Answer;304;0
Answer;223;0
Answer;314;0
Answer;130;0
Answer;61;0
Answer;36;0
Answer;220;0
Answer;216;0
Answer;208;0
Answer;211;0
Answer;225;0
Answer;33;0
Answer;49;0
Answer;141;0
Answer;224;0
Answer;206;0
Answer;19;0
Answer;37;0
Answer;303;0
Answer;222;0
Answer;42;0
Answer;47;0
Answer;57;0
Answer;214;0
Answer;29;0
Answer;215;0
Answer;53;0
Answer;219;0
Answer;277;0
Answer;44;0
Answer;32;0
Answer;28;0
Answer;221;0
Answer;43;0
Answer;48;0
Answer;46;0
Answer;201;0
Answer;131;0
Answer;308;0
Answer;307;0
Answer;200;0
Answer;51;0
Answer;35;0
Answer;54;0
Answer;60;0
Answer;64;0
Answer;30;0
Answer;198;0
Answer;20;0
Answer;18;0
Answer;31;0
Answer;63;0
Answer;199;0
Answer;45;0
Answer;313;0
Answer;207;0
Answer;212;0
Answer;62;0
Answer;306;0
Answer;34;0
Answer;55;0
Answer;26;0
Answer;52;0
Answer;276;0
Answer;-1;0
Mis;`<` is `not >`;0;1;1;0;0;1;0;0;0;1;0;0;1;0;0;0;1;0;0;1;0;16;0
Mis;Backwards chaining;0;1;1;0;0;1;0;0;0;1;0;0;1;0;0;0;1;0;0;0;0;16;0
Mis;`print()` needs input;0;1;1;0;0;1;0;0;0;1;0;0;1;0;0;0;1;0;0;0;0;16;0
Mis;Blank last slice non-inclusive;0;1;1;0;0;1;0;0;0;1;0;0;1;0;0;0;1;0;0;0;0;16;0
Mis;Return frame bypass;0;1;1;0;0;1;0;0;0;1;0;0;1;0;0;0;1;0;0;0;0;16;0
Mis;Functions must have input;0;1;1;0;0;1;0;0;0;1;0;0;1;0;0;0;1;0;0;0;0;16;0
Mis;No Boolean literals;0;1;1;0;0;1;0;0;0;1;0;0;1;0;0;0;1;0;0;1;0;16;0
Mis;String equality isn't case sensitive;0;1;1;0;0;1;0;0;0;1;0;0;1;0;0;0;1;0;0;1;0;16;0
Mis;Single letter variables;0;1;1;0;0;1;0;0;0;1;0;0;1;0;0;0;1;0;0;0;0;16;0
Mis;`return` on `def` indentation level;0;1;1;0;0;1;0;0;0;1;0;0;1;0;0;0;1;0;0;1;0;16;0
Mis;Iterable repetition interleaves;0;1;1;0;0;1;0;0;0;1;0;0;1;0;0;0;1;0;0;0;0;16;0
Mis;Sequenced conditionals;0;1;1;0;0;1;0;0;0;1;0;0;1;0;0;0;1;0;0;1;0;16;0
Mis;`input()` includes newline;0;1;1;0;0;1;0;0;0;1;0;0;1;0;0;0;1;0;0;0;0;16;0
Mis;Concat with single element;0;1;1;0;0;1;0;0;0;1;0;0;1;0;0;0;1;0;0;0;0;16;0
Mis;Extending strings adds space;0;1;1;0;0;1;0;0;0;1;0;0;1;0;0;0;1;0;0;1;0;16;0
Mis;Variables cannot be assigned twice;0;1;1;0;0;1;0;0;0;1;0;0;1;0;0;0;1;0;0;1;0;16;0
Mis;No `and` on objects;0;1;1;0;0;1;0;0;0;1;0;0;1;0;0;0;1;0;0;0;0;16;0
Mis;`range()` only has one input;0;1;1;0;0;1;0;0;0;1;0;0;1;0;0;0;1;0;0;0;0;16;0
Mis;Linear Order of Operations;0;1;1;0;0;1;0;0;0;1;0;0;1;0;0;0;1;0;0;1;0;16;0
Mis;`%` percentage operator;0;1;1;0;0;1;0;0;0;1;0;0;1;0;0;0;1;0;0;0;0;16;0
Mis;`self` has no value;0;1;1;0;0;1;0;0;0;1;0;0;1;0;0;0;1;0;0;1;0;16;0
Mis;Characters are strings;0;1;1;0;0;1;0;0;0;1;0;0;1;0;0;0;1;0;0;0;0;16;0
Mis;Keyword functions;0;1;1;0;0;1;0;0;0;1;0;0;1;0;0;0;1;0;0;0;0;16;0
Mis;Floating point equality okay;0;1;1;0;0;1;0;0;0;1;0;0;1;0;0;0;1;0;0;1;0;16;0
Mis;Lazy assignment;0;1;1;0;0;1;0;0;0;1;0;0;1;0;0;0;1;0;0;0;0;16;0
Mis;Index -1 is start of list;0;1;1;0;0;1;0;0;0;1;0;0;1;0;0;0;1;0;0;1;0;16;0
Mis;No variable functions;0;1;1;0;0;1;0;0;0;1;0;0;1;0;0;0;1;0;0;1;0;16;0
Mis;Multi-line strings with `' '`;0;1;1;0;0;1;0;0;0;1;0;0;1;0;0;0;1;0;0;1;0;16;0
Mis;No variable methods;0;1;1;0;0;1;0;0;0;1;0;0;1;0;0;0;1;0;0;0;0;16;0
Mis;Iterable repeition multiplies by constant;0;1;1;0;0;1;0;0;0;1;0;0;1;0;0;0;1;0;0;0;0;16;0
Mis;String methods mutate;0;1;1;0;0;1;0;0;0;1;0;0;1;0;0;0;1;0;0;0;0;16;0
Mis;No short circuit;0;1;1;0;0;1;0;0;0;1;0;0;1;0;0;0;1;0;0;1;0;16;0
Mis;Slice exclusive of first index;0;1;1;0;0;1;0;0;0;1;0;0;1;0;0;0;1;0;0;0;0;16;0
Mis;`print()` non-terminating return;0;1;1;0;0;1;0;0;0;1;0;0;1;0;0;0;1;0;0;0;0;16;0
Mis;No floating point limit;0;1;1;0;0;1;0;0;0;1;0;0;1;0;0;0;1;0;0;1;0;16;0
Mis;`>` is `not <`;0;1;1;0;0;1;0;0;0;1;0;0;1;0;0;0;1;0;0;1;0;16;0
Mis;`try` without `except`;0;1;1;0;0;1;0;0;0;1;0;0;1;0;0;0;1;0;0;1;0;16;0
Mis;Inline Function Definition;0;1;1;0;0;1;0;0;0;1;0;0;1;0;0;0;1;0;0;1;0;16;0
Mis;`print()` no newline;0;1;1;0;0;1;0;0;0;1;0;0;1;0;0;0;1;0;0;0;0;16;0
Mis;`range()` starts at 1;0;1;1;0;0;1;0;0;0;1;0;0;1;0;0;0;1;0;0;1;0;16;0
Mis;Blank slice is empty;0;1;1;0;0;1;0;0;0;1;0;0;1;0;0;0;1;0;0;0;0;16;0
Mis;`-` works on strings;0;1;1;0;0;1;0;0;0;1;0;0;1;0;0;0;1;0;0;1;0;16;0
Mis;No constructor method chain;0;1;1;0;0;1;0;0;0;1;0;0;1;0;0;0;1;0;0;0;0;16;0
Mis;`#` is an operator;0;1;1;0;0;1;0;0;0;1;0;0;1;0;0;0;1;0;0;1;0;16;0
Mis;No escape sequences;0;1;1;0;0;1;0;0;0;1;0;0;1;0;0;0;1;0;0;0;0;16;0
Mis;Methods must have input;0;1;1;0;0;1;0;0;0;1;0;0;1;0;0;0;1;0;0;0;0;16;0
Mis;Assignment duplicates;0;1;1;0;0;1;0;0;0;1;0;0;1;0;0;0;1;0;0;0;0;16;0
Mis;`=` comparison;0;1;1;0;0;1;0;0;0;1;0;0;1;0;0;0;1;0;0;1;0;16;0
Mis;No tuple return;0;1;1;0;0;1;0;0;0;1;0;0;1;0;0;0;1;0;0;0;0;16;0
Mis;`for` is `while`;0;1;1;0;0;1;0;0;0;1;0;0;1;0;0;0;1;0;0;0;0;16;0
Mis;Curly brackets stay;0;1;1;0;0;1;0;0;0;1;0;0;1;0;0;0;1;0;0;0;0;16;0
Mis;`/` is modulus;0;1;1;0;0;1;0;0;0;1;0;0;1;0;0;0;1;0;0;1;0;16;0
Mis;No implicit void functions;0;1;1;0;0;1;0;0;0;1;0;0;1;0;0;0;1;0;0;0;0;16;0
Mis;Operators cannot be chained;0;1;1;0;0;1;0;0;0;1;0;0;1;0;0;0;1;0;0;1;0;16;0
Mis;Functions must return;0;1;1;0;0;1;0;0;0;1;0;0;1;0;0;0;1;0;0;0;0;16;0
Mis;No `not` on objects;0;1;1;0;0;1;0;0;0;1;0;0;1;0;0;0;1;0;0;0;0;16;0
Mis;Ternary Boolean return;0;1;1;0;0;1;0;0;0;1;0;0;1;0;0;0;1;0;0;0;0;16;0
Mis;`if` loop;0;1;1;0;0;1;0;0;0;1;0;0;1;0;0;0;1;0;0;1;0;16;0
Mis;`range()` includes the final value;0;1;1;0;0;1;0;0;0;1;0;0;1;0;0;0;1;0;0;0;0;16;0
Mis;Methods can have no arguments;0;1;1;0;0;1;0;0;0;1;0;0;1;0;0;0;1;0;0;0;0;16;0
Mis;No string constructor method chain;0;1;1;0;0;1;0;0;0;1;0;0;1;0;0;0;1;0;0;0;0;16;0
Mis;`return` continues;0;1;1;0;0;1;0;0;0;1;0;0;1;0;0;0;1;0;0;0;0;16;0
Mis;String equality not `==`;0;1;1;0;0;1;0;0;0;1;0;0;1;0;0;0;1;0;0;0;0;16;0
Mis;String repetition adds space;0;1;1;0;0;1;0;0;0;1;0;0;1;0;0;0;1;0;0;0;0;16;0
Mis;Automatic Integer Conversion;0;1;1;0;0;1;0;0;0;1;0;0;1;0;0;0;1;0;0;1;0;16;0
Mis;Slices include last value;0;1;1;0;0;1;0;0;0;1;0;0;1;0;0;0;1;0;0;0;0;16;0
Mis;Integers limit;0;1;1;0;0;1;0;0;0;1;0;0;1;0;0;0;1;0;0;1;0;16;0
Mis;Confused string assignment;0;1;1;0;0;1;0;0;0;1;0;0;1;0;0;0;1;0;0;0;0;16;0
Mis;Lowercase Booleans;0;1;1;0;0;1;0;0;0;1;0;0;1;0;0;0;1;0;0;0;0;16;0
Mis;`pass` is `continue`;0;1;1;0;0;1;0;0;0;1;0;0;1;0;0;0;1;0;0;1;0;16;0
Mis;`print()` returns;0;1;1;0;0;1;0;0;0;1;0;0;1;0;0;0;1;0;0;1;0;16;0
Mis;`print()` only accepts one input;0;1;1;0;0;1;0;0;0;1;0;0;1;0;0;0;1;0;0;0;0;16;0
Mis;Secondary memory data loss;0;1;1;0;0;1;0;0;0;1;0;0;1;0;0;0;1;0;0;1;0;16;0
Mis;Transitive Assignment;0;1;1;0;0;1;0;0;0;1;0;0;1;0;0;0;1;0;0;1;0;16;0
Mis;No literal return;0;1;1;0;0;1;0;0;0;1;0;0;1;0;0;0;1;0;0;0;0;16;0
Mis;`input()` return value;0;1;1;0;0;1;0;0;0;1;0;0;1;0;0;0;1;0;0;1;0;16;0
Mis;Floating point `range()`;0;1;1;0;0;1;0;0;0;1;0;0;1;0;0;0;1;0;0;0;0;16;0
Mis;No `or` on objects;0;1;1;0;0;1;0;0;0;1;0;0;1;0;0;0;1;0;0;0;0;16;0
Mis;`print()` always has a newline;0;1;1;0;0;1;0;0;0;1;0;0;1;0;0;0;1;0;0;0;0;16;0
Mis;`print()` only string;0;1;1;0;0;1;0;0;0;1;0;0;1;0;0;0;1;0;0;0;0;16;0
Mis;`/` is integer division;0;1;1;0;0;1;0;0;0;1;0;0;1;0;0;0;1;0;0;1;0;16;0
Mis;`input()` requires function input;0;1;1;0;0;1;0;0;0;1;0;0;1;0;0;0;1;0;0;0;0;16;0
Mis;No method chain;0;1;1;0;0;1;0;0;0;1;0;0;1;0;0;0;1;0;0;0;0;16;0
Mis;`int()` rounds up floats;0;1;1;0;0;1;0;0;0;1;0;0;1;0;0;0;1;0;0;1;0;16;0
Mis;Multi-line strings with `" "`;0;1;1;0;0;1;0;0;0;1;0;0;1;0;0;0;1;0;0;1;0;16;0
Mis;List concat vector addition;0;1;1;0;0;1;0;0;0;1;0;0;1;0;0;0;1;0;0;1;0;16;0
Mis;`/` works on strings;0;1;1;0;0;1;0;0;0;1;0;0;1;0;0;0;1;0;0;1;0;16;0
Mis;Strings are mutable;0;1;1;0;0;1;0;0;0;1;0;0;1;0;0;0;1;0;0;0;0;16;0
Mis;No loop termination;0;1;1;0;0;1;0;0;0;1;0;0;1;0;0;0;1;0;0;1;0;16;0
Mis;Conditional Boolean return;0;1;1;0;0;1;0;0;0;1;0;0;1;0;0;0;1;0;0;0;0;16;0
Mis;Slices require indices;0;1;1;0;0;1;0;0;0;1;0;0;1;0;0;0;1;0;0;1;0;16;0
Mis;Parenthesized return;0;1;1;0;0;1;0;0;0;1;0;0;1;0;0;0;1;0;0;0;0;16;0
Mis;`%` is division;0;1;1;0;0;1;0;0;0;1;0;0;1;0;0;0;1;0;0;0;0;16;0
Mis;Iterable repetition repeated constant multiplication;0;1;1;0;0;1;0;0;0;1;0;0;1;0;0;0;1;0;0;1;0;16;0
Mis;`//` divides;0;1;1;0;0;1;0;0;0;1;0;0;1;0;0;0;1;0;0;0;0;16;0
Mis;Cannot mix index sign in slice;0;1;1;0;0;1;0;0;0;1;0;0;1;0;0;0;1;0;0;0;0;16;0
Mis;`//` is modulus;0;1;1;0;0;1;0;0;0;1;0;0;1;0;0;0;1;0;0;0;0;16;0
Mis;Slice removes;0;1;1;0;0;1;0;0;0;1;0;0;1;0;0;0;1;0;0;0;0;16;0
Mis;No nesting loops;0;1;1;0;0;1;0;0;0;1;0;0;1;0;0;0;1;0;0;0;0;16;0
Mis;Literals don't have a data type;0;1;1;0;0;1;0;0;0;1;0;0;1;0;0;0;1;0;0;1;0;16;0
Mis;`%` is integer division;0;1;1;0;0;1;0;0;0;1;0;0;1;0;0;0;1;0;0;1;0;16;0
Mis;No formatted string;0;1;1;0;0;1;0;0;0;1;0;0;1;0;0;0;1;0;0;1;0;16;0
Mis;`for` stops before last element;0;1;1;0;0;1;0;0;0;1;0;0;1;0;0;0;1;0;0;1;0;16;0
Mis;`int()` rounds floats;0;1;1;0;0;1;0;0;0;1;0;0;1;0;0;0;1;0;0;0;0;16;0
Mis;Implied repetition over logical operator;0;1;1;0;0;1;0;0;0;1;0;0;1;0;0;0;1;0;0;0;0;16;0
Mis;`for` only with `range()`;0;1;1;0;0;1;0;0;0;1;0;0;1;0;0;0;1;0;0;0;0;16;0
Mis;`while` tests after loop;0;1;1;0;0;1;0;0;0;1;0;0;1;0;0;0;1;0;0;1;0;16;0
Mis;Multi-value return;0;1;1;0;0;1;0;0;0;1;0;0;1;0;0;0;1;0;0;0;0;16;0
Mis;Strings are not objects;0;1;1;0;0;1;0;0;0;1;0;0;1;0;0;0;1;0;0;1;0;16;0
Sphere;Floats;0;1;1;0;0;1;0;0;0;1;0;0;1;0;0;0;1;0;0;1;0;16;1;0.9764705882352942
Sphere;`+` integer operator;0;1;1;0;0;1;0;0;0;1;0;0;1;0;0;0;1;0;0;1;0;16;1;0.9764705882352942
Sphere;`+=` integer operator;0;1;1;0;0;1;0;0;0;1;0;0;1;0;0;0;1;0;0;1;0;16;1;0.9764705882352942
Sphere;`==` integer operator;0;1;1;0;0;1;0;0;0;1;0;0;1;0;0;0;1;0;0;1;0;16;1;0.9764705882352942
Sphere;`-` integer operator;0;1;1;0;0;1;0;0;0;1;0;0;1;0;0;0;1;0;0;1;0;16;1;0.9764705882352942
Sphere;Booleans;0;1;1;0;0;1;0;0;0;1;0;0;1;0;0;0;1;0;0;1;0;16;1;0.9764705882352942
Sphere;Operator Chaining;0;1;1;0;0;1;0;0;0;1;0;0;1;0;0;0;1;0;0;1;0;16;1;0.9764705882352942
Sphere;Assignment;0;1;1;0;0;1;0;0;0;1;0;0;1;0;0;0;1;0;0;1;0;16;1;0.9764705882352942
Sphere;`>` float operator;0;1;1;0;0;1;0;0;0;1;0;0;1;0;0;0;1;0;0;1;0;16;1;0.9764705882352942
Sphere;Functions;0;1;1;0;0;1;0;0;0;1;0;0;1;0;0;0;1;0;0;1;0;16;1;0.9764705882352942
Sphere;Order of Operations;0;1;1;0;0;1;0;0;0;1;0;0;1;0;0;0;1;0;0;1;0;16;1;0.9764705882352942
Sphere;`+` float operator;0;1;1;0;0;1;0;0;0;1;0;0;1;0;0;0;1;0;0;1;0;16;1;0.9764705882352942
Sphere;`>=` integer operator;0;1;1;0;0;1;0;0;0;1;0;0;1;0;0;0;1;0;0;1;0;16;1;0.9764705882352942
Sphere;`-` float operator;0;1;1;0;0;1;0;0;0;1;0;0;1;0;0;0;1;0;0;1;0;16;1;0.9764705882352942
Sphere;Integers;0;1;1;0;0;1;0;0;0;1;0;0;1;0;0;0;1;0;0;1;0;16;1;0.9764705882352942
Sphere;`=` operator;0;1;1;0;0;1;0;0;0;1;0;0;1;0;0;0;1;0;0;1;0;16;1;0.9764705882352942
Sphere;`>` integer operator;0;1;1;0;0;1;0;0;0;1;0;0;1;0;0;0;1;0;0;1;0;16;1;0.9764705882352942
Sphere;`*` float operator;0;1;1;0;0;1;0;0;0;1;0;0;1;0;0;0;1;0;0;1;0;16;1;0.9764705882352942
Sphere;Variables;0;1;1;0;0;1;0;0;0;1;0;0;1;0;0;0;1;0;0;1;0;16;1;0.9783783783783784
Sphere;`def` constructor;0;1;1;0;0;1;0;0;0;1;0;0;1;0;0;0;1;0;0;1;0;16;1;0.9764705882352942
Sphere;`str()` function;0;1;1;0;0;1;0;0;0;1;0;0;1;0;0;0;1;0;0;0;0;16;1;0.9200000000000002
Sphere;`+=` float operator;0;1;1;0;0;1;0;0;0;1;0;0;1;0;0;0;1;0;0;0;0;16;1;0.8
Sphere;Built-in Functions;0;1;1;0;0;1;0;0;0;1;0;0;1;0;0;0;1;0;0;0;0;16;0;1e-08
Sphere;Secondary Memory;0;1;1;0;0;1;0;0;0;1;0;0;1;0;0;0;1;0;0;0;0;16;1;0.8
Sphere;`*=` float operator;0;1;1;0;0;1;0;0;0;1;0;0;1;0;0;0;1;0;0;0;0;16;1;0.8
Sphere;Conditionals;0;1;1;0;0;1;0;0;0;1;0;0;1;0;0;0;1;0;0;0;0;16;0;1e-08
Sphere;Addition;0;1;1;0;0;1;0;0;0;1;0;0;1;0;0;0;1;0;0;0;0;16;0;1e-08
Sphere;Compilers;0;1;1;0;0;1;0;0;0;1;0;0;1;0;0;0;1;0;0;0;0;16;1;0.8
Sphere;`range()` function;0;1;1;0;0;1;0;0;0;1;0;0;1;0;0;0;1;0;0;0;0;16;0;1e-08
Sphere;`%=` integer operator;0;1;1;0;0;1;0;0;0;1;0;0;1;0;0;0;1;0;0;0;0;16;1;0.9200000000000002
Sphere;Interpreters;0;1;1;0;0;1;0;0;0;1;0;0;1;0;0;0;1;0;0;0;0;16;1;0.8
Sphere;`%` float operator;0;1;1;0;0;1;0;0;0;1;0;0;1;0;0;0;1;0;0;0;0;16;1;0.9200000000000002
Sphere;`elif` keyword;0;1;1;0;0;1;0;0;0;1;0;0;1;0;0;0;1;0;0;0;0;16;0;1e-08
Sphere;`<=` float operator;0;1;1;0;0;1;0;0;0;1;0;0;1;0;0;0;1;0;0;0;0;16;0;0.8
Sphere;`<` float operator;0;1;1;0;0;1;0;0;0;1;0;0;1;0;0;0;1;0;0;0;0;16;1;0.8
Sphere;`continue` keyword;0;1;1;0;0;1;0;0;0;1;0;0;1;0;0;0;1;0;0;0;0;16;0;1e-08
Sphere;`+` string operator;0;1;1;0;0;1;0;0;0;1;0;0;1;0;0;0;1;0;0;0;0;16;1;0.9636363636363636
Sphere;`lower()` method;0;1;1;0;0;1;0;0;0;1;0;0;1;0;0;0;1;0;0;0;0;16;0;0.2
Sphere;`else` keyword;0;1;1;0;0;1;0;0;0;1;0;0;1;0;0;0;1;0;0;1;0;16;0;0.2
Sphere;`-=` integer operator;0;1;1;0;0;1;0;0;0;1;0;0;1;0;0;0;1;0;0;0;0;16;1;0.8
Sphere;`or` operator;0;1;1;0;0;1;0;0;0;1;0;0;1;0;0;0;1;0;0;0;0;16;1;0.8
Sphere;`!=` float operator;0;1;1;0;0;1;0;0;0;1;0;0;1;0;0;0;1;0;0;0;0;16;0;0.8
Sphere;`<` string operator;0;1;1;0;0;1;0;0;0;1;0;0;1;0;0;0;1;0;0;0;0;16;0;0.2
Sphere;`<` integer operator;0;1;1;0;0;1;0;0;0;1;0;0;1;0;0;0;1;0;0;0;0;16;1;0.8
Sphere;Floating point equality;0;1;1;0;0;1;0;0;0;1;0;0;1;0;0;0;1;0;0;0;0;16;1;0.8
Sphere;Comparison;0;1;1;0;0;1;0;0;0;1;0;0;1;0;0;0;1;0;0;0;0;16;0;1e-08
Sphere;`type()` function;0;1;1;0;0;1;0;0;0;1;0;0;1;0;0;0;1;0;0;0;0;16;1;0.9714285714285715
Sphere;Contracted `if`;0;1;1;0;0;1;0;0;0;1;0;0;1;0;0;0;1;0;0;0;0;16;0;1e-08
Sphere;Automatic Conversion;0;1;1;0;0;1;0;0;0;1;0;0;1;0;0;0;1;0;0;0;0;16;1;0.9578947368421054
Sphere;`break` keyword;0;1;1;0;0;1;0;0;0;1;0;0;1;0;0;0;1;0;0;0;0;16;0;1e-08
Sphere;CPU functionality;0;1;1;0;0;1;0;0;0;1;0;0;1;0;0;0;1;0;0;0;0;16;1;0.8
Sphere;Self Assignment;0;1;1;0;0;1;0;0;0;1;0;0;1;0;0;0;1;0;0;0;0;16;1;0.9384615384615385
Sphere;`*=` integer operator;0;1;1;0;0;1;0;0;0;1;0;0;1;0;0;0;1;0;0;0;0;16;1;0.8
Sphere;`//` float operator;0;1;1;0;0;1;0;0;0;1;0;0;1;0;0;0;1;0;0;0;0;16;1;0.9200000000000002
Sphere;`' '` constructor;0;1;1;0;0;1;0;0;0;1;0;0;1;0;0;0;1;0;0;0;0;16;1;0.9636363636363636
Sphere;`""" """` constructor;0;1;1;0;0;1;0;0;0;1;0;0;1;0;0;0;1;0;0;0;0;16;0;0.2
Sphere;`join()` method;0;1;1;0;0;1;0;0;0;1;0;0;1;0;0;0;1;0;0;0;0;16;0;1e-08
Sphere;`/` integer operator;0;1;1;0;0;1;0;0;0;1;0;0;1;0;0;0;1;0;0;0;0;16;1;0.9578947368421054
Sphere;Repetition;0;1;1;0;0;1;0;0;0;1;0;0;1;0;0;0;1;0;0;0;0;16;0;1e-08
Sphere;`//=` float operator;0;1;1;0;0;1;0;0;0;1;0;0;1;0;0;0;1;0;0;0;0;16;1;0.9200000000000002
Sphere;Control Flow;0;1;1;0;0;1;0;0;0;1;0;0;1;0;0;0;1;0;0;0;0;16;0;1e-08
Sphere;Loops;0;1;1;0;0;1;0;0;0;1;0;0;1;0;0;0;1;0;0;0;0;16;0;1e-08
Sphere;`%=` float operator;0;1;1;0;0;1;0;0;0;1;0;0;1;0;0;0;1;0;0;0;0;16;1;0.9200000000000002
Sphere;Concatenation;0;1;1;0;0;1;0;0;0;1;0;0;1;0;0;0;1;0;0;0;0;16;0;1e-08
Sphere;`*` string operator;0;1;1;0;0;1;0;0;0;1;0;0;1;0;0;0;1;0;0;0;0;16;0;0.2
Sphere;`-=` float operator;0;1;1;0;0;1;0;0;0;1;0;0;1;0;0;0;1;0;0;0;0;16;1;0.8
Sphere;`//` integer operator;0;1;1;0;0;1;0;0;0;1;0;0;1;0;0;0;1;0;0;0;0;16;1;0.9714285714285715
Sphere;Atomic Data Types;0;1;1;0;0;1;0;0;0;1;0;0;1;0;0;0;1;0;0;0;0;16;0;1e-08
Sphere;Subtraction;0;1;1;0;0;1;0;0;0;1;0;0;1;0;0;0;1;0;0;0;0;16;0;1e-08
Sphere;Type Casting;0;1;1;0;0;1;0;0;0;1;0;0;1;0;0;0;1;0;0;0;0;16;0;1e-08
Sphere;`not` operator;0;1;1;0;0;1;0;0;0;1;0;0;1;0;0;0;1;0;0;0;0;16;1;0.8
Sphere;String Slicing;0;1;1;0;0;1;0;0;0;1;0;0;1;0;0;0;1;0;0;0;0;16;0;0.2
Sphere;`and` operator;0;1;1;0;0;1;0;0;0;1;0;0;1;0;0;0;1;0;0;0;0;16;1;0.8
Sphere;`/=` integer operator;0;1;1;0;0;1;0;0;0;1;0;0;1;0;0;0;1;0;0;0;0;16;1;0.8
Sphere;Multiplication;0;1;1;0;0;1;0;0;0;1;0;0;1;0;0;0;1;0;0;0;0;16;0;1e-08
Sphere;`*` integer operator;0;1;1;0;0;1;0;0;0;1;0;0;1;0;0;0;1;0;0;0;0;16;1;0.9714285714285715
Sphere;`input()` function;0;1;1;0;0;1;0;0;0;1;0;0;1;0;0;0;1;0;0;0;0;16;1;0.9714285714285715
Sphere;`return` keyword;0;1;1;0;0;1;0;0;0;1;0;0;1;0;0;0;1;0;0;1;0;16;0;0.2
Sphere;Indexing;0;1;1;0;0;1;0;0;0;1;0;0;1;0;0;0;1;0;0;0;0;16;0;1e-08
Sphere;Ordered Data Structures;0;1;1;0;0;1;0;0;0;1;0;0;1;0;0;0;1;0;0;0;0;16;0;1e-08
Sphere;Formatted Strings;0;1;1;0;0;1;0;0;0;1;0;0;1;0;0;0;1;0;0;0;0;16;0;0.2
Sphere;Division;0;1;1;0;0;1;0;0;0;1;0;0;1;0;0;0;1;0;0;0;0;16;0;1e-08
Sphere;`if` keyword;0;1;1;0;0;1;0;0;0;1;0;0;1;0;0;0;1;0;0;1;0;16;0;0.2
Sphere;Equality;0;1;1;0;0;1;0;0;0;1;0;0;1;0;0;0;1;0;0;0;0;16;0;1e-08
Sphere;Strings;0;1;1;0;0;1;0;0;0;1;0;0;1;0;0;0;1;0;0;0;0;16;1;0.9714285714285715
Sphere;`!=` string operator;0;1;1;0;0;1;0;0;0;1;0;0;1;0;0;0;1;0;0;0;0;16;0;0.2
Sphere;String Indexing;0;1;1;0;0;1;0;0;0;1;0;0;1;0;0;0;1;0;0;0;0;16;0;0.2
Sphere;Comments;0;1;1;0;0;1;0;0;0;1;0;0;1;0;0;0;1;0;0;0;0;16;1;0.8857142857142859
Sphere;`/` float operator;0;1;1;0;0;1;0;0;0;1;0;0;1;0;0;0;1;0;0;0;0;16;1;0.8857142857142859
Sphere;`upper()` method;0;1;1;0;0;1;0;0;0;1;0;0;1;0;0;0;1;0;0;0;0;16;0;0.2
Sphere;`try` keyword;0;1;1;0;0;1;0;0;0;1;0;0;1;0;0;0;1;0;0;0;0;16;0;1e-08
Sphere;`==` string operator;0;1;1;0;0;1;0;0;0;1;0;0;1;0;0;0;1;0;0;0;0;16;0;0.2
Sphere;`for` loops;0;1;1;0;0;1;0;0;0;1;0;0;1;0;0;0;1;0;0;0;0;16;0;1e-08
Sphere;`" "` constructor;0;1;1;0;0;1;0;0;0;1;0;0;1;0;0;0;1;0;0;0;0;16;1;0.9636363636363636
Sphere;`int()` function;0;1;1;0;0;1;0;0;0;1;0;0;1;0;0;0;1;0;0;0;0;16;1;0.9578947368421054
Sphere;`replace()` method;0;1;1;0;0;1;0;0;0;1;0;0;1;0;0;0;1;0;0;0;0;16;0;0.2
Sphere;Integer Division;0;1;1;0;0;1;0;0;0;1;0;0;1;0;0;0;1;0;0;0;0;16;0;1e-08
Sphere;`%` integer operator;0;1;1;0;0;1;0;0;0;1;0;0;1;0;0;0;1;0;0;0;0;16;1;0.9714285714285715
Sphere;`print()` function;0;1;1;0;0;1;0;0;0;1;0;0;1;0;0;0;1;0;0;0;0;16;1;0.9714285714285715
Sphere;`len()` string function;0;1;1;0;0;1;0;0;0;1;0;0;1;0;0;0;1;0;0;0;0;16;0;0.2
Sphere;`<=` integer operator;0;1;1;0;0;1;0;0;0;1;0;0;1;0;0;0;1;0;0;0;0;16;1;0.8
Sphere;RAM functionality;0;1;1;0;0;1;0;0;0;1;0;0;1;0;0;0;1;0;0;0;0;16;1;0.8
Sphere;`>` string operator;0;1;1;0;0;1;0;0;0;1;0;0;1;0;0;0;1;0;0;0;0;16;0;0.2
Sphere;`/=` float operator;0;1;1;0;0;1;0;0;0;1;0;0;1;0;0;0;1;0;0;0;0;16;1;0.8
Sphere;`float()` function;0;1;1;0;0;1;0;0;0;1;0;0;1;0;0;0;1;0;0;0;0;16;1;0.9384615384615385
Sphere;Slicing;0;1;1;0;0;1;0;0;0;1;0;0;1;0;0;0;1;0;0;0;0;16;0;1e-08
Sphere;Modulus;0;1;1;0;0;1;0;0;0;1;0;0;1;0;0;0;1;0;0;0;0;16;0;1e-08
Sphere;`!=` integer operator;0;1;1;0;0;1;0;0;0;1;0;0;1;0;0;0;1;0;0;0;0;16;1;0.8
Sphere;`while` loops;0;1;1;0;0;1;0;0;0;1;0;0;1;0;0;0;1;0;0;1;0;16;0;0.2
Sphere;Methods;0;1;1;0;0;1;0;0;0;1;0;0;1;0;0;0;1;0;0;0;0;16;0;1e-08
Sphere;`>=` float operator;0;1;1;0;0;1;0;0;0;1;0;0;1;0;0;0;1;0;0;0;0;16;1;0.8
Sphere;Machine Code;0;1;1;0;0;1;0;0;0;1;0;0;1;0;0;0;1;0;0;0;0;16;1;0.8
Sphere;Program Definition;0;1;1;0;0;1;0;0;0;1;0;0;1;0;0;0;1;0;0;0;0;16;1;0.8
Sphere;`//=` integer operator;0;1;1;0;0;1;0;0;0;1;0;0;1;0;0;0;1;0;0;0;0;16;1;0.9200000000000002
Sphere;`capitalize()` method;0;1;1;0;0;1;0;0;0;1;0;0;1;0;0;0;1;0;0;0;0;16;0;1e-08
==::==::==
Question;81;0
Question;20;1
Question;5;0
Question;18;0
Question;8;0
Question;53;1
Question;84;0
Question;11;0
Question;83;0
Question;9;0
Question;93;0
Question;15;0
Question;82;0
Question;85;0
Question;91;0
Question;19;0
Question;79;0
Question;48;1
Question;17;0
Question;12;0
Question;90;0
Question;14;0
Question;13;0
Question;7;0
Answer;58;0
Answer;305;0
Answer;315;0
Answer;50;0
Answer;21;0
Answer;27;0
Answer;209;0
Answer;217;0
Answer;210;0
Answer;56;0
Answer;218;0
Answer;213;0
Answer;316;0
Answer;304;0
Answer;223;0
Answer;314;0
Answer;130;0
Answer;61;0
Answer;36;0
Answer;220;0
Answer;216;0
Answer;208;0
Answer;211;0
Answer;225;0
Answer;33;0
Answer;49;0
Answer;141;1
Answer;224;0
Answer;206;0
Answer;19;0
Answer;37;0
Answer;303;0
Answer;222;0
Answer;42;0
Answer;47;0
Answer;57;0
Answer;214;0
Answer;29;0
Answer;215;0
Answer;53;0
Answer;219;0
Answer;277;0
Answer;44;0
Answer;32;0
Answer;28;0
Answer;221;0
Answer;43;0
Answer;48;0
Answer;46;0
Answer;201;0
Answer;131;0
Answer;308;0
Answer;307;0
Answer;200;0
Answer;51;0
Answer;35;0
Answer;54;0
Answer;60;0
Answer;64;0
Answer;30;0
Answer;198;0
Answer;20;0
Answer;18;0
Answer;31;0
Answer;63;0
Answer;199;0
Answer;45;0
Answer;313;0
Answer;207;0
Answer;212;0
Answer;62;0
Answer;306;0
Answer;34;0
Answer;55;0
Answer;26;0
Answer;52;0
Answer;276;0
Answer;-1;1
Mis;`<` is `not >`;0;1;1;0;0;1;0;0;0;1;0;0;1;0;0;0;0;1;0;1;0;16;0
Mis;Backwards chaining;0;1;1;0;0;1;0;0;0;1;0;0;1;0;0;0;0;1;0;0;0;16;0
Mis;`print()` needs input;0;1;1;0;0;1;0;0;0;1;0;0;1;0;0;0;0;1;0;0;0;16;0
Mis;Blank last slice non-inclusive;0;1;1;0;0;1;0;0;0;1;0;0;1;0;0;0;0;1;0;0;0;16;0
Mis;Return frame bypass;0;1;1;0;0;1;0;0;0;1;0;0;1;0;0;0;0;1;0;0;0;16;0
Mis;Functions must have input;0;1;1;0;0;1;0;0;0;1;0;0;1;0;0;0;0;1;0;0;0;16;0
Mis;No Boolean literals;0;1;1;0;0;1;0;0;0;1;0;0;1;0;0;0;0;1;0;1;0;16;0
Mis;String equality isn't case sensitive;0;1;1;0;0;1;0;0;0;1;0;0;1;0;0;0;0;1;0;1;0;16;0
Mis;Single letter variables;0;1;1;0;0;1;0;0;0;1;0;0;1;0;0;0;0;1;0;0;0;16;0
Mis;`return` on `def` indentation level;0;1;1;0;0;1;0;0;0;1;0;0;1;0;0;0;0;1;0;1;0;16;0
Mis;Iterable repetition interleaves;0;1;1;0;0;1;0;0;0;1;0;0;1;0;0;0;0;1;0;0;0;16;0
Mis;Sequenced conditionals;0;1;1;0;0;1;0;0;0;1;0;0;1;0;0;0;0;1;0;1;0;16;0
Mis;`input()` includes newline;0;1;1;0;0;1;0;0;0;1;0;0;1;0;0;0;0;1;0;0;0;16;0
Mis;Concat with single element;0;1;1;0;0;1;0;0;0;1;0;0;1;0;0;0;0;1;0;0;0;16;0
Mis;Extending strings adds space;0;1;1;0;0;1;0;0;0;1;0;0;1;0;0;0;0;1;0;1;0;16;0
Mis;Variables cannot be assigned twice;0;1;1;0;0;1;0;0;0;1;0;0;1;0;0;0;0;1;0;1;0;16;0
Mis;No `and` on objects;0;1;1;0;0;1;0;0;0;1;0;0;1;0;0;0;0;1;0;0;0;16;0
Mis;`range()` only has one input;0;1;1;0;0;1;0;0;0;1;0;0;1;0;0;0;0;1;0;0;0;16;0
Mis;Linear Order of Operations;0;1;1;0;0;1;0;0;0;1;0;0;1;0;0;0;0;1;0;1;0;16;0
Mis;`%` percentage operator;0;1;1;0;0;1;0;0;0;1;0;0;1;0;0;0;0;1;0;0;0;16;0
Mis;`self` has no value;0;1;1;0;0;1;0;0;0;1;0;0;1;0;0;0;0;1;0;1;0;16;0
Mis;Characters are strings;0;1;1;0;0;1;0;0;0;1;0;0;1;0;0;0;0;1;0;0;0;16;0
Mis;Keyword functions;0;1;1;0;0;1;0;0;0;1;0;0;1;0;0;0;0;1;0;0;0;16;0
Mis;Floating point equality okay;0;1;1;0;0;1;0;0;0;1;0;0;1;0;0;0;0;1;0;1;0;16;0
Mis;Lazy assignment;0;1;1;0;0;1;0;0;0;1;0;0;1;0;0;0;0;1;0;0;0;16;0
Mis;Index -1 is start of list;0;1;1;0;0;1;0;0;0;1;0;0;1;0;0;0;0;1;0;1;0;16;0
Mis;No variable functions;0;1;1;0;0;1;0;0;0;1;0;0;1;0;0;0;0;1;0;1;0;16;0
Mis;Multi-line strings with `' '`;0;1;1;0;0;1;0;0;0;1;0;0;1;0;0;0;0;1;0;1;0;16;0
Mis;No variable methods;0;1;1;0;0;1;0;0;0;1;0;0;1;0;0;0;0;1;0;0;0;16;0
Mis;Iterable repeition multiplies by constant;0;1;1;0;0;1;0;0;0;1;0;0;1;0;0;0;0;1;0;0;0;16;0
Mis;String methods mutate;0;1;1;0;0;1;0;0;0;1;0;0;1;0;0;0;0;1;0;0;0;16;0
Mis;No short circuit;0;1;1;0;0;1;0;0;0;1;0;0;1;0;0;0;0;1;0;1;0;16;0
Mis;Slice exclusive of first index;0;1;1;0;0;1;0;0;0;1;0;0;1;0;0;0;0;1;0;0;0;16;0
Mis;`print()` non-terminating return;0;1;1;0;0;1;0;0;0;1;0;0;1;0;0;0;0;1;0;0;0;16;0
Mis;No floating point limit;0;1;1;0;0;1;0;0;0;1;0;0;1;0;0;0;0;1;0;1;0;16;0
Mis;`>` is `not <`;0;1;1;0;0;1;0;0;0;1;0;0;1;0;0;0;0;1;0;1;0;16;0
Mis;`try` without `except`;0;1;1;0;0;1;0;0;0;1;0;0;1;0;0;0;0;1;0;1;0;16;0
Mis;Inline Function Definition;0;1;1;0;0;1;0;0;0;1;0;0;1;0;0;0;0;1;0;1;0;16;0
Mis;`print()` no newline;0;1;1;0;0;1;0;0;0;1;0;0;1;0;0;0;0;1;0;0;0;16;0
Mis;`range()` starts at 1;0;1;1;0;0;1;0;0;0;1;0;0;1;0;0;0;0;1;0;1;0;16;0
Mis;Blank slice is empty;0;1;1;0;0;1;0;0;0;1;0;0;1;0;0;0;0;1;0;0;0;16;0
Mis;`-` works on strings;0;1;1;0;0;1;0;0;0;1;0;0;1;0;0;0;0;1;0;1;0;16;0
Mis;No constructor method chain;0;1;1;0;0;1;0;0;0;1;0;0;1;0;0;0;0;1;0;0;0;16;0
Mis;`#` is an operator;0;1;1;0;0;1;0;0;0;1;0;0;1;0;0;0;0;1;0;1;0;16;0
Mis;No escape sequences;0;1;1;0;0;1;0;0;0;1;0;0;1;0;0;0;0;1;0;0;0;16;0
Mis;Methods must have input;0;1;1;0;0;1;0;0;0;1;0;0;1;0;0;0;0;1;0;0;0;16;0
Mis;Assignment duplicates;0;1;1;0;0;1;0;0;0;1;0;0;1;0;0;0;0;1;0;0;0;16;0
Mis;`=` comparison;0;1;1;0;0;1;0;0;0;1;0;0;1;0;0;0;0;1;0;1;0;16;0
Mis;No tuple return;0;1;1;0;0;1;0;0;0;1;0;0;1;0;0;0;0;1;0;0;0;16;0
Mis;`for` is `while`;0;1;1;0;0;1;0;0;0;1;0;0;1;0;0;0;0;1;0;0;0;16;0
Mis;Curly brackets stay;0;1;1;0;0;1;0;0;0;1;0;0;1;0;0;0;0;1;0;0;0;16;0
Mis;`/` is modulus;0;1;1;0;0;1;0;0;0;1;0;0;1;0;0;0;0;1;0;1;0;16;0
Mis;No implicit void functions;0;1;1;0;0;1;0;0;0;1;0;0;1;0;0;0;0;1;0;0;0;16;0
Mis;Operators cannot be chained;0;1;1;0;0;1;0;0;0;1;0;0;1;0;0;0;0;1;0;1;0;16;0
Mis;Functions must return;0;1;1;0;0;1;0;0;0;1;0;0;1;0;0;0;0;1;0;0;0;16;0
Mis;No `not` on objects;0;1;1;0;0;1;0;0;0;1;0;0;1;0;0;0;0;1;0;0;0;16;0
Mis;Ternary Boolean return;0;1;1;0;0;1;0;0;0;1;0;0;1;0;0;0;0;1;0;0;0;16;0
Mis;`if` loop;0;1;1;0;0;1;0;0;0;1;0;0;1;0;0;0;0;1;0;1;0;16;0
Mis;`range()` includes the final value;0;1;1;0;0;1;0;0;0;1;0;0;1;0;0;0;0;1;0;0;0;16;0
Mis;Methods can have no arguments;0;1;1;0;0;1;0;0;0;1;0;0;1;0;0;0;0;1;0;0;0;16;0
Mis;No string constructor method chain;0;1;1;0;0;1;0;0;0;1;0;0;1;0;0;0;0;1;0;0;0;16;0
Mis;`return` continues;0;1;1;0;0;1;0;0;0;1;0;0;1;0;0;0;0;1;0;0;0;16;0
Mis;String equality not `==`;0;1;1;0;0;1;0;0;0;1;0;0;1;0;0;0;0;1;0;0;0;16;0
Mis;String repetition adds space;0;1;1;0;0;1;0;0;0;1;0;0;1;0;0;0;0;1;0;0;0;16;0
Mis;Automatic Integer Conversion;0;1;1;0;0;1;0;0;0;1;0;0;1;0;0;0;0;1;0;1;0;16;0
Mis;Slices include last value;0;1;1;0;0;1;0;0;0;1;0;0;1;0;0;0;0;1;0;0;0;16;0
Mis;Integers limit;0;1;1;0;0;1;0;0;0;1;0;0;1;0;0;0;0;1;0;1;0;16;0
Mis;Confused string assignment;0;1;1;0;0;1;0;0;0;1;0;0;1;0;0;0;0;1;0;0;0;16;0
Mis;Lowercase Booleans;0;1;1;0;0;1;0;0;0;1;0;0;1;0;0;0;0;1;0;0;0;16;0
Mis;`pass` is `continue`;0;1;1;0;0;1;0;0;0;1;0;0;1;0;0;0;0;1;0;1;0;16;0
Mis;`print()` returns;0;1;1;0;0;1;0;0;0;1;0;0;1;0;0;0;0;1;0;1;0;16;0
Mis;`print()` only accepts one input;0;1;1;0;0;1;0;0;0;1;0;0;1;0;0;0;0;1;0;0;0;16;0
Mis;Secondary memory data loss;0;1;1;0;0;1;0;0;0;1;0;0;1;0;0;0;0;1;0;1;0;16;0
Mis;Transitive Assignment;0;1;1;0;0;1;0;0;0;1;0;0;1;0;0;0;0;1;0;1;0;16;0
Mis;No literal return;0;1;1;0;0;1;0;0;0;1;0;0;1;0;0;0;0;1;0;0;0;16;0
Mis;`input()` return value;0;1;1;0;0;1;0;0;0;1;0;0;1;0;0;0;0;1;0;1;0;16;0
Mis;Floating point `range()`;0;1;1;0;0;1;0;0;0;1;0;0;1;0;0;0;0;1;0;0;0;16;0
Mis;No `or` on objects;0;1;1;0;0;1;0;0;0;1;0;0;1;0;0;0;0;1;0;0;0;16;0
Mis;`print()` always has a newline;0;1;1;0;0;1;0;0;0;1;0;0;1;0;0;0;0;1;0;0;0;16;0
Mis;`print()` only string;0;1;1;0;0;1;0;0;0;1;0;0;1;0;0;0;0;1;0;0;0;16;0
Mis;`/` is integer division;0;1;1;0;0;1;0;0;0;1;0;0;1;0;0;0;0;1;0;1;0;16;0
Mis;`input()` requires function input;0;1;1;0;0;1;0;0;0;1;0;0;1;0;0;0;0;1;0;0;0;16;0
Mis;No method chain;0;1;1;0;0;1;0;0;0;1;0;0;1;0;0;0;0;1;0;0;0;16;0
Mis;`int()` rounds up floats;0;1;1;0;0;1;0;0;0;1;0;0;1;0;0;0;0;1;0;1;0;16;0
Mis;Multi-line strings with `" "`;0;1;1;0;0;1;0;0;0;1;0;0;1;0;0;0;0;1;0;1;0;16;0
Mis;List concat vector addition;0;1;1;0;0;1;0;0;0;1;0;0;1;0;0;0;0;1;0;1;0;16;0
Mis;`/` works on strings;0;1;1;0;0;1;0;0;0;1;0;0;1;0;0;0;0;1;0;1;0;16;0
Mis;Strings are mutable;0;1;1;0;0;1;0;0;0;1;0;0;1;0;0;0;0;1;0;0;0;16;0
Mis;No loop termination;0;1;1;0;0;1;0;0;0;1;0;0;1;0;0;0;0;1;0;1;0;16;0
Mis;Conditional Boolean return;0;1;1;0;0;1;0;0;0;1;0;0;1;0;0;0;0;1;0;0;0;16;0
Mis;Slices require indices;0;1;1;0;0;1;0;0;0;1;0;0;1;0;0;0;0;1;0;1;0;16;0
Mis;Parenthesized return;0;1;1;0;0;1;0;0;0;1;0;0;1;0;0;0;0;1;0;0;0;16;0
Mis;`%` is division;0;1;1;0;0;1;0;0;0;1;0;0;1;0;0;0;0;1;0;0;0;16;0
Mis;Iterable repetition repeated constant multiplication;0;1;1;0;0;1;0;0;0;1;0;0;1;0;0;0;0;1;0;1;0;16;0
Mis;`//` divides;0;1;1;0;0;1;0;0;0;1;0;0;1;0;0;0;0;1;0;0;0;16;0
Mis;Cannot mix index sign in slice;0;1;1;0;0;1;0;0;0;1;0;0;1;0;0;0;0;1;0;0;0;16;0
Mis;`//` is modulus;0;1;1;0;0;1;0;0;0;1;0;0;1;0;0;0;0;1;0;0;0;16;0
Mis;Slice removes;0;1;1;0;0;1;0;0;0;1;0;0;1;0;0;0;0;1;0;0;0;16;0
Mis;No nesting loops;0;1;1;0;0;1;0;0;0;1;0;0;1;0;0;0;0;1;0;0;0;16;0
Mis;Literals don't have a data type;0;1;1;0;0;1;0;0;0;1;0;0;1;0;0;0;0;1;0;1;0;16;0
Mis;`%` is integer division;0;1;1;0;0;1;0;0;0;1;0;0;1;0;0;0;0;1;0;1;0;16;0
Mis;No formatted string;0;1;1;0;0;1;0;0;0;1;0;0;1;0;0;0;0;1;0;1;0;16;0
Mis;`for` stops before last element;0;1;1;0;0;1;0;0;0;1;0;0;1;0;0;0;0;1;0;1;0;16;0
Mis;`int()` rounds floats;0;1;1;0;0;1;0;0;0;1;0;0;1;0;0;0;0;1;0;0;0;16;0
Mis;Implied repetition over logical operator;0;1;1;0;0;1;0;0;0;1;0;0;1;0;0;0;0;1;0;0;0;16;0
Mis;`for` only with `range()`;0;1;1;0;0;1;0;0;0;1;0;0;1;0;0;0;0;1;0;0;0;16;0
Mis;`while` tests after loop;0;1;1;0;0;1;0;0;0;1;0;0;1;0;0;0;0;1;0;1;0;16;0
Mis;Multi-value return;0;1;1;0;0;1;0;0;0;1;0;0;1;0;0;0;0;1;0;0;0;16;0
Mis;Strings are not objects;0;1;1;0;0;1;0;0;0;1;0;0;1;0;0;0;0;1;0;1;0;16;0
Sphere;Floats;0;1;1;0;0;1;0;0;0;1;0;0;1;0;0;0;0;1;0;1;1;16;1;0.9764705882352942
Sphere;`*` float operator;0;1;1;0;0;1;0;0;0;1;0;0;1;0;0;0;0;1;0;1;1;16;1;0.9764705882352942
Sphere;`def` constructor;0;1;1;0;0;1;0;0;0;1;0;0;1;0;0;0;0;1;0;1;1;16;1;0.9764705882352942
Sphere;`-` float operator;0;1;1;0;0;1;0;0;0;1;0;0;1;0;0;0;0;1;0;1;1;16;1;0.9764705882352942
Sphere;`return` keyword;0;1;1;0;0;1;0;0;0;1;0;0;1;0;0;0;0;1;0;1;1;16;1;0.9764705882352942
Sphere;Functions;0;1;1;0;0;1;0;0;0;1;0;0;1;0;0;0;0;1;0;1;1;16;1;0.9764705882352942
Sphere;`str()` function;0;1;1;0;0;1;0;0;0;1;0;0;1;0;0;0;0;1;0;0;0;16;1;0.9200000000000002
Sphere;`+=` float operator;0;1;1;0;0;1;0;0;0;1;0;0;1;0;0;0;0;1;0;0;0;16;1;0.8
Sphere;Built-in Functions;0;1;1;0;0;1;0;0;0;1;0;0;1;0;0;0;0;1;0;0;0;16;0;1e-08
Sphere;`+=` integer operator;0;1;1;0;0;1;0;0;0;1;0;0;1;0;0;0;0;1;0;0;0;16;1;0.9764705882352942
Sphere;Secondary Memory;0;1;1;0;0;1;0;0;0;1;0;0;1;0;0;0;0;1;0;0;0;16;1;0.8
Sphere;`*=` float operator;0;1;1;0;0;1;0;0;0;1;0;0;1;0;0;0;0;1;0;0;0;16;1;0.8
Sphere;Conditionals;0;1;1;0;0;1;0;0;0;1;0;0;1;0;0;0;0;1;0;0;0;16;0;1e-08
Sphere;Addition;0;1;1;0;0;1;0;0;0;1;0;0;1;0;0;0;0;1;0;0;0;16;0;1e-08
Sphere;Compilers;0;1;1;0;0;1;0;0;0;1;0;0;1;0;0;0;0;1;0;0;0;16;1;0.8
Sphere;`range()` function;0;1;1;0;0;1;0;0;0;1;0;0;1;0;0;0;0;1;0;0;0;16;0;1e-08
Sphere;`%=` integer operator;0;1;1;0;0;1;0;0;0;1;0;0;1;0;0;0;0;1;0;0;0;16;1;0.9200000000000002
Sphere;Interpreters;0;1;1;0;0;1;0;0;0;1;0;0;1;0;0;0;0;1;0;0;0;16;1;0.8
Sphere;Booleans;0;1;1;0;0;1;0;0;0;1;0;0;1;0;0;0;0;1;0;0;0;16;1;0.9764705882352942
Sphere;`%` float operator;0;1;1;0;0;1;0;0;0;1;0;0;1;0;0;0;0;1;0;0;0;16;1;0.9200000000000002
Sphere;`elif` keyword;0;1;1;0;0;1;0;0;0;1;0;0;1;0;0;0;0;1;0;0;0;16;0;1e-08
Sphere;`<=` float operator;0;1;1;0;0;1;0;0;0;1;0;0;1;0;0;0;0;1;0;0;0;16;0;0.8
Sphere;`<` float operator;0;1;1;0;0;1;0;0;0;1;0;0;1;0;0;0;0;1;0;0;0;16;1;0.8
Sphere;Assignment;0;1;1;0;0;1;0;0;0;1;0;0;1;0;0;0;0;1;0;0;0;16;1;0.9764705882352942
Sphere;`continue` keyword;0;1;1;0;0;1;0;0;0;1;0;0;1;0;0;0;0;1;0;0;0;16;0;1e-08
Sphere;`+` string operator;0;1;1;0;0;1;0;0;0;1;0;0;1;0;0;0;0;1;0;0;0;16;1;0.9636363636363636
Sphere;`lower()` method;0;1;1;0;0;1;0;0;0;1;0;0;1;0;0;0;0;1;0;0;0;16;0;0.2
Sphere;`else` keyword;0;1;1;0;0;1;0;0;0;1;0;0;1;0;0;0;0;1;0;0;0;16;0;0.2
Sphere;`-=` integer operator;0;1;1;0;0;1;0;0;0;1;0;0;1;0;0;0;0;1;0;0;0;16;1;0.8
Sphere;`or` operator;0;1;1;0;0;1;0;0;0;1;0;0;1;0;0;0;0;1;0;0;0;16;1;0.8
Sphere;`!=` float operator;0;1;1;0;0;1;0;0;0;1;0;0;1;0;0;0;0;1;0;0;0;16;0;0.8
Sphere;`<` string operator;0;1;1;0;0;1;0;0;0;1;0;0;1;0;0;0;0;1;0;0;0;16;0;0.2
Sphere;`<` integer operator;0;1;1;0;0;1;0;0;0;1;0;0;1;0;0;0;0;1;0;0;0;16;1;0.8
Sphere;Floating point equality;0;1;1;0;0;1;0;0;0;1;0;0;1;0;0;0;0;1;0;0;0;16;1;0.8
Sphere;Comparison;0;1;1;0;0;1;0;0;0;1;0;0;1;0;0;0;0;1;0;0;0;16;0;1e-08
Sphere;`type()` function;0;1;1;0;0;1;0;0;0;1;0;0;1;0;0;0;0;1;0;0;0;16;1;0.9714285714285715
Sphere;Contracted `if`;0;1;1;0;0;1;0;0;0;1;0;0;1;0;0;0;0;1;0;0;0;16;0;1e-08
Sphere;Automatic Conversion;0;1;1;0;0;1;0;0;0;1;0;0;1;0;0;0;0;1;0;0;0;16;1;0.9578947368421054
Sphere;`+` float operator;0;1;1;0;0;1;0;0;0;1;0;0;1;0;0;0;0;1;0;0;0;16;1;0.9764705882352942
Sphere;`>=` integer operator;0;1;1;0;0;1;0;0;0;1;0;0;1;0;0;0;0;1;0;0;0;16;1;0.9764705882352942
Sphere;`break` keyword;0;1;1;0;0;1;0;0;0;1;0;0;1;0;0;0;0;1;0;0;0;16;0;1e-08
Sphere;CPU functionality;0;1;1;0;0;1;0;0;0;1;0;0;1;0;0;0;0;1;0;0;0;16;1;0.8
Sphere;Self Assignment;0;1;1;0;0;1;0;0;0;1;0;0;1;0;0;0;0;1;0;0;0;16;1;0.9384615384615385
Sphere;`*=` integer operator;0;1;1;0;0;1;0;0;0;1;0;0;1;0;0;0;0;1;0;0;0;16;1;0.8
Sphere;`//` float operator;0;1;1;0;0;1;0;0;0;1;0;0;1;0;0;0;0;1;0;0;0;16;1;0.9200000000000002
Sphere;`' '` constructor;0;1;1;0;0;1;0;0;0;1;0;0;1;0;0;0;0;1;0;0;0;16;1;0.9636363636363636
Sphere;`""" """` constructor;0;1;1;0;0;1;0;0;0;1;0;0;1;0;0;0;0;1;0;0;0;16;0;0.2
Sphere;`join()` method;0;1;1;0;0;1;0;0;0;1;0;0;1;0;0;0;0;1;0;0;0;16;0;1e-08
Sphere;`/` integer operator;0;1;1;0;0;1;0;0;0;1;0;0;1;0;0;0;0;1;0;0;0;16;1;0.9578947368421054
Sphere;Repetition;0;1;1;0;0;1;0;0;0;1;0;0;1;0;0;0;0;1;0;0;0;16;0;1e-08
Sphere;`//=` float operator;0;1;1;0;0;1;0;0;0;1;0;0;1;0;0;0;0;1;0;0;0;16;1;0.9200000000000002
Sphere;Control Flow;0;1;1;0;0;1;0;0;0;1;0;0;1;0;0;0;0;1;0;0;0;16;0;1e-08
Sphere;Loops;0;1;1;0;0;1;0;0;0;1;0;0;1;0;0;0;0;1;0;0;0;16;0;1e-08
Sphere;Integers;0;1;1;0;0;1;0;0;0;1;0;0;1;0;0;0;0;1;0;0;0;16;1;0.9764705882352942
Sphere;`%=` float operator;0;1;1;0;0;1;0;0;0;1;0;0;1;0;0;0;0;1;0;0;0;16;1;0.9200000000000002
Sphere;Concatenation;0;1;1;0;0;1;0;0;0;1;0;0;1;0;0;0;0;1;0;0;0;16;0;1e-08
Sphere;`*` string operator;0;1;1;0;0;1;0;0;0;1;0;0;1;0;0;0;0;1;0;0;0;16;0;0.2
Sphere;`-=` float operator;0;1;1;0;0;1;0;0;0;1;0;0;1;0;0;0;0;1;0;0;0;16;1;0.8
Sphere;`//` integer operator;0;1;1;0;0;1;0;0;0;1;0;0;1;0;0;0;0;1;0;0;0;16;1;0.9714285714285715
Sphere;Atomic Data Types;0;1;1;0;0;1;0;0;0;1;0;0;1;0;0;0;0;1;0;0;0;16;0;1e-08
Sphere;Subtraction;0;1;1;0;0;1;0;0;0;1;0;0;1;0;0;0;0;1;0;0;0;16;0;1e-08
Sphere;Type Casting;0;1;1;0;0;1;0;0;0;1;0;0;1;0;0;0;0;1;0;0;0;16;0;1e-08
Sphere;`not` operator;0;1;1;0;0;1;0;0;0;1;0;0;1;0;0;0;0;1;0;0;0;16;1;0.8
Sphere;String Slicing;0;1;1;0;0;1;0;0;0;1;0;0;1;0;0;0;0;1;0;0;0;16;0;0.2
Sphere;`and` operator;0;1;1;0;0;1;0;0;0;1;0;0;1;0;0;0;0;1;0;0;0;16;1;0.8
Sphere;`/=` integer operator;0;1;1;0;0;1;0;0;0;1;0;0;1;0;0;0;0;1;0;0;0;16;1;0.8
Sphere;Multiplication;0;1;1;0;0;1;0;0;0;1;0;0;1;0;0;0;0;1;0;0;0;16;0;1e-08
Sphere;`*` integer operator;0;1;1;0;0;1;0;0;0;1;0;0;1;0;0;0;0;1;0;0;0;16;1;0.9714285714285715
Sphere;`input()` function;0;1;1;0;0;1;0;0;0;1;0;0;1;0;0;0;0;1;0;0;0;16;1;0.9714285714285715
Sphere;Indexing;0;1;1;0;0;1;0;0;0;1;0;0;1;0;0;0;0;1;0;0;0;16;0;1e-08
Sphere;Ordered Data Structures;0;1;1;0;0;1;0;0;0;1;0;0;1;0;0;0;0;1;0;0;0;16;0;1e-08
Sphere;`+` integer operator;0;1;1;0;0;1;0;0;0;1;0;0;1;0;0;0;0;1;0;0;0;16;1;0.9764705882352942
Sphere;Formatted Strings;0;1;1;0;0;1;0;0;0;1;0;0;1;0;0;0;0;1;0;0;0;16;0;0.2
Sphere;Division;0;1;1;0;0;1;0;0;0;1;0;0;1;0;0;0;0;1;0;0;0;16;0;1e-08
Sphere;`if` keyword;0;1;1;0;0;1;0;0;0;1;0;0;1;0;0;0;0;1;0;0;0;16;0;0.2
Sphere;Equality;0;1;1;0;0;1;0;0;0;1;0;0;1;0;0;0;0;1;0;0;0;16;0;1e-08
Sphere;Strings;0;1;1;0;0;1;0;0;0;1;0;0;1;0;0;0;0;1;0;0;0;16;1;0.9714285714285715
Sphere;`==` integer operator;0;1;1;0;0;1;0;0;0;1;0;0;1;0;0;0;0;1;0;0;0;16;1;0.9764705882352942
Sphere;`-` integer operator;0;1;1;0;0;1;0;0;0;1;0;0;1;0;0;0;0;1;0;0;0;16;1;0.9764705882352942
Sphere;`!=` string operator;0;1;1;0;0;1;0;0;0;1;0;0;1;0;0;0;0;1;0;0;0;16;0;0.2
Sphere;String Indexing;0;1;1;0;0;1;0;0;0;1;0;0;1;0;0;0;0;1;0;0;0;16;0;0.2
Sphere;Operator Chaining;0;1;1;0;0;1;0;0;0;1;0;0;1;0;0;0;0;1;0;0;0;16;1;0.9764705882352942
Sphere;Comments;0;1;1;0;0;1;0;0;0;1;0;0;1;0;0;0;0;1;0;0;0;16;1;0.8857142857142859
Sphere;`/` float operator;0;1;1;0;0;1;0;0;0;1;0;0;1;0;0;0;0;1;0;0;0;16;1;0.8857142857142859
Sphere;`upper()` method;0;1;1;0;0;1;0;0;0;1;0;0;1;0;0;0;0;1;0;0;0;16;0;0.2
Sphere;`try` keyword;0;1;1;0;0;1;0;0;0;1;0;0;1;0;0;0;0;1;0;0;0;16;0;1e-08
Sphere;`>` float operator;0;1;1;0;0;1;0;0;0;1;0;0;1;0;0;0;0;1;0;0;0;16;1;0.9764705882352942
Sphere;`==` string operator;0;1;1;0;0;1;0;0;0;1;0;0;1;0;0;0;0;1;0;0;0;16;0;0.2
Sphere;`for` loops;0;1;1;0;0;1;0;0;0;1;0;0;1;0;0;0;0;1;0;0;0;16;0;1e-08
Sphere;`" "` constructor;0;1;1;0;0;1;0;0;0;1;0;0;1;0;0;0;0;1;0;0;0;16;1;0.9636363636363636
Sphere;`int()` function;0;1;1;0;0;1;0;0;0;1;0;0;1;0;0;0;0;1;0;0;0;16;1;0.9578947368421054
Sphere;`replace()` method;0;1;1;0;0;1;0;0;0;1;0;0;1;0;0;0;0;1;0;0;0;16;0;0.2
Sphere;Integer Division;0;1;1;0;0;1;0;0;0;1;0;0;1;0;0;0;0;1;0;0;0;16;0;1e-08
Sphere;`%` integer operator;0;1;1;0;0;1;0;0;0;1;0;0;1;0;0;0;0;1;0;0;0;16;1;0.9714285714285715
Sphere;`print()` function;0;1;1;0;0;1;0;0;0;1;0;0;1;0;0;0;0;1;0;0;0;16;1;0.9714285714285715
Sphere;Order of Operations;0;1;1;0;0;1;0;0;0;1;0;0;1;0;0;0;0;1;0;0;0;16;1;0.9764705882352942
Sphere;`len()` string function;0;1;1;0;0;1;0;0;0;1;0;0;1;0;0;0;0;1;0;0;0;16;0;0.2
Sphere;`<=` integer operator;0;1;1;0;0;1;0;0;0;1;0;0;1;0;0;0;0;1;0;0;0;16;1;0.8
Sphere;RAM functionality;0;1;1;0;0;1;0;0;0;1;0;0;1;0;0;0;0;1;0;0;0;16;1;0.8
Sphere;`>` string operator;0;1;1;0;0;1;0;0;0;1;0;0;1;0;0;0;0;1;0;0;0;16;0;0.2
Sphere;`/=` float operator;0;1;1;0;0;1;0;0;0;1;0;0;1;0;0;0;0;1;0;0;0;16;1;0.8
Sphere;`float()` function;0;1;1;0;0;1;0;0;0;1;0;0;1;0;0;0;0;1;0;0;0;16;1;0.9384615384615385
Sphere;Slicing;0;1;1;0;0;1;0;0;0;1;0;0;1;0;0;0;0;1;0;0;0;16;0;1e-08
Sphere;`=` operator;0;1;1;0;0;1;0;0;0;1;0;0;1;0;0;0;0;1;0;0;0;16;1;0.9764705882352942
Sphere;Modulus;0;1;1;0;0;1;0;0;0;1;0;0;1;0;0;0;0;1;0;0;0;16;0;1e-08
Sphere;`!=` integer operator;0;1;1;0;0;1;0;0;0;1;0;0;1;0;0;0;0;1;0;0;0;16;1;0.8
Sphere;`>` integer operator;0;1;1;0;0;1;0;0;0;1;0;0;1;0;0;0;0;1;0;0;0;16;1;0.9764705882352942
Sphere;`while` loops;0;1;1;0;0;1;0;0;0;1;0;0;1;0;0;0;0;1;0;0;0;16;0;0.2
Sphere;Methods;0;1;1;0;0;1;0;0;0;1;0;0;1;0;0;0;0;1;0;0;0;16;0;1e-08
Sphere;`>=` float operator;0;1;1;0;0;1;0;0;0;1;0;0;1;0;0;0;0;1;0;0;0;16;1;0.8
Sphere;Machine Code;0;1;1;0;0;1;0;0;0;1;0;0;1;0;0;0;0;1;0;0;0;16;1;0.8
Sphere;Variables;0;1;1;0;0;1;0;0;0;1;0;0;1;0;0;0;0;1;0;0;0;16;1;0.9783783783783784
Sphere;Program Definition;0;1;1;0;0;1;0;0;0;1;0;0;1;0;0;0;0;1;0;0;0;16;1;0.8
Sphere;`//=` integer operator;0;1;1;0;0;1;0;0;0;1;0;0;1;0;0;0;0;1;0;0;0;16;1;0.9200000000000002
Sphere;`capitalize()` method;0;1;1;0;0;1;0;0;0;1;0;0;1;0;0;0;0;1;0;0;0;16;0;1e-08
==::==::==
Question;81;0
Question;20;1
Question;5;0
Question;18;0
Question;8;0
Question;53;1
Question;84;0
Question;11;0
Question;83;0
Question;9;0
Question;93;0
Question;15;0
Question;82;0
Question;85;0
Question;91;0
Question;19;0
Question;79;0
Question;48;1
Question;17;0
Question;12;0
Question;90;0
Question;14;0
Question;13;0
Question;7;0
Answer;58;0
Answer;305;0
Answer;315;0
Answer;50;0
Answer;21;0
Answer;27;0
Answer;209;0
Answer;217;0
Answer;210;0
Answer;56;0
Answer;218;0
Answer;213;0
Answer;316;0
Answer;304;0
Answer;223;0
Answer;314;0
Answer;130;0
Answer;61;0
Answer;36;0
Answer;220;0
Answer;216;0
Answer;208;0
Answer;211;0
Answer;225;0
Answer;33;0
Answer;49;0
Answer;141;1
Answer;224;0
Answer;206;0
Answer;19;0
Answer;37;0
Answer;303;0
Answer;222;0
Answer;42;0
Answer;47;0
Answer;57;0
Answer;214;0
Answer;29;0
Answer;215;0
Answer;53;0
Answer;219;0
Answer;277;1
Answer;44;0
Answer;32;0
Answer;28;0
Answer;221;0
Answer;43;0
Answer;48;0
Answer;46;0
Answer;201;0
Answer;131;0
Answer;308;0
Answer;307;0
Answer;200;0
Answer;51;0
Answer;35;0
Answer;54;0
Answer;60;0
Answer;64;0
Answer;30;0
Answer;198;0
Answer;20;0
Answer;18;0
Answer;31;0
Answer;63;0
Answer;199;0
Answer;45;0
Answer;313;0
Answer;207;0
Answer;212;0
Answer;62;0
Answer;306;0
Answer;34;0
Answer;55;0
Answer;26;0
Answer;52;0
Answer;276;0
Answer;-1;1
Mis;`<` is `not >`;0;1;1;0;0;1;0;0;0;1;0;0;1;0;0;0;0;1;0;1;0;17;0
Mis;Backwards chaining;0;1;1;0;0;1;0;0;0;1;0;0;1;0;0;0;0;1;0;0;0;17;0
Mis;`print()` needs input;0;1;1;0;0;1;0;0;0;1;0;0;1;0;0;0;0;1;0;0;0;17;0
Mis;Blank last slice non-inclusive;0;1;1;0;0;1;0;0;0;1;0;0;1;0;0;0;0;1;0;0;0;17;0
Mis;Return frame bypass;0;1;1;0;0;1;0;0;0;1;0;0;1;0;0;0;0;1;0;0;0;17;0
Mis;Functions must have input;0;1;1;0;0;1;0;0;0;1;0;0;1;0;0;0;0;1;0;0;0;17;0
Mis;No Boolean literals;0;1;1;0;0;1;0;0;0;1;0;0;1;0;0;0;0;1;0;1;0;17;0
Mis;String equality isn't case sensitive;0;1;1;0;0;1;0;0;0;1;0;0;1;0;0;0;0;1;0;1;0;17;0
Mis;Single letter variables;0;1;1;0;0;1;0;0;0;1;0;0;1;0;0;0;0;1;0;0;0;17;0
Mis;`return` on `def` indentation level;0;1;1;0;0;1;0;0;0;1;0;0;1;0;0;0;0;1;0;1;0;17;0
Mis;Iterable repetition interleaves;0;1;1;0;0;1;0;0;0;1;0;0;1;0;0;0;0;1;0;0;0;17;0
Mis;Sequenced conditionals;0;1;1;0;0;1;0;0;0;1;0;0;1;0;0;0;0;1;0;1;0;17;0
Mis;`input()` includes newline;0;1;1;0;0;1;0;0;0;1;0;0;1;0;0;0;0;1;0;0;0;17;0
Mis;Concat with single element;0;1;1;0;0;1;0;0;0;1;0;0;1;0;0;0;0;1;0;0;0;17;0
Mis;Extending strings adds space;0;1;1;0;0;1;0;0;0;1;0;0;1;0;0;0;0;1;0;1;0;17;0
Mis;Variables cannot be assigned twice;0;1;1;0;0;1;0;0;0;1;0;0;1;0;0;0;0;1;0;1;0;17;0
Mis;No `and` on objects;0;1;1;0;0;1;0;0;0;1;0;0;1;0;0;0;0;1;0;0;0;17;0
Mis;`range()` only has one input;0;1;1;0;0;1;0;0;0;1;0;0;1;0;0;0;0;1;0;0;0;17;0
Mis;Linear Order of Operations;0;1;1;0;0;1;0;0;0;1;0;0;1;0;0;0;0;1;0;1;0;17;0
Mis;`%` percentage operator;0;1;1;0;0;1;0;0;0;1;0;0;1;0;0;0;0;1;0;0;0;17;0
Mis;`self` has no value;0;1;1;0;0;1;0;0;0;1;0;0;1;0;0;0;0;1;0;1;0;17;0
Mis;Characters are strings;0;1;1;0;0;1;0;0;0;1;0;0;1;0;0;0;0;1;0;0;0;17;0
Mis;Keyword functions;0;1;1;0;0;1;0;0;0;1;0;0;1;0;0;0;0;1;0;0;0;17;0
Mis;Floating point equality okay;0;1;1;0;0;1;0;0;0;1;0;0;1;0;0;0;0;1;0;1;0;17;0
Mis;Lazy assignment;0;1;1;0;0;1;0;0;0;1;0;0;1;0;0;0;0;1;0;0;0;17;0
Mis;Index -1 is start of list;0;1;1;0;0;1;0;0;0;1;0;0;1;0;0;0;0;1;0;1;0;17;0
Mis;No variable functions;0;1;1;0;0;1;0;0;0;1;0;0;1;0;0;0;0;1;0;1;0;17;0
Mis;Multi-line strings with `' '`;0;1;1;0;0;1;0;0;0;1;0;0;1;0;0;0;0;1;0;1;0;17;0
Mis;No variable methods;0;1;1;0;0;1;0;0;0;1;0;0;1;0;0;0;0;1;0;0;0;17;0
Mis;Iterable repeition multiplies by constant;0;1;1;0;0;1;0;0;0;1;0;0;1;0;0;0;0;1;0;0;0;17;0
Mis;String methods mutate;0;1;1;0;0;1;0;0;0;1;0;0;1;0;0;0;0;1;0;0;0;17;0
Mis;No short circuit;0;1;1;0;0;1;0;0;0;1;0;0;1;0;0;0;0;1;0;1;0;17;0
Mis;Slice exclusive of first index;0;1;1;0;0;1;0;0;0;1;0;0;1;0;0;0;0;1;0;0;0;17;0
Mis;`print()` non-terminating return;0;1;1;0;0;1;0;0;0;1;0;0;1;0;0;0;0;1;0;0;0;17;0
Mis;No floating point limit;0;1;1;0;0;1;0;0;0;1;0;0;1;0;0;0;0;1;0;1;0;17;0
Mis;`>` is `not <`;0;1;1;0;0;1;0;0;0;1;0;0;1;0;0;0;0;1;0;1;0;17;0
Mis;`try` without `except`;0;1;1;0;0;1;0;0;0;1;0;0;1;0;0;0;0;1;0;1;0;17;0
Mis;Inline Function Definition;0;1;1;0;0;1;0;0;0;1;0;0;1;0;0;0;0;1;0;1;0;17;0
Mis;`print()` no newline;0;1;1;0;0;1;0;0;0;1;0;0;1;0;0;0;0;1;0;0;0;17;0
Mis;`range()` starts at 1;0;1;1;0;0;1;0;0;0;1;0;0;1;0;0;0;0;1;0;1;0;17;0
Mis;Blank slice is empty;0;1;1;0;0;1;0;0;0;1;0;0;1;0;0;0;0;1;0;0;0;17;0
Mis;`-` works on strings;0;1;1;0;0;1;0;0;0;1;0;0;1;0;0;0;0;1;0;1;0;17;0
Mis;No constructor method chain;0;1;1;0;0;1;0;0;0;1;0;0;1;0;0;0;0;1;0;0;0;17;0
Mis;`#` is an operator;0;1;1;0;0;1;0;0;0;1;0;0;1;0;0;0;0;1;0;1;0;17;0
Mis;No escape sequences;0;1;1;0;0;1;0;0;0;1;0;0;1;0;0;0;0;1;0;0;0;17;0
Mis;Methods must have input;0;1;1;0;0;1;0;0;0;1;0;0;1;0;0;0;0;1;0;0;0;17;0
Mis;Assignment duplicates;0;1;1;0;0;1;0;0;0;1;0;0;1;0;0;0;0;1;0;0;0;17;0
Mis;`=` comparison;0;1;1;0;0;1;0;0;0;1;0;0;1;0;0;0;0;1;0;1;0;17;0
Mis;No tuple return;0;1;1;0;0;1;0;0;0;1;0;0;1;0;0;0;0;1;0;0;0;17;0
Mis;`for` is `while`;0;1;1;0;0;1;0;0;0;1;0;0;1;0;0;0;0;1;0;0;0;17;0
Mis;Curly brackets stay;0;1;1;0;0;1;0;0;0;1;0;0;1;0;0;0;0;1;0;0;0;17;0
Mis;`/` is modulus;0;1;1;0;0;1;0;0;0;1;0;0;1;0;0;0;0;1;0;1;0;17;0
Mis;No implicit void functions;0;1;1;0;0;1;0;0;0;1;0;0;1;0;0;0;0;1;0;0;0;17;0
Mis;Operators cannot be chained;0;1;1;0;0;1;0;0;0;1;0;0;1;0;0;0;0;1;0;1;0;17;0
Mis;Functions must return;0;1;1;0;0;1;0;0;0;1;0;0;1;0;0;0;0;1;0;0;0;17;0
Mis;No `not` on objects;0;1;1;0;0;1;0;0;0;1;0;0;1;0;0;0;0;1;0;0;0;17;0
Mis;Ternary Boolean return;0;1;1;0;0;1;0;0;0;1;0;0;1;0;0;0;0;1;0;0;0;17;0
Mis;`if` loop;0;1;1;0;0;1;0;0;0;1;0;0;1;0;0;0;0;1;0;1;0;17;0
Mis;`range()` includes the final value;0;1;1;0;0;1;0;0;0;1;0;0;1;0;0;0;0;1;0;0;0;17;0
Mis;Methods can have no arguments;0;1;1;0;0;1;0;0;0;1;0;0;1;0;0;0;0;1;0;0;0;17;0
Mis;No string constructor method chain;0;1;1;0;0;1;0;0;0;1;0;0;1;0;0;0;0;1;0;0;0;17;0
Mis;`return` continues;0;1;1;0;0;1;0;0;0;1;0;0;1;0;0;0;0;1;0;0;0;17;0
Mis;String equality not `==`;0;1;1;0;0;1;0;0;0;1;0;0;1;0;0;0;0;1;0;0;0;17;0
Mis;String repetition adds space;0;1;1;0;0;1;0;0;0;1;0;0;1;0;0;0;0;1;0;0;0;17;0
Mis;Automatic Integer Conversion;0;1;1;0;0;1;0;0;0;1;0;0;1;0;0;0;0;1;0;1;0;17;0
Mis;Slices include last value;0;1;1;0;0;1;0;0;0;1;0;0;1;0;0;0;0;1;0;0;0;17;0
Mis;Integers limit;0;1;1;0;0;1;0;0;0;1;0;0;1;0;0;0;0;1;0;1;0;17;0
Mis;Confused string assignment;0;1;1;0;0;1;0;0;0;1;0;0;1;0;0;0;0;1;0;0;0;17;0
Mis;Lowercase Booleans;0;1;1;0;0;1;0;0;0;1;0;0;1;0;0;0;0;1;0;0;0;17;0
Mis;`pass` is `continue`;0;1;1;0;0;1;0;0;0;1;0;0;1;0;0;0;0;1;0;1;0;17;0
Mis;`print()` returns;0;1;1;0;0;1;0;0;0;1;0;0;1;0;0;0;0;1;0;1;0;17;0
Mis;`print()` only accepts one input;0;1;1;0;0;1;0;0;0;1;0;0;1;0;0;0;0;1;0;0;0;17;0
Mis;Secondary memory data loss;0;1;1;0;0;1;0;0;0;1;0;0;1;0;0;0;0;1;0;1;0;17;0
Mis;Transitive Assignment;0;1;1;0;0;1;0;0;0;1;0;0;1;0;0;0;0;1;0;1;0;17;0
Mis;No literal return;0;1;1;0;0;1;0;0;0;1;0;0;1;0;0;0;0;1;0;0;0;17;0
Mis;`input()` return value;0;1;1;0;0;1;0;0;0;1;0;0;1;0;0;0;0;1;0;1;0;17;0
Mis;Floating point `range()`;0;1;1;0;0;1;0;0;0;1;0;0;1;0;0;0;0;1;0;0;0;17;0
Mis;No `or` on objects;0;1;1;0;0;1;0;0;0;1;0;0;1;0;0;0;0;1;0;0;0;17;0
Mis;`print()` always has a newline;0;1;1;0;0;1;0;0;0;1;0;0;1;0;0;0;0;1;0;0;0;17;0
Mis;`print()` only string;0;1;1;0;0;1;0;0;0;1;0;0;1;0;0;0;0;1;0;0;0;17;0
Mis;`/` is integer division;0;1;1;0;0;1;0;0;0;1;0;0;1;0;0;0;0;1;0;1;0;17;0
Mis;`input()` requires function input;0;1;1;0;0;1;0;0;0;1;0;0;1;0;0;0;0;1;0;0;0;17;0
Mis;No method chain;0;1;1;0;0;1;0;0;0;1;0;0;1;0;0;0;0;1;0;0;0;17;0
Mis;`int()` rounds up floats;0;1;1;0;0;1;0;0;0;1;0;0;1;0;0;0;0;1;0;1;0;17;0
Mis;Multi-line strings with `" "`;0;1;1;0;0;1;0;0;0;1;0;0;1;0;0;0;0;1;0;1;0;17;0
Mis;List concat vector addition;0;1;1;0;0;1;0;0;0;1;0;0;1;0;0;0;0;1;0;1;0;17;0
Mis;`/` works on strings;0;1;1;0;0;1;0;0;0;1;0;0;1;0;0;0;0;1;0;1;0;17;0
Mis;Strings are mutable;0;1;1;0;0;1;0;0;0;1;0;0;1;0;0;0;0;1;0;0;0;17;0
Mis;No loop termination;0;1;1;0;0;1;0;0;0;1;0;0;1;0;0;0;0;1;0;1;0;17;0
Mis;Conditional Boolean return;0;1;1;0;0;1;0;0;0;1;0;0;1;0;0;0;0;1;0;0;0;17;0
Mis;Slices require indices;0;1;1;0;0;1;0;0;0;1;0;0;1;0;0;0;0;1;0;1;0;17;0
Mis;Parenthesized return;0;1;1;0;0;1;0;0;0;1;0;0;1;0;0;0;0;1;0;0;0;17;0
Mis;`%` is division;0;1;1;0;0;1;0;0;0;1;0;0;1;0;0;0;0;1;0;0;0;17;0
Mis;Iterable repetition repeated constant multiplication;0;1;1;0;0;1;0;0;0;1;0;0;1;0;0;0;0;1;0;1;0;17;0
Mis;`//` divides;0;1;1;0;0;1;0;0;0;1;0;0;1;0;0;0;0;1;0;0;0;17;0
Mis;Cannot mix index sign in slice;0;1;1;0;0;1;0;0;0;1;0;0;1;0;0;0;0;1;0;0;0;17;0
Mis;`//` is modulus;0;1;1;0;0;1;0;0;0;1;0;0;1;0;0;0;0;1;0;0;0;17;0
Mis;Slice removes;0;1;1;0;0;1;0;0;0;1;0;0;1;0;0;0;0;1;0;0;0;17;0
Mis;No nesting loops;0;1;1;0;0;1;0;0;0;1;0;0;1;0;0;0;0;1;0;0;0;17;0
Mis;Literals don't have a data type;0;1;1;0;0;1;0;0;0;1;0;0;1;0;0;0;0;1;0;1;0;17;0
Mis;`%` is integer division;0;1;1;0;0;1;0;0;0;1;0;0;1;0;0;0;0;1;0;1;0;17;0
Mis;No formatted string;0;1;1;0;0;1;0;0;0;1;0;0;1;0;0;0;0;1;0;1;0;17;0
Mis;`for` stops before last element;0;1;1;0;0;1;0;0;0;1;0;0;1;0;0;0;0;1;0;1;0;17;0
Mis;`int()` rounds floats;0;1;1;0;0;1;0;0;0;1;0;0;1;0;0;0;0;1;0;0;0;17;0
Mis;Implied repetition over logical operator;0;1;1;0;0;1;0;0;0;1;0;0;1;0;0;0;0;1;0;0;0;17;0
Mis;`for` only with `range()`;0;1;1;0;0;1;0;0;0;1;0;0;1;0;0;0;0;1;0;0;0;17;0
Mis;`while` tests after loop;0;1;1;0;0;1;0;0;0;1;0;0;1;0;0;0;0;1;0;1;0;17;0
Mis;Multi-value return;0;1;1;0;0;1;0;0;0;1;0;0;1;0;0;0;0;1;0;0;0;17;0
Mis;Strings are not objects;0;1;1;0;0;1;0;0;0;1;0;0;1;0;0;0;0;1;0;1;0;17;0
Sphere;Floats;0;1;1;0;0;1;0;0;0;1;0;0;1;0;0;0;0;1;0;1;1;17;1;0.98
Sphere;`while` loops;0;1;1;0;0;1;0;0;0;1;0;0;1;0;0;0;0;1;0;1;1;17;1;0.98
Sphere;`*` float operator;0;1;1;0;0;1;0;0;0;1;0;0;1;0;0;0;0;1;0;1;1;17;1;0.98
Sphere;`+=` integer operator;0;1;1;0;0;1;0;0;0;1;0;0;1;0;0;0;0;1;0;1;1;17;1;0.98
Sphere;`def` constructor;0;1;1;0;0;1;0;0;0;1;0;0;1;0;0;0;0;1;0;1;1;17;1;0.98
Sphere;`return` keyword;0;1;1;0;0;1;0;0;0;1;0;0;1;0;0;0;0;1;0;1;1;17;1;0.98
Sphere;`-` float operator;0;1;1;0;0;1;0;0;0;1;0;0;1;0;0;0;0;1;0;1;1;17;1;0.98
Sphere;`-` integer operator;0;1;1;0;0;1;0;0;0;1;0;0;1;0;0;0;0;1;0;1;1;17;1;0.98
Sphere;Integers;0;1;1;0;0;1;0;0;0;1;0;0;1;0;0;0;0;1;0;1;1;17;1;0.98
Sphere;`=` operator;0;1;1;0;0;1;0;0;0;1;0;0;1;0;0;0;0;1;0;1;1;17;1;0.98
Sphere;`>` integer operator;0;1;1;0;0;1;0;0;0;1;0;0;1;0;0;0;0;1;0;1;1;17;1;0.98
Sphere;Assignment;0;1;1;0;0;1;0;0;0;1;0;0;1;0;0;0;0;1;0;1;1;17;1;0.98
Sphere;`+` integer operator;0;1;1;0;0;1;0;0;0;1;0;0;1;0;0;0;0;1;0;1;1;17;1;0.98
Sphere;Variables;0;1;1;0;0;1;0;0;0;1;0;0;1;0;0;0;0;1;0;1;1;17;1;0.98
Sphere;Booleans;0;1;1;0;0;1;0;0;0;1;0;0;1;0;0;0;0;1;0;1;1;17;1;0.98
Sphere;Functions;0;1;1;0;0;1;0;0;0;1;0;0;1;0;0;0;0;1;0;1;1;17;1;0.98
Sphere;`str()` function;0;1;1;0;0;1;0;0;0;1;0;0;1;0;0;0;0;1;0;0;0;17;1;0.9200000000000002
Sphere;`+=` float operator;0;1;1;0;0;1;0;0;0;1;0;0;1;0;0;0;0;1;0;0;0;17;1;0.8
Sphere;Built-in Functions;0;1;1;0;0;1;0;0;0;1;0;0;1;0;0;0;0;1;0;0;0;17;0;1e-08
Sphere;Secondary Memory;0;1;1;0;0;1;0;0;0;1;0;0;1;0;0;0;0;1;0;0;0;17;1;0.8
Sphere;`*=` float operator;0;1;1;0;0;1;0;0;0;1;0;0;1;0;0;0;0;1;0;0;0;17;1;0.8
Sphere;Conditionals;0;1;1;0;0;1;0;0;0;1;0;0;1;0;0;0;0;1;0;0;0;17;0;1e-08
Sphere;Addition;0;1;1;0;0;1;0;0;0;1;0;0;1;0;0;0;0;1;0;0;0;17;0;1e-08
Sphere;Compilers;0;1;1;0;0;1;0;0;0;1;0;0;1;0;0;0;0;1;0;0;0;17;1;0.8
Sphere;`range()` function;0;1;1;0;0;1;0;0;0;1;0;0;1;0;0;0;0;1;0;0;0;17;0;1e-08
Sphere;`%=` integer operator;0;1;1;0;0;1;0;0;0;1;0;0;1;0;0;0;0;1;0;0;0;17;1;0.9200000000000002
Sphere;Interpreters;0;1;1;0;0;1;0;0;0;1;0;0;1;0;0;0;0;1;0;0;0;17;1;0.8
Sphere;`%` float operator;0;1;1;0;0;1;0;0;0;1;0;0;1;0;0;0;0;1;0;0;0;17;1;0.9200000000000002
Sphere;`elif` keyword;0;1;1;0;0;1;0;0;0;1;0;0;1;0;0;0;0;1;0;0;0;17;0;1e-08
Sphere;`<=` float operator;0;1;1;0;0;1;0;0;0;1;0;0;1;0;0;0;0;1;0;0;0;17;0;0.8
Sphere;`<` float operator;0;1;1;0;0;1;0;0;0;1;0;0;1;0;0;0;0;1;0;0;0;17;1;0.8
Sphere;`continue` keyword;0;1;1;0;0;1;0;0;0;1;0;0;1;0;0;0;0;1;0;0;0;17;0;1e-08
Sphere;`+` string operator;0;1;1;0;0;1;0;0;0;1;0;0;1;0;0;0;0;1;0;0;0;17;1;0.9636363636363636
Sphere;`lower()` method;0;1;1;0;0;1;0;0;0;1;0;0;1;0;0;0;0;1;0;0;0;17;0;0.2
Sphere;`else` keyword;0;1;1;0;0;1;0;0;0;1;0;0;1;0;0;0;0;1;0;0;0;17;1;0.98
Sphere;`-=` integer operator;0;1;1;0;0;1;0;0;0;1;0;0;1;0;0;0;0;1;0;0;0;17;1;0.8
Sphere;`or` operator;0;1;1;0;0;1;0;0;0;1;0;0;1;0;0;0;0;1;0;0;0;17;1;0.8
Sphere;`!=` float operator;0;1;1;0;0;1;0;0;0;1;0;0;1;0;0;0;0;1;0;0;0;17;0;0.8
Sphere;`<` string operator;0;1;1;0;0;1;0;0;0;1;0;0;1;0;0;0;0;1;0;0;0;17;0;0.2
Sphere;`<` integer operator;0;1;1;0;0;1;0;0;0;1;0;0;1;0;0;0;0;1;0;0;0;17;1;0.8
Sphere;Floating point equality;0;1;1;0;0;1;0;0;0;1;0;0;1;0;0;0;0;1;0;0;0;17;1;0.8
Sphere;Comparison;0;1;1;0;0;1;0;0;0;1;0;0;1;0;0;0;0;1;0;0;0;17;0;1e-08
Sphere;`type()` function;0;1;1;0;0;1;0;0;0;1;0;0;1;0;0;0;0;1;0;0;0;17;1;0.9714285714285715
Sphere;Contracted `if`;0;1;1;0;0;1;0;0;0;1;0;0;1;0;0;0;0;1;0;0;0;17;0;1e-08
Sphere;Automatic Conversion;0;1;1;0;0;1;0;0;0;1;0;0;1;0;0;0;0;1;0;0;0;17;1;0.9578947368421054
Sphere;`+` float operator;0;1;1;0;0;1;0;0;0;1;0;0;1;0;0;0;0;1;0;0;0;17;1;0.98
Sphere;`>=` integer operator;0;1;1;0;0;1;0;0;0;1;0;0;1;0;0;0;0;1;0;0;0;17;1;0.98
Sphere;`break` keyword;0;1;1;0;0;1;0;0;0;1;0;0;1;0;0;0;0;1;0;0;0;17;0;1e-08
Sphere;CPU functionality;0;1;1;0;0;1;0;0;0;1;0;0;1;0;0;0;0;1;0;0;0;17;1;0.8
Sphere;Self Assignment;0;1;1;0;0;1;0;0;0;1;0;0;1;0;0;0;0;1;0;0;0;17;1;0.9384615384615385
Sphere;`*=` integer operator;0;1;1;0;0;1;0;0;0;1;0;0;1;0;0;0;0;1;0;0;0;17;1;0.8
Sphere;`//` float operator;0;1;1;0;0;1;0;0;0;1;0;0;1;0;0;0;0;1;0;0;0;17;1;0.9200000000000002
Sphere;`' '` constructor;0;1;1;0;0;1;0;0;0;1;0;0;1;0;0;0;0;1;0;0;0;17;1;0.9636363636363636
Sphere;`""" """` constructor;0;1;1;0;0;1;0;0;0;1;0;0;1;0;0;0;0;1;0;0;0;17;0;0.2
Sphere;`join()` method;0;1;1;0;0;1;0;0;0;1;0;0;1;0;0;0;0;1;0;0;0;17;0;1e-08
Sphere;`/` integer operator;0;1;1;0;0;1;0;0;0;1;0;0;1;0;0;0;0;1;0;0;0;17;1;0.9578947368421054
Sphere;Repetition;0;1;1;0;0;1;0;0;0;1;0;0;1;0;0;0;0;1;0;0;0;17;0;1e-08
Sphere;`//=` float operator;0;1;1;0;0;1;0;0;0;1;0;0;1;0;0;0;0;1;0;0;0;17;1;0.9200000000000002
Sphere;Control Flow;0;1;1;0;0;1;0;0;0;1;0;0;1;0;0;0;0;1;0;0;0;17;0;1e-08
Sphere;Loops;0;1;1;0;0;1;0;0;0;1;0;0;1;0;0;0;0;1;0;0;0;17;0;1e-08
Sphere;`%=` float operator;0;1;1;0;0;1;0;0;0;1;0;0;1;0;0;0;0;1;0;0;0;17;1;0.9200000000000002
Sphere;Concatenation;0;1;1;0;0;1;0;0;0;1;0;0;1;0;0;0;0;1;0;0;0;17;0;1e-08
Sphere;`*` string operator;0;1;1;0;0;1;0;0;0;1;0;0;1;0;0;0;0;1;0;0;0;17;0;0.2
Sphere;`-=` float operator;0;1;1;0;0;1;0;0;0;1;0;0;1;0;0;0;0;1;0;0;0;17;1;0.8
Sphere;`//` integer operator;0;1;1;0;0;1;0;0;0;1;0;0;1;0;0;0;0;1;0;0;0;17;1;0.9714285714285715
Sphere;Atomic Data Types;0;1;1;0;0;1;0;0;0;1;0;0;1;0;0;0;0;1;0;0;0;17;0;1e-08
Sphere;Subtraction;0;1;1;0;0;1;0;0;0;1;0;0;1;0;0;0;0;1;0;0;0;17;0;1e-08
Sphere;Type Casting;0;1;1;0;0;1;0;0;0;1;0;0;1;0;0;0;0;1;0;0;0;17;0;1e-08
Sphere;`not` operator;0;1;1;0;0;1;0;0;0;1;0;0;1;0;0;0;0;1;0;0;0;17;1;0.8
Sphere;String Slicing;0;1;1;0;0;1;0;0;0;1;0;0;1;0;0;0;0;1;0;0;0;17;0;0.2
Sphere;`and` operator;0;1;1;0;0;1;0;0;0;1;0;0;1;0;0;0;0;1;0;0;0;17;1;0.8
Sphere;`/=` integer operator;0;1;1;0;0;1;0;0;0;1;0;0;1;0;0;0;0;1;0;0;0;17;1;0.8
Sphere;Multiplication;0;1;1;0;0;1;0;0;0;1;0;0;1;0;0;0;0;1;0;0;0;17;0;1e-08
Sphere;`*` integer operator;0;1;1;0;0;1;0;0;0;1;0;0;1;0;0;0;0;1;0;0;0;17;1;0.9714285714285715
Sphere;`input()` function;0;1;1;0;0;1;0;0;0;1;0;0;1;0;0;0;0;1;0;0;0;17;1;0.9714285714285715
Sphere;Indexing;0;1;1;0;0;1;0;0;0;1;0;0;1;0;0;0;0;1;0;0;0;17;0;1e-08
Sphere;Ordered Data Structures;0;1;1;0;0;1;0;0;0;1;0;0;1;0;0;0;0;1;0;0;0;17;0;1e-08
Sphere;Formatted Strings;0;1;1;0;0;1;0;0;0;1;0;0;1;0;0;0;0;1;0;0;0;17;0;0.2
Sphere;Division;0;1;1;0;0;1;0;0;0;1;0;0;1;0;0;0;0;1;0;0;0;17;0;1e-08
Sphere;`if` keyword;0;1;1;0;0;1;0;0;0;1;0;0;1;0;0;0;0;1;0;0;0;17;1;0.98
Sphere;Equality;0;1;1;0;0;1;0;0;0;1;0;0;1;0;0;0;0;1;0;0;0;17;0;1e-08
Sphere;Strings;0;1;1;0;0;1;0;0;0;1;0;0;1;0;0;0;0;1;0;0;0;17;1;0.9714285714285715
Sphere;`==` integer operator;0;1;1;0;0;1;0;0;0;1;0;0;1;0;0;0;0;1;0;0;0;17;1;0.98
Sphere;`!=` string operator;0;1;1;0;0;1;0;0;0;1;0;0;1;0;0;0;0;1;0;0;0;17;0;0.2
Sphere;String Indexing;0;1;1;0;0;1;0;0;0;1;0;0;1;0;0;0;0;1;0;0;0;17;0;0.2
Sphere;Operator Chaining;0;1;1;0;0;1;0;0;0;1;0;0;1;0;0;0;0;1;0;0;0;17;1;0.98
Sphere;Comments;0;1;1;0;0;1;0;0;0;1;0;0;1;0;0;0;0;1;0;0;0;17;1;0.8857142857142859
Sphere;`/` float operator;0;1;1;0;0;1;0;0;0;1;0;0;1;0;0;0;0;1;0;0;0;17;1;0.8857142857142859
Sphere;`upper()` method;0;1;1;0;0;1;0;0;0;1;0;0;1;0;0;0;0;1;0;0;0;17;0;0.2
Sphere;`try` keyword;0;1;1;0;0;1;0;0;0;1;0;0;1;0;0;0;0;1;0;0;0;17;0;1e-08
Sphere;`>` float operator;0;1;1;0;0;1;0;0;0;1;0;0;1;0;0;0;0;1;0;0;0;17;1;0.98
Sphere;`==` string operator;0;1;1;0;0;1;0;0;0;1;0;0;1;0;0;0;0;1;0;0;0;17;0;0.2
Sphere;`for` loops;0;1;1;0;0;1;0;0;0;1;0;0;1;0;0;0;0;1;0;0;0;17;0;1e-08
Sphere;`" "` constructor;0;1;1;0;0;1;0;0;0;1;0;0;1;0;0;0;0;1;0;0;0;17;1;0.9636363636363636
Sphere;`int()` function;0;1;1;0;0;1;0;0;0;1;0;0;1;0;0;0;0;1;0;0;0;17;1;0.9578947368421054
Sphere;`replace()` method;0;1;1;0;0;1;0;0;0;1;0;0;1;0;0;0;0;1;0;0;0;17;0;0.2
Sphere;Integer Division;0;1;1;0;0;1;0;0;0;1;0;0;1;0;0;0;0;1;0;0;0;17;0;1e-08
Sphere;`%` integer operator;0;1;1;0;0;1;0;0;0;1;0;0;1;0;0;0;0;1;0;0;0;17;1;0.9714285714285715
Sphere;`print()` function;0;1;1;0;0;1;0;0;0;1;0;0;1;0;0;0;0;1;0;0;0;17;1;0.9714285714285715
Sphere;Order of Operations;0;1;1;0;0;1;0;0;0;1;0;0;1;0;0;0;0;1;0;0;0;17;1;0.98
Sphere;`len()` string function;0;1;1;0;0;1;0;0;0;1;0;0;1;0;0;0;0;1;0;0;0;17;0;0.2
Sphere;`<=` integer operator;0;1;1;0;0;1;0;0;0;1;0;0;1;0;0;0;0;1;0;0;0;17;1;0.8
Sphere;RAM functionality;0;1;1;0;0;1;0;0;0;1;0;0;1;0;0;0;0;1;0;0;0;17;1;0.8
Sphere;`>` string operator;0;1;1;0;0;1;0;0;0;1;0;0;1;0;0;0;0;1;0;0;0;17;0;0.2
Sphere;`/=` float operator;0;1;1;0;0;1;0;0;0;1;0;0;1;0;0;0;0;1;0;0;0;17;1;0.8
Sphere;`float()` function;0;1;1;0;0;1;0;0;0;1;0;0;1;0;0;0;0;1;0;0;0;17;1;0.9384615384615385
Sphere;Slicing;0;1;1;0;0;1;0;0;0;1;0;0;1;0;0;0;0;1;0;0;0;17;0;1e-08
Sphere;Modulus;0;1;1;0;0;1;0;0;0;1;0;0;1;0;0;0;0;1;0;0;0;17;0;1e-08
Sphere;`!=` integer operator;0;1;1;0;0;1;0;0;0;1;0;0;1;0;0;0;0;1;0;0;0;17;1;0.8
Sphere;Methods;0;1;1;0;0;1;0;0;0;1;0;0;1;0;0;0;0;1;0;0;0;17;0;1e-08
Sphere;`>=` float operator;0;1;1;0;0;1;0;0;0;1;0;0;1;0;0;0;0;1;0;0;0;17;1;0.8
Sphere;Machine Code;0;1;1;0;0;1;0;0;0;1;0;0;1;0;0;0;0;1;0;0;0;17;1;0.8
Sphere;Program Definition;0;1;1;0;0;1;0;0;0;1;0;0;1;0;0;0;0;1;0;0;0;17;1;0.8
Sphere;`//=` integer operator;0;1;1;0;0;1;0;0;0;1;0;0;1;0;0;0;0;1;0;0;0;17;1;0.9200000000000002
Sphere;`capitalize()` method;0;1;1;0;0;1;0;0;0;1;0;0;1;0;0;0;0;1;0;0;0;17;0;1e-08
==::==::==
Question;81;0
Question;20;0
Question;5;0
Question;18;0
Question;8;0
Question;53;0
Question;84;0
Question;11;0
Question;83;0
Question;9;0
Question;93;0
Question;15;0
Question;82;0
Question;85;0
Question;91;0
Question;19;0
Question;79;0
Question;48;0
Question;17;0
Question;12;0
Question;90;0
Question;14;0
Question;13;0
Question;7;0
Answer;58;0
Answer;305;0
Answer;315;0
Answer;50;0
Answer;21;0
Answer;27;0
Answer;209;0
Answer;217;0
Answer;210;0
Answer;56;0
Answer;218;0
Answer;213;0
Answer;316;0
Answer;304;0
Answer;223;0
Answer;314;0
Answer;130;0
Answer;61;0
Answer;36;0
Answer;220;0
Answer;216;0
Answer;208;0
Answer;211;0
Answer;225;0
Answer;33;0
Answer;49;0
Answer;141;0
Answer;224;0
Answer;206;0
Answer;19;0
Answer;37;0
Answer;303;0
Answer;222;0
Answer;42;0
Answer;47;0
Answer;57;0
Answer;214;0
Answer;29;0
Answer;215;0
Answer;53;0
Answer;219;0
Answer;277;0
Answer;44;0
Answer;32;0
Answer;28;0
Answer;221;0
Answer;43;0
Answer;48;0
Answer;46;0
Answer;201;0
Answer;131;0
Answer;308;0
Answer;307;0
Answer;200;0
Answer;51;0
Answer;35;0
Answer;54;0
Answer;60;0
Answer;64;0
Answer;30;0
Answer;198;0
Answer;20;0
Answer;18;0
Answer;31;0
Answer;63;0
Answer;199;0
Answer;45;0
Answer;313;0
Answer;207;0
Answer;212;0
Answer;62;0
Answer;306;0
Answer;34;0
Answer;55;0
Answer;26;0
Answer;52;0
Answer;276;0
Answer;-1;0
Mis;`<` is `not >`;0;1;1;0;0;1;0;0;0;1;0;0;1;0;0;0;1;0;0;1;0;18;0
Mis;Backwards chaining;0;1;1;0;0;1;0;0;0;1;0;0;1;0;0;0;1;0;0;0;0;18;0
Mis;`print()` needs input;0;1;1;0;0;1;0;0;0;1;0;0;1;0;0;0;1;0;0;0;0;18;0
Mis;Blank last slice non-inclusive;0;1;1;0;0;1;0;0;0;1;0;0;1;0;0;0;1;0;0;0;0;18;0
Mis;Return frame bypass;0;1;1;0;0;1;0;0;0;1;0;0;1;0;0;0;1;0;0;0;0;18;0
Mis;Functions must have input;0;1;1;0;0;1;0;0;0;1;0;0;1;0;0;0;1;0;0;0;0;18;0
Mis;No Boolean literals;0;1;1;0;0;1;0;0;0;1;0;0;1;0;0;0;1;0;0;1;0;18;0
Mis;String equality isn't case sensitive;0;1;1;0;0;1;0;0;0;1;0;0;1;0;0;0;1;0;0;1;0;18;0
Mis;Single letter variables;0;1;1;0;0;1;0;0;0;1;0;0;1;0;0;0;1;0;0;0;0;18;0
Mis;`return` on `def` indentation level;0;1;1;0;0;1;0;0;0;1;0;0;1;0;0;0;1;0;0;1;0;18;0
Mis;Iterable repetition interleaves;0;1;1;0;0;1;0;0;0;1;0;0;1;0;0;0;1;0;0;0;0;18;0
Mis;Sequenced conditionals;0;1;1;0;0;1;0;0;0;1;0;0;1;0;0;0;1;0;0;1;0;18;0
Mis;`input()` includes newline;0;1;1;0;0;1;0;0;0;1;0;0;1;0;0;0;1;0;0;0;0;18;0
Mis;Concat with single element;0;1;1;0;0;1;0;0;0;1;0;0;1;0;0;0;1;0;0;0;0;18;0
Mis;Extending strings adds space;0;1;1;0;0;1;0;0;0;1;0;0;1;0;0;0;1;0;0;1;0;18;0
Mis;Variables cannot be assigned twice;0;1;1;0;0;1;0;0;0;1;0;0;1;0;0;0;1;0;0;1;0;18;0
Mis;No `and` on objects;0;1;1;0;0;1;0;0;0;1;0;0;1;0;0;0;1;0;0;0;0;18;0
Mis;`range()` only has one input;0;1;1;0;0;1;0;0;0;1;0;0;1;0;0;0;1;0;0;0;0;18;0
Mis;Linear Order of Operations;0;1;1;0;0;1;0;0;0;1;0;0;1;0;0;0;1;0;0;1;0;18;0
Mis;`%` percentage operator;0;1;1;0;0;1;0;0;0;1;0;0;1;0;0;0;1;0;0;0;0;18;0
Mis;`self` has no value;0;1;1;0;0;1;0;0;0;1;0;0;1;0;0;0;1;0;0;1;0;18;0
Mis;Characters are strings;0;1;1;0;0;1;0;0;0;1;0;0;1;0;0;0;1;0;0;0;0;18;0
Mis;Keyword functions;0;1;1;0;0;1;0;0;0;1;0;0;1;0;0;0;1;0;0;0;0;18;0
Mis;Floating point equality okay;0;1;1;0;0;1;0;0;0;1;0;0;1;0;0;0;1;0;0;1;0;18;0
Mis;Lazy assignment;0;1;1;0;0;1;0;0;0;1;0;0;1;0;0;0;1;0;0;0;0;18;0
Mis;Index -1 is start of list;0;1;1;0;0;1;0;0;0;1;0;0;1;0;0;0;1;0;0;1;0;18;0
Mis;No variable functions;0;1;1;0;0;1;0;0;0;1;0;0;1;0;0;0;1;0;0;1;0;18;0
Mis;Multi-line strings with `' '`;0;1;1;0;0;1;0;0;0;1;0;0;1;0;0;0;1;0;0;1;0;18;0
Mis;No variable methods;0;1;1;0;0;1;0;0;0;1;0;0;1;0;0;0;1;0;0;0;0;18;0
Mis;Iterable repeition multiplies by constant;0;1;1;0;0;1;0;0;0;1;0;0;1;0;0;0;1;0;0;0;0;18;0
Mis;String methods mutate;0;1;1;0;0;1;0;0;0;1;0;0;1;0;0;0;1;0;0;0;0;18;0
Mis;No short circuit;0;1;1;0;0;1;0;0;0;1;0;0;1;0;0;0;1;0;0;1;0;18;0
Mis;Slice exclusive of first index;0;1;1;0;0;1;0;0;0;1;0;0;1;0;0;0;1;0;0;0;0;18;0
Mis;`print()` non-terminating return;0;1;1;0;0;1;0;0;0;1;0;0;1;0;0;0;1;0;0;0;0;18;0
Mis;No floating point limit;0;1;1;0;0;1;0;0;0;1;0;0;1;0;0;0;1;0;0;1;0;18;0
Mis;`>` is `not <`;0;1;1;0;0;1;0;0;0;1;0;0;1;0;0;0;1;0;0;1;0;18;0
Mis;`try` without `except`;0;1;1;0;0;1;0;0;0;1;0;0;1;0;0;0;1;0;0;1;0;18;0
Mis;Inline Function Definition;0;1;1;0;0;1;0;0;0;1;0;0;1;0;0;0;1;0;0;1;0;18;0
Mis;`print()` no newline;0;1;1;0;0;1;0;0;0;1;0;0;1;0;0;0;1;0;0;0;0;18;0
Mis;`range()` starts at 1;0;1;1;0;0;1;0;0;0;1;0;0;1;0;0;0;1;0;0;1;0;18;0
Mis;Blank slice is empty;0;1;1;0;0;1;0;0;0;1;0;0;1;0;0;0;1;0;0;0;0;18;0
Mis;`-` works on strings;0;1;1;0;0;1;0;0;0;1;0;0;1;0;0;0;1;0;0;1;0;18;0
Mis;No constructor method chain;0;1;1;0;0;1;0;0;0;1;0;0;1;0;0;0;1;0;0;0;0;18;0
Mis;`#` is an operator;0;1;1;0;0;1;0;0;0;1;0;0;1;0;0;0;1;0;0;1;0;18;0
Mis;No escape sequences;0;1;1;0;0;1;0;0;0;1;0;0;1;0;0;0;1;0;0;0;0;18;0
Mis;Methods must have input;0;1;1;0;0;1;0;0;0;1;0;0;1;0;0;0;1;0;0;0;0;18;0
Mis;Assignment duplicates;0;1;1;0;0;1;0;0;0;1;0;0;1;0;0;0;1;0;0;0;0;18;0
Mis;`=` comparison;0;1;1;0;0;1;0;0;0;1;0;0;1;0;0;0;1;0;0;1;0;18;0
Mis;No tuple return;0;1;1;0;0;1;0;0;0;1;0;0;1;0;0;0;1;0;0;0;0;18;0
Mis;`for` is `while`;0;1;1;0;0;1;0;0;0;1;0;0;1;0;0;0;1;0;0;0;0;18;0
Mis;Curly brackets stay;0;1;1;0;0;1;0;0;0;1;0;0;1;0;0;0;1;0;0;0;0;18;0
Mis;`/` is modulus;0;1;1;0;0;1;0;0;0;1;0;0;1;0;0;0;1;0;0;1;0;18;0
Mis;No implicit void functions;0;1;1;0;0;1;0;0;0;1;0;0;1;0;0;0;1;0;0;0;0;18;0
Mis;Operators cannot be chained;0;1;1;0;0;1;0;0;0;1;0;0;1;0;0;0;1;0;0;1;0;18;0
Mis;Functions must return;0;1;1;0;0;1;0;0;0;1;0;0;1;0;0;0;1;0;0;0;0;18;0
Mis;No `not` on objects;0;1;1;0;0;1;0;0;0;1;0;0;1;0;0;0;1;0;0;0;0;18;0
Mis;Ternary Boolean return;0;1;1;0;0;1;0;0;0;1;0;0;1;0;0;0;1;0;0;0;0;18;0
Mis;`if` loop;0;1;1;0;0;1;0;0;0;1;0;0;1;0;0;0;1;0;0;1;0;18;0
Mis;`range()` includes the final value;0;1;1;0;0;1;0;0;0;1;0;0;1;0;0;0;1;0;0;0;0;18;0
Mis;Methods can have no arguments;0;1;1;0;0;1;0;0;0;1;0;0;1;0;0;0;1;0;0;0;0;18;0
Mis;No string constructor method chain;0;1;1;0;0;1;0;0;0;1;0;0;1;0;0;0;1;0;0;0;0;18;0
Mis;`return` continues;0;1;1;0;0;1;0;0;0;1;0;0;1;0;0;0;1;0;0;0;0;18;0
Mis;String equality not `==`;0;1;1;0;0;1;0;0;0;1;0;0;1;0;0;0;1;0;0;0;0;18;0
Mis;String repetition adds space;0;1;1;0;0;1;0;0;0;1;0;0;1;0;0;0;1;0;0;0;0;18;0
Mis;Automatic Integer Conversion;0;1;1;0;0;1;0;0;0;1;0;0;1;0;0;0;1;0;0;1;0;18;0
Mis;Slices include last value;0;1;1;0;0;1;0;0;0;1;0;0;1;0;0;0;1;0;0;0;0;18;0
Mis;Integers limit;0;1;1;0;0;1;0;0;0;1;0;0;1;0;0;0;1;0;0;1;0;18;0
Mis;Confused string assignment;0;1;1;0;0;1;0;0;0;1;0;0;1;0;0;0;1;0;0;0;0;18;0
Mis;Lowercase Booleans;0;1;1;0;0;1;0;0;0;1;0;0;1;0;0;0;1;0;0;0;0;18;0
Mis;`pass` is `continue`;0;1;1;0;0;1;0;0;0;1;0;0;1;0;0;0;1;0;0;1;0;18;0
Mis;`print()` returns;0;1;1;0;0;1;0;0;0;1;0;0;1;0;0;0;1;0;0;1;0;18;0
Mis;`print()` only accepts one input;0;1;1;0;0;1;0;0;0;1;0;0;1;0;0;0;1;0;0;0;0;18;0
Mis;Secondary memory data loss;0;1;1;0;0;1;0;0;0;1;0;0;1;0;0;0;1;0;0;1;0;18;0
Mis;Transitive Assignment;0;1;1;0;0;1;0;0;0;1;0;0;1;0;0;0;1;0;0;1;0;18;0
Mis;No literal return;0;1;1;0;0;1;0;0;0;1;0;0;1;0;0;0;1;0;0;0;0;18;0
Mis;`input()` return value;0;1;1;0;0;1;0;0;0;1;0;0;1;0;0;0;1;0;0;1;0;18;0
Mis;Floating point `range()`;0;1;1;0;0;1;0;0;0;1;0;0;1;0;0;0;1;0;0;0;0;18;0
Mis;No `or` on objects;0;1;1;0;0;1;0;0;0;1;0;0;1;0;0;0;1;0;0;0;0;18;0
Mis;`print()` always has a newline;0;1;1;0;0;1;0;0;0;1;0;0;1;0;0;0;1;0;0;0;0;18;0
Mis;`print()` only string;0;1;1;0;0;1;0;0;0;1;0;0;1;0;0;0;1;0;0;0;0;18;0
Mis;`/` is integer division;0;1;1;0;0;1;0;0;0;1;0;0;1;0;0;0;1;0;0;1;0;18;0
Mis;`input()` requires function input;0;1;1;0;0;1;0;0;0;1;0;0;1;0;0;0;1;0;0;0;0;18;0
Mis;No method chain;0;1;1;0;0;1;0;0;0;1;0;0;1;0;0;0;1;0;0;0;0;18;0
Mis;`int()` rounds up floats;0;1;1;0;0;1;0;0;0;1;0;0;1;0;0;0;1;0;0;1;0;18;0
Mis;Multi-line strings with `" "`;0;1;1;0;0;1;0;0;0;1;0;0;1;0;0;0;1;0;0;1;0;18;0
Mis;List concat vector addition;0;1;1;0;0;1;0;0;0;1;0;0;1;0;0;0;1;0;0;1;0;18;0
Mis;`/` works on strings;0;1;1;0;0;1;0;0;0;1;0;0;1;0;0;0;1;0;0;1;0;18;0
Mis;Strings are mutable;0;1;1;0;0;1;0;0;0;1;0;0;1;0;0;0;1;0;0;0;0;18;0
Mis;No loop termination;0;1;1;0;0;1;0;0;0;1;0;0;1;0;0;0;1;0;0;1;0;18;0
Mis;Conditional Boolean return;0;1;1;0;0;1;0;0;0;1;0;0;1;0;0;0;1;0;0;0;0;18;0
Mis;Slices require indices;0;1;1;0;0;1;0;0;0;1;0;0;1;0;0;0;1;0;0;1;0;18;0
Mis;Parenthesized return;0;1;1;0;0;1;0;0;0;1;0;0;1;0;0;0;1;0;0;0;0;18;0
Mis;`%` is division;0;1;1;0;0;1;0;0;0;1;0;0;1;0;0;0;1;0;0;0;0;18;0
Mis;Iterable repetition repeated constant multiplication;0;1;1;0;0;1;0;0;0;1;0;0;1;0;0;0;1;0;0;1;0;18;0
Mis;`//` divides;0;1;1;0;0;1;0;0;0;1;0;0;1;0;0;0;1;0;0;0;0;18;0
Mis;Cannot mix index sign in slice;0;1;1;0;0;1;0;0;0;1;0;0;1;0;0;0;1;0;0;0;0;18;0
Mis;`//` is modulus;0;1;1;0;0;1;0;0;0;1;0;0;1;0;0;0;1;0;0;0;0;18;0
Mis;Slice removes;0;1;1;0;0;1;0;0;0;1;0;0;1;0;0;0;1;0;0;0;0;18;0
Mis;No nesting loops;0;1;1;0;0;1;0;0;0;1;0;0;1;0;0;0;1;0;0;0;0;18;0
Mis;Literals don't have a data type;0;1;1;0;0;1;0;0;0;1;0;0;1;0;0;0;1;0;0;1;0;18;0
Mis;`%` is integer division;0;1;1;0;0;1;0;0;0;1;0;0;1;0;0;0;1;0;0;1;0;18;0
Mis;No formatted string;0;1;1;0;0;1;0;0;0;1;0;0;1;0;0;0;1;0;0;1;0;18;0
Mis;`for` stops before last element;0;1;1;0;0;1;0;0;0;1;0;0;1;0;0;0;1;0;0;1;0;18;0
Mis;`int()` rounds floats;0;1;1;0;0;1;0;0;0;1;0;0;1;0;0;0;1;0;0;0;0;18;0
Mis;Implied repetition over logical operator;0;1;1;0;0;1;0;0;0;1;0;0;1;0;0;0;1;0;0;0;0;18;0
Mis;`for` only with `range()`;0;1;1;0;0;1;0;0;0;1;0;0;1;0;0;0;1;0;0;0;0;18;0
Mis;`while` tests after loop;0;1;1;0;0;1;0;0;0;1;0;0;1;0;0;0;1;0;0;1;0;18;0
Mis;Multi-value return;0;1;1;0;0;1;0;0;0;1;0;0;1;0;0;0;1;0;0;0;0;18;0
Mis;Strings are not objects;0;1;1;0;0;1;0;0;0;1;0;0;1;0;0;0;1;0;0;1;0;18;0
Sphere;Formatted Strings;0;1;1;0;0;1;0;0;0;1;0;0;1;0;0;0;1;0;0;1;0;18;1;0.9813953488372094
Sphere;Strings;0;1;1;0;0;1;0;0;0;1;0;0;1;0;0;0;1;0;0;1;0;18;1;0.9813953488372094
Sphere;`!=` string operator;0;1;1;0;0;1;0;0;0;1;0;0;1;0;0;0;1;0;0;1;0;18;1;0.9813953488372094
Sphere;`upper()` method;0;1;1;0;0;1;0;0;0;1;0;0;1;0;0;0;1;0;0;1;0;18;1;0.9813953488372094
Sphere;`lower()` method;0;1;1;0;0;1;0;0;0;1;0;0;1;0;0;0;1;0;0;1;0;18;1;0.9813953488372094
Sphere;`==` string operator;0;1;1;0;0;1;0;0;0;1;0;0;1;0;0;0;1;0;0;1;0;18;1;0.9813953488372094
Sphere;`+` string operator;0;1;1;0;0;1;0;0;0;1;0;0;1;0;0;0;1;0;0;1;0;18;1;0.9813953488372094
Sphere;`" "` constructor;0;1;1;0;0;1;0;0;0;1;0;0;1;0;0;0;1;0;0;1;0;18;1;0.9813953488372094
Sphere;`replace()` method;0;1;1;0;0;1;0;0;0;1;0;0;1;0;0;0;1;0;0;1;0;18;1;0.9813953488372094
Sphere;`<` string operator;0;1;1;0;0;1;0;0;0;1;0;0;1;0;0;0;1;0;0;1;0;18;1;0.9813953488372094
Sphere;`print()` function;0;1;1;0;0;1;0;0;0;1;0;0;1;0;0;0;1;0;0;1;0;18;1;0.9813953488372094
Sphere;`len()` string function;0;1;1;0;0;1;0;0;0;1;0;0;1;0;0;0;1;0;0;1;0;18;1;0.9813953488372094
Sphere;`>` string operator;0;1;1;0;0;1;0;0;0;1;0;0;1;0;0;0;1;0;0;1;0;18;1;0.9813953488372094
Sphere;`' '` constructor;0;1;1;0;0;1;0;0;0;1;0;0;1;0;0;0;1;0;0;1;0;18;1;0.9813953488372094
Sphere;`""" """` constructor;0;1;1;0;0;1;0;0;0;1;0;0;1;0;0;0;1;0;0;1;0;18;1;0.9813953488372094
Sphere;`=` operator;0;1;1;0;0;1;0;0;0;1;0;0;1;0;0;0;1;0;0;1;0;18;1;0.9813953488372094
Sphere;`*` string operator;0;1;1;0;0;1;0;0;0;1;0;0;1;0;0;0;1;0;0;1;0;18;1;0.9813953488372094
Sphere;String Slicing;0;1;1;0;0;1;0;0;0;1;0;0;1;0;0;0;1;0;0;1;0;18;1;0.9813953488372094
Sphere;`def` constructor;0;1;1;0;0;1;0;0;0;1;0;0;1;0;0;0;1;0;0;1;0;18;1;0.9813953488372094
Sphere;`input()` function;0;1;1;0;0;1;0;0;0;1;0;0;1;0;0;0;1;0;0;1;0;18;1;0.9813953488372094
Sphere;Variables;0;1;1;0;0;1;0;0;0;1;0;0;1;0;0;0;1;0;0;1;0;18;1;0.9813953488372094
Sphere;Assignment;0;1;1;0;0;1;0;0;0;1;0;0;1;0;0;0;1;0;0;1;0;18;1;0.9813953488372094
Sphere;String Indexing;0;1;1;0;0;1;0;0;0;1;0;0;1;0;0;0;1;0;0;1;0;18;1;0.9813953488372094
Sphere;Functions;0;1;1;0;0;1;0;0;0;1;0;0;1;0;0;0;1;0;0;1;0;18;1;0.9813953488372094
Sphere;`str()` function;0;1;1;0;0;1;0;0;0;1;0;0;1;0;0;0;1;0;0;0;0;18;1;0.9200000000000002
Sphere;Floats;0;1;1;0;0;1;0;0;0;1;0;0;1;0;0;0;1;0;0;0;0;18;1;0.98
Sphere;`+=` float operator;0;1;1;0;0;1;0;0;0;1;0;0;1;0;0;0;1;0;0;0;0;18;1;0.8
Sphere;Built-in Functions;0;1;1;0;0;1;0;0;0;1;0;0;1;0;0;0;1;0;0;0;0;18;0;1e-08
Sphere;`+=` integer operator;0;1;1;0;0;1;0;0;0;1;0;0;1;0;0;0;1;0;0;0;0;18;1;0.98
Sphere;Secondary Memory;0;1;1;0;0;1;0;0;0;1;0;0;1;0;0;0;1;0;0;0;0;18;1;0.8
Sphere;`*=` float operator;0;1;1;0;0;1;0;0;0;1;0;0;1;0;0;0;1;0;0;0;0;18;1;0.8
Sphere;Conditionals;0;1;1;0;0;1;0;0;0;1;0;0;1;0;0;0;1;0;0;0;0;18;0;1e-08
Sphere;Addition;0;1;1;0;0;1;0;0;0;1;0;0;1;0;0;0;1;0;0;0;0;18;0;1e-08
Sphere;Compilers;0;1;1;0;0;1;0;0;0;1;0;0;1;0;0;0;1;0;0;0;0;18;1;0.8
Sphere;`range()` function;0;1;1;0;0;1;0;0;0;1;0;0;1;0;0;0;1;0;0;0;0;18;0;1e-08
Sphere;`%=` integer operator;0;1;1;0;0;1;0;0;0;1;0;0;1;0;0;0;1;0;0;0;0;18;1;0.9200000000000002
Sphere;Interpreters;0;1;1;0;0;1;0;0;0;1;0;0;1;0;0;0;1;0;0;0;0;18;1;0.8
Sphere;Booleans;0;1;1;0;0;1;0;0;0;1;0;0;1;0;0;0;1;0;0;0;0;18;1;0.98
Sphere;`%` float operator;0;1;1;0;0;1;0;0;0;1;0;0;1;0;0;0;1;0;0;0;0;18;1;0.9200000000000002
Sphere;`elif` keyword;0;1;1;0;0;1;0;0;0;1;0;0;1;0;0;0;1;0;0;0;0;18;0;1e-08
Sphere;`<=` float operator;0;1;1;0;0;1;0;0;0;1;0;0;1;0;0;0;1;0;0;0;0;18;0;0.8
Sphere;`<` float operator;0;1;1;0;0;1;0;0;0;1;0;0;1;0;0;0;1;0;0;0;0;18;1;0.8
Sphere;`continue` keyword;0;1;1;0;0;1;0;0;0;1;0;0;1;0;0;0;1;0;0;0;0;18;0;1e-08
Sphere;`else` keyword;0;1;1;0;0;1;0;0;0;1;0;0;1;0;0;0;1;0;0;0;0;18;1;0.98
Sphere;`-=` integer operator;0;1;1;0;0;1;0;0;0;1;0;0;1;0;0;0;1;0;0;0;0;18;1;0.8
Sphere;`or` operator;0;1;1;0;0;1;0;0;0;1;0;0;1;0;0;0;1;0;0;0;0;18;1;0.8
Sphere;`!=` float operator;0;1;1;0;0;1;0;0;0;1;0;0;1;0;0;0;1;0;0;0;0;18;0;0.8
Sphere;`<` integer operator;0;1;1;0;0;1;0;0;0;1;0;0;1;0;0;0;1;0;0;0;0;18;1;0.8
Sphere;Floating point equality;0;1;1;0;0;1;0;0;0;1;0;0;1;0;0;0;1;0;0;0;0;18;1;0.8
Sphere;Comparison;0;1;1;0;0;1;0;0;0;1;0;0;1;0;0;0;1;0;0;0;0;18;0;1e-08
Sphere;`type()` function;0;1;1;0;0;1;0;0;0;1;0;0;1;0;0;0;1;0;0;0;0;18;1;0.9714285714285715
Sphere;Contracted `if`;0;1;1;0;0;1;0;0;0;1;0;0;1;0;0;0;1;0;0;0;0;18;0;1e-08
Sphere;Automatic Conversion;0;1;1;0;0;1;0;0;0;1;0;0;1;0;0;0;1;0;0;0;0;18;1;0.9578947368421054
Sphere;`+` float operator;0;1;1;0;0;1;0;0;0;1;0;0;1;0;0;0;1;0;0;0;0;18;1;0.98
Sphere;`>=` integer operator;0;1;1;0;0;1;0;0;0;1;0;0;1;0;0;0;1;0;0;0;0;18;1;0.98
Sphere;`break` keyword;0;1;1;0;0;1;0;0;0;1;0;0;1;0;0;0;1;0;0;0;0;18;0;1e-08
Sphere;CPU functionality;0;1;1;0;0;1;0;0;0;1;0;0;1;0;0;0;1;0;0;0;0;18;1;0.8
Sphere;Self Assignment;0;1;1;0;0;1;0;0;0;1;0;0;1;0;0;0;1;0;0;0;0;18;1;0.9384615384615385
Sphere;`*=` integer operator;0;1;1;0;0;1;0;0;0;1;0;0;1;0;0;0;1;0;0;0;0;18;1;0.8
Sphere;`//` float operator;0;1;1;0;0;1;0;0;0;1;0;0;1;0;0;0;1;0;0;0;0;18;1;0.9200000000000002
Sphere;`join()` method;0;1;1;0;0;1;0;0;0;1;0;0;1;0;0;0;1;0;0;0;0;18;0;1e-08
Sphere;`/` integer operator;0;1;1;0;0;1;0;0;0;1;0;0;1;0;0;0;1;0;0;0;0;18;1;0.9578947368421054
Sphere;Repetition;0;1;1;0;0;1;0;0;0;1;0;0;1;0;0;0;1;0;0;0;0;18;0;1e-08
Sphere;`//=` float operator;0;1;1;0;0;1;0;0;0;1;0;0;1;0;0;0;1;0;0;0;0;18;1;0.9200000000000002
Sphere;Control Flow;0;1;1;0;0;1;0;0;0;1;0;0;1;0;0;0;1;0;0;0;0;18;0;1e-08
Sphere;Loops;0;1;1;0;0;1;0;0;0;1;0;0;1;0;0;0;1;0;0;0;0;18;0;1e-08
Sphere;Integers;0;1;1;0;0;1;0;0;0;1;0;0;1;0;0;0;1;0;0;0;0;18;1;0.98
Sphere;`%=` float operator;0;1;1;0;0;1;0;0;0;1;0;0;1;0;0;0;1;0;0;0;0;18;1;0.9200000000000002
Sphere;Concatenation;0;1;1;0;0;1;0;0;0;1;0;0;1;0;0;0;1;0;0;0;0;18;0;1e-08
Sphere;`-=` float operator;0;1;1;0;0;1;0;0;0;1;0;0;1;0;0;0;1;0;0;0;0;18;1;0.8
Sphere;`//` integer operator;0;1;1;0;0;1;0;0;0;1;0;0;1;0;0;0;1;0;0;0;0;18;1;0.9714285714285715
Sphere;`*` float operator;0;1;1;0;0;1;0;0;0;1;0;0;1;0;0;0;1;0;0;0;0;18;1;0.98
Sphere;Atomic Data Types;0;1;1;0;0;1;0;0;0;1;0;0;1;0;0;0;1;0;0;0;0;18;0;1e-08
Sphere;Subtraction;0;1;1;0;0;1;0;0;0;1;0;0;1;0;0;0;1;0;0;0;0;18;0;1e-08
Sphere;Type Casting;0;1;1;0;0;1;0;0;0;1;0;0;1;0;0;0;1;0;0;0;0;18;0;1e-08
Sphere;`not` operator;0;1;1;0;0;1;0;0;0;1;0;0;1;0;0;0;1;0;0;0;0;18;1;0.8
Sphere;`and` operator;0;1;1;0;0;1;0;0;0;1;0;0;1;0;0;0;1;0;0;0;0;18;1;0.8
Sphere;`/=` integer operator;0;1;1;0;0;1;0;0;0;1;0;0;1;0;0;0;1;0;0;0;0;18;1;0.8
Sphere;Multiplication;0;1;1;0;0;1;0;0;0;1;0;0;1;0;0;0;1;0;0;0;0;18;0;1e-08
Sphere;`*` integer operator;0;1;1;0;0;1;0;0;0;1;0;0;1;0;0;0;1;0;0;0;0;18;1;0.9714285714285715
Sphere;`return` keyword;0;1;1;0;0;1;0;0;0;1;0;0;1;0;0;0;1;0;0;0;0;18;1;0.98
Sphere;Indexing;0;1;1;0;0;1;0;0;0;1;0;0;1;0;0;0;1;0;0;0;0;18;0;1e-08
Sphere;Ordered Data Structures;0;1;1;0;0;1;0;0;0;1;0;0;1;0;0;0;1;0;0;0;0;18;0;1e-08
Sphere;`+` integer operator;0;1;1;0;0;1;0;0;0;1;0;0;1;0;0;0;1;0;0;0;0;18;1;0.98
Sphere;Division;0;1;1;0;0;1;0;0;0;1;0;0;1;0;0;0;1;0;0;0;0;18;0;1e-08
Sphere;`if` keyword;0;1;1;0;0;1;0;0;0;1;0;0;1;0;0;0;1;0;0;0;0;18;1;0.98
Sphere;Equality;0;1;1;0;0;1;0;0;0;1;0;0;1;0;0;0;1;0;0;0;0;18;0;1e-08
Sphere;`==` integer operator;0;1;1;0;0;1;0;0;0;1;0;0;1;0;0;0;1;0;0;0;0;18;1;0.98
Sphere;`-` integer operator;0;1;1;0;0;1;0;0;0;1;0;0;1;0;0;0;1;0;0;0;0;18;1;0.98
Sphere;Operator Chaining;0;1;1;0;0;1;0;0;0;1;0;0;1;0;0;0;1;0;0;0;0;18;1;0.98
Sphere;Comments;0;1;1;0;0;1;0;0;0;1;0;0;1;0;0;0;1;0;0;0;0;18;1;0.8857142857142859
Sphere;`/` float operator;0;1;1;0;0;1;0;0;0;1;0;0;1;0;0;0;1;0;0;0;0;18;1;0.8857142857142859
Sphere;`try` keyword;0;1;1;0;0;1;0;0;0;1;0;0;1;0;0;0;1;0;0;0;0;18;0;1e-08
Sphere;`>` float operator;0;1;1;0;0;1;0;0;0;1;0;0;1;0;0;0;1;0;0;0;0;18;1;0.98
Sphere;`for` loops;0;1;1;0;0;1;0;0;0;1;0;0;1;0;0;0;1;0;0;0;0;18;0;1e-08
Sphere;`int()` function;0;1;1;0;0;1;0;0;0;1;0;0;1;0;0;0;1;0;0;0;0;18;1;0.9578947368421054
Sphere;Integer Division;0;1;1;0;0;1;0;0;0;1;0;0;1;0;0;0;1;0;0;0;0;18;0;1e-08
Sphere;`%` integer operator;0;1;1;0;0;1;0;0;0;1;0;0;1;0;0;0;1;0;0;0;0;18;1;0.9714285714285715
Sphere;Order of Operations;0;1;1;0;0;1;0;0;0;1;0;0;1;0;0;0;1;0;0;0;0;18;1;0.98
Sphere;`<=` integer operator;0;1;1;0;0;1;0;0;0;1;0;0;1;0;0;0;1;0;0;0;0;18;1;0.8
Sphere;RAM functionality;0;1;1;0;0;1;0;0;0;1;0;0;1;0;0;0;1;0;0;0;0;18;1;0.8
Sphere;`/=` float operator;0;1;1;0;0;1;0;0;0;1;0;0;1;0;0;0;1;0;0;0;0;18;1;0.8
Sphere;`-` float operator;0;1;1;0;0;1;0;0;0;1;0;0;1;0;0;0;1;0;0;0;0;18;1;0.98
Sphere;`float()` function;0;1;1;0;0;1;0;0;0;1;0;0;1;0;0;0;1;0;0;0;0;18;1;0.9384615384615385
Sphere;Slicing;0;1;1;0;0;1;0;0;0;1;0;0;1;0;0;0;1;0;0;0;0;18;0;1e-08
Sphere;Modulus;0;1;1;0;0;1;0;0;0;1;0;0;1;0;0;0;1;0;0;0;0;18;0;1e-08
Sphere;`!=` integer operator;0;1;1;0;0;1;0;0;0;1;0;0;1;0;0;0;1;0;0;0;0;18;1;0.8
Sphere;`>` integer operator;0;1;1;0;0;1;0;0;0;1;0;0;1;0;0;0;1;0;0;0;0;18;1;0.98
Sphere;`while` loops;0;1;1;0;0;1;0;0;0;1;0;0;1;0;0;0;1;0;0;0;0;18;1;0.98
Sphere;Methods;0;1;1;0;0;1;0;0;0;1;0;0;1;0;0;0;1;0;0;0;0;18;0;1e-08
Sphere;`>=` float operator;0;1;1;0;0;1;0;0;0;1;0;0;1;0;0;0;1;0;0;0;0;18;1;0.8
Sphere;Machine Code;0;1;1;0;0;1;0;0;0;1;0;0;1;0;0;0;1;0;0;0;0;18;1;0.8
Sphere;Program Definition;0;1;1;0;0;1;0;0;0;1;0;0;1;0;0;0;1;0;0;0;0;18;1;0.8
Sphere;`//=` integer operator;0;1;1;0;0;1;0;0;0;1;0;0;1;0;0;0;1;0;0;0;0;18;1;0.9200000000000002
Sphere;`capitalize()` method;0;1;1;0;0;1;0;0;0;1;0;0;1;0;0;0;1;0;0;0;0;18;0;1e-08
==::==::==
Question;81;0
Question;20;1
Question;5;0
Question;18;0
Question;8;0
Question;53;1
Question;84;0
Question;11;0
Question;83;0
Question;9;0
Question;93;0
Question;15;0
Question;82;0
Question;85;0
Question;91;0
Question;19;0
Question;79;0
Question;48;1
Question;17;0
Question;12;0
Question;90;0
Question;14;0
Question;13;0
Question;7;0
Answer;58;0
Answer;305;0
Answer;315;0
Answer;50;0
Answer;21;0
Answer;27;0
Answer;209;0
Answer;217;0
Answer;210;0
Answer;56;0
Answer;218;0
Answer;213;0
Answer;316;0
Answer;304;0
Answer;223;0
Answer;314;0
Answer;130;1
Answer;61;0
Answer;36;0
Answer;220;0
Answer;216;0
Answer;208;0
Answer;211;0
Answer;225;0
Answer;33;0
Answer;49;0
Answer;141;1
Answer;224;0
Answer;206;0
Answer;19;0
Answer;37;0
Answer;303;0
Answer;222;0
Answer;42;0
Answer;47;0
Answer;57;0
Answer;214;0
Answer;29;0
Answer;215;0
Answer;53;0
Answer;219;0
Answer;277;0
Answer;44;0
Answer;32;0
Answer;28;0
Answer;221;0
Answer;43;0
Answer;48;0
Answer;46;0
Answer;201;0
Answer;131;0
Answer;308;0
Answer;307;0
Answer;200;0
Answer;51;0
Answer;35;0
Answer;54;0
Answer;60;0
Answer;64;1
Answer;30;0
Answer;198;0
Answer;20;0
Answer;18;0
Answer;31;0
Answer;63;0
Answer;199;0
Answer;45;0
Answer;313;0
Answer;207;0
Answer;212;0
Answer;62;0
Answer;306;0
Answer;34;0
Answer;55;0
Answer;26;0
Answer;52;0
Answer;276;0
Answer;-1;0
Mis;`<` is `not >`;0;1;1;0;0;1;0;0;0;1;0;0;1;0;0;0;0;1;0;1;0;19;0
Mis;Backwards chaining;0;1;1;0;0;1;0;0;0;1;0;0;1;0;0;0;0;1;0;0;0;19;0
Mis;`print()` needs input;0;1;1;0;0;1;0;0;0;1;0;0;1;0;0;0;0;1;0;0;0;19;0
Mis;Blank last slice non-inclusive;0;1;1;0;0;1;0;0;0;1;0;0;1;0;0;0;0;1;0;0;0;19;0
Mis;Return frame bypass;0;1;1;0;0;1;0;0;0;1;0;0;1;0;0;0;0;1;0;0;0;19;0
Mis;Functions must have input;0;1;1;0;0;1;0;0;0;1;0;0;1;0;0;0;0;1;0;0;0;19;0
Mis;No Boolean literals;0;1;1;0;0;1;0;0;0;1;0;0;1;0;0;0;0;1;0;1;0;19;0
Mis;String equality isn't case sensitive;0;1;1;0;0;1;0;0;0;1;0;0;1;0;0;0;0;1;0;1;0;19;0
Mis;Single letter variables;0;1;1;0;0;1;0;0;0;1;0;0;1;0;0;0;0;1;0;0;0;19;0
Mis;`return` on `def` indentation level;0;1;1;0;0;1;0;0;0;1;0;0;1;0;0;0;0;1;0;1;0;19;0
Mis;Iterable repetition interleaves;0;1;1;0;0;1;0;0;0;1;0;0;1;0;0;0;0;1;0;0;0;19;0
Mis;Sequenced conditionals;0;1;1;0;0;1;0;0;0;1;0;0;1;0;0;0;0;1;0;1;0;19;0
Mis;`input()` includes newline;0;1;1;0;0;1;0;0;0;1;0;0;1;0;0;0;0;1;0;0;0;19;0
Mis;Concat with single element;0;1;1;0;0;1;0;0;0;1;0;0;1;0;0;0;0;1;0;0;0;19;0
Mis;Extending strings adds space;0;1;1;0;0;1;0;0;0;1;0;0;1;0;0;0;0;1;0;1;0;19;0
Mis;Variables cannot be assigned twice;0;1;1;0;0;1;0;0;0;1;0;0;1;0;0;0;0;1;0;1;0;19;0
Mis;No `and` on objects;0;1;1;0;0;1;0;0;0;1;0;0;1;0;0;0;0;1;0;0;0;19;0
Mis;`range()` only has one input;0;1;1;0;0;1;0;0;0;1;0;0;1;0;0;0;0;1;0;0;0;19;0
Mis;Linear Order of Operations;0;1;1;0;0;1;0;0;0;1;0;0;1;0;0;0;0;1;0;1;0;19;0
Mis;`%` percentage operator;0;1;1;0;0;1;0;0;0;1;0;0;1;0;0;0;0;1;0;0;0;19;0
Mis;`self` has no value;0;1;1;0;0;1;0;0;0;1;0;0;1;0;0;0;0;1;0;1;0;19;0
Mis;Characters are strings;0;1;1;0;0;1;0;0;0;1;0;0;1;0;0;0;0;1;0;0;0;19;0
Mis;Keyword functions;0;1;1;0;0;1;0;0;0;1;0;0;1;0;0;0;0;1;0;0;0;19;0
Mis;Floating point equality okay;0;1;1;0;0;1;0;0;0;1;0;0;1;0;0;0;0;1;0;1;0;19;0
Mis;Lazy assignment;0;1;1;0;0;1;0;0;0;1;0;0;1;0;0;0;0;1;0;0;0;19;0
Mis;Index -1 is start of list;0;1;1;0;0;1;0;0;0;1;0;0;1;0;0;0;0;1;0;1;0;19;0
Mis;No variable functions;0;1;1;0;0;1;0;0;0;1;0;0;1;0;0;0;0;1;0;1;0;19;0
Mis;Multi-line strings with `' '`;0;1;1;0;0;1;0;0;0;1;0;0;1;0;0;0;0;1;0;1;0;19;0
Mis;No variable methods;0;1;1;0;0;1;0;0;0;1;0;0;1;0;0;0;0;1;0;0;0;19;0
Mis;Iterable repeition multiplies by constant;0;1;1;0;0;1;0;0;0;1;0;0;1;0;0;0;0;1;0;0;0;19;0
Mis;String methods mutate;0;1;1;0;0;1;0;0;0;1;0;0;1;0;0;0;0;1;0;0;0;19;0
Mis;No short circuit;0;1;1;0;0;1;0;0;0;1;0;0;1;0;0;0;0;1;0;1;0;19;0
Mis;Slice exclusive of first index;0;1;1;0;0;1;0;0;0;1;0;0;1;0;0;0;0;1;0;0;0;19;0
Mis;`print()` non-terminating return;0;1;1;0;0;1;0;0;0;1;0;0;1;0;0;0;0;1;0;0;0;19;0
Mis;No floating point limit;0;1;1;0;0;1;0;0;0;1;0;0;1;0;0;0;0;1;0;1;0;19;0
Mis;`>` is `not <`;0;1;1;0;0;1;0;0;0;1;0;0;1;0;0;0;0;1;0;1;0;19;0
Mis;`try` without `except`;0;1;1;0;0;1;0;0;0;1;0;0;1;0;0;0;0;1;0;1;0;19;0
Mis;Inline Function Definition;0;1;1;0;0;1;0;0;0;1;0;0;1;0;0;0;0;1;0;1;0;19;0
Mis;`print()` no newline;0;1;1;0;0;1;0;0;0;1;0;0;1;0;0;0;0;1;0;0;0;19;0
Mis;`range()` starts at 1;0;1;1;0;0;1;0;0;0;1;0;0;1;0;0;0;0;1;0;1;0;19;0
Mis;Blank slice is empty;0;1;1;0;0;1;0;0;0;1;0;0;1;0;0;0;0;1;0;0;0;19;0
Mis;`-` works on strings;0;1;1;0;0;1;0;0;0;1;0;0;1;0;0;0;0;1;0;1;0;19;0
Mis;No constructor method chain;0;1;1;0;0;1;0;0;0;1;0;0;1;0;0;0;0;1;0;0;0;19;0
Mis;`#` is an operator;0;1;1;0;0;1;0;0;0;1;0;0;1;0;0;0;0;1;0;1;0;19;0
Mis;No escape sequences;0;1;1;0;0;1;0;0;0;1;0;0;1;0;0;0;0;1;0;0;0;19;0
Mis;Methods must have input;0;1;1;0;0;1;0;0;0;1;0;0;1;0;0;0;0;1;0;0;0;19;0
Mis;Assignment duplicates;0;1;1;0;0;1;0;0;0;1;0;0;1;0;0;0;0;1;0;0;0;19;0
Mis;`=` comparison;0;1;1;0;0;1;0;0;0;1;0;0;1;0;0;0;0;1;0;1;0;19;0
Mis;No tuple return;0;1;1;0;0;1;0;0;0;1;0;0;1;0;0;0;0;1;0;0;0;19;0
Mis;`for` is `while`;0;1;1;0;0;1;0;0;0;1;0;0;1;0;0;0;0;1;0;0;0;19;0
Mis;Curly brackets stay;0;1;1;0;0;1;0;0;0;1;0;0;1;0;0;0;0;1;0;0;0;19;0
Mis;`/` is modulus;0;1;1;0;0;1;0;0;0;1;0;0;1;0;0;0;0;1;0;1;0;19;0
Mis;No implicit void functions;0;1;1;0;0;1;0;0;0;1;0;0;1;0;0;0;0;1;0;0;0;19;0
Mis;Operators cannot be chained;0;1;1;0;0;1;0;0;0;1;0;0;1;0;0;0;0;1;0;1;0;19;0
Mis;Functions must return;0;1;1;0;0;1;0;0;0;1;0;0;1;0;0;0;0;1;0;0;0;19;0
Mis;No `not` on objects;0;1;1;0;0;1;0;0;0;1;0;0;1;0;0;0;0;1;0;0;0;19;0
Mis;Ternary Boolean return;0;1;1;0;0;1;0;0;0;1;0;0;1;0;0;0;0;1;0;0;0;19;0
Mis;`if` loop;0;1;1;0;0;1;0;0;0;1;0;0;1;0;0;0;0;1;0;1;0;19;0
Mis;`range()` includes the final value;0;1;1;0;0;1;0;0;0;1;0;0;1;0;0;0;0;1;0;0;0;19;0
Mis;Methods can have no arguments;0;1;1;0;0;1;0;0;0;1;0;0;1;0;0;0;0;1;0;0;0;19;0
Mis;No string constructor method chain;0;1;1;0;0;1;0;0;0;1;0;0;1;0;0;0;0;1;0;0;0;19;0
Mis;`return` continues;0;1;1;0;0;1;0;0;0;1;0;0;1;0;0;0;0;1;0;0;0;19;0
Mis;String equality not `==`;0;1;1;0;0;1;0;0;0;1;0;0;1;0;0;0;0;1;0;0;0;19;0
Mis;String repetition adds space;0;1;1;0;0;1;0;0;0;1;0;0;1;0;0;0;0;1;0;0;0;19;0
Mis;Automatic Integer Conversion;0;1;1;0;0;1;0;0;0;1;0;0;1;0;0;0;0;1;0;1;0;19;0
Mis;Slices include last value;0;1;1;0;0;1;0;0;0;1;0;0;1;0;0;0;0;1;0;0;0;19;0
Mis;Integers limit;0;1;1;0;0;1;0;0;0;1;0;0;1;0;0;0;0;1;0;1;0;19;0
Mis;Confused string assignment;0;1;1;0;0;1;0;0;0;1;0;0;1;0;0;0;0;1;0;0;0;19;0
Mis;Lowercase Booleans;0;1;1;0;0;1;0;0;0;1;0;0;1;0;0;0;0;1;0;0;0;19;0
Mis;`pass` is `continue`;0;1;1;0;0;1;0;0;0;1;0;0;1;0;0;0;0;1;0;1;0;19;0
Mis;`print()` returns;0;1;1;0;0;1;0;0;0;1;0;0;1;0;0;0;0;1;0;1;0;19;0
Mis;`print()` only accepts one input;0;1;1;0;0;1;0;0;0;1;0;0;1;0;0;0;0;1;0;0;0;19;0
Mis;Secondary memory data loss;0;1;1;0;0;1;0;0;0;1;0;0;1;0;0;0;0;1;0;1;0;19;0
Mis;Transitive Assignment;0;1;1;0;0;1;0;0;0;1;0;0;1;0;0;0;0;1;0;1;0;19;0
Mis;No literal return;0;1;1;0;0;1;0;0;0;1;0;0;1;0;0;0;0;1;0;0;0;19;0
Mis;`input()` return value;0;1;1;0;0;1;0;0;0;1;0;0;1;0;0;0;0;1;0;1;0;19;0
Mis;Floating point `range()`;0;1;1;0;0;1;0;0;0;1;0;0;1;0;0;0;0;1;0;0;0;19;0
Mis;No `or` on objects;0;1;1;0;0;1;0;0;0;1;0;0;1;0;0;0;0;1;0;0;0;19;0
Mis;`print()` always has a newline;0;1;1;0;0;1;0;0;0;1;0;0;1;0;0;0;0;1;0;0;0;19;0
Mis;`print()` only string;0;1;1;0;0;1;0;0;0;1;0;0;1;0;0;0;0;1;0;0;0;19;0
Mis;`/` is integer division;0;1;1;0;0;1;0;0;0;1;0;0;1;0;0;0;0;1;0;1;0;19;0
Mis;`input()` requires function input;0;1;1;0;0;1;0;0;0;1;0;0;1;0;0;0;0;1;0;0;0;19;0
Mis;No method chain;0;1;1;0;0;1;0;0;0;1;0;0;1;0;0;0;0;1;0;0;0;19;0
Mis;`int()` rounds up floats;0;1;1;0;0;1;0;0;0;1;0;0;1;0;0;0;0;1;0;1;0;19;0
Mis;Multi-line strings with `" "`;0;1;1;0;0;1;0;0;0;1;0;0;1;0;0;0;0;1;0;1;0;19;0
Mis;List concat vector addition;0;1;1;0;0;1;0;0;0;1;0;0;1;0;0;0;0;1;0;1;0;19;0
Mis;`/` works on strings;0;1;1;0;0;1;0;0;0;1;0;0;1;0;0;0;0;1;0;1;0;19;0
Mis;Strings are mutable;0;1;1;0;0;1;0;0;0;1;0;0;1;0;0;0;0;1;0;0;0;19;0
Mis;No loop termination;0;1;1;0;0;1;0;0;0;1;0;0;1;0;0;0;0;1;0;1;0;19;0
Mis;Conditional Boolean return;0;1;1;0;0;1;0;0;0;1;0;0;1;0;0;0;0;1;0;0;0;19;0
Mis;Slices require indices;0;1;1;0;0;1;0;0;0;1;0;0;1;0;0;0;0;1;0;1;0;19;0
Mis;Parenthesized return;0;1;1;0;0;1;0;0;0;1;0;0;1;0;0;0;0;1;0;0;0;19;0
Mis;`%` is division;0;1;1;0;0;1;0;0;0;1;0;0;1;0;0;0;0;1;0;0;0;19;0
Mis;Iterable repetition repeated constant multiplication;0;1;1;0;0;1;0;0;0;1;0;0;1;0;0;0;0;1;0;1;0;19;0
Mis;`//` divides;0;1;1;0;0;1;0;0;0;1;0;0;1;0;0;0;0;1;0;0;0;19;0
Mis;Cannot mix index sign in slice;0;1;1;0;0;1;0;0;0;1;0;0;1;0;0;0;0;1;0;0;0;19;0
Mis;`//` is modulus;0;1;1;0;0;1;0;0;0;1;0;0;1;0;0;0;0;1;0;0;0;19;0
Mis;Slice removes;0;1;1;0;0;1;0;0;0;1;0;0;1;0;0;0;0;1;0;0;0;19;0
Mis;No nesting loops;0;1;1;0;0;1;0;0;0;1;0;0;1;0;0;0;0;1;0;0;0;19;0
Mis;Literals don't have a data type;0;1;1;0;0;1;0;0;0;1;0;0;1;0;0;0;0;1;0;1;0;19;0
Mis;`%` is integer division;0;1;1;0;0;1;0;0;0;1;0;0;1;0;0;0;0;1;0;1;0;19;0
Mis;No formatted string;0;1;1;0;0;1;0;0;0;1;0;0;1;0;0;0;0;1;0;1;0;19;0
Mis;`for` stops before last element;0;1;1;0;0;1;0;0;0;1;0;0;1;0;0;0;0;1;0;1;0;19;0
Mis;`int()` rounds floats;0;1;1;0;0;1;0;0;0;1;0;0;1;0;0;0;0;1;0;0;0;19;0
Mis;Implied repetition over logical operator;0;1;1;0;0;1;0;0;0;1;0;0;1;0;0;0;0;1;0;0;0;19;0
Mis;`for` only with `range()`;0;1;1;0;0;1;0;0;0;1;0;0;1;0;0;0;0;1;0;0;0;19;0
Mis;`while` tests after loop;0;1;1;0;0;1;0;0;0;1;0;0;1;0;0;0;0;1;0;1;0;19;0
Mis;Multi-value return;0;1;1;0;0;1;0;0;0;1;0;0;1;0;0;0;0;1;0;0;0;19;0
Mis;Strings are not objects;0;1;1;0;0;1;0;0;0;1;0;0;1;0;0;0;0;1;0;1;0;19;0
Sphere;Floats;0;1;1;0;0;1;0;0;0;1;0;0;1;0;0;0;0;1;0;1;1;19;1;0.982608695652174
Sphere;`>` float operator;0;1;1;0;0;1;0;0;0;1;0;0;1;0;0;0;0;1;0;1;1;19;1;0.982608695652174
Sphere;`+` float operator;0;1;1;0;0;1;0;0;0;1;0;0;1;0;0;0;0;1;0;1;1;19;1;0.982608695652174
Sphere;`>=` integer operator;0;1;1;0;0;1;0;0;0;1;0;0;1;0;0;0;0;1;0;1;1;19;1;0.982608695652174
Sphere;`while` loops;0;1;1;0;0;1;0;0;0;1;0;0;1;0;0;0;0;1;0;1;1;19;1;0.982608695652174
Sphere;`*` float operator;0;1;1;0;0;1;0;0;0;1;0;0;1;0;0;0;0;1;0;1;1;19;1;0.982608695652174
Sphere;`else` keyword;0;1;1;0;0;1;0;0;0;1;0;0;1;0;0;0;0;1;0;1;1;19;1;0.982608695652174
Sphere;`if` keyword;0;1;1;0;0;1;0;0;0;1;0;0;1;0;0;0;0;1;0;1;1;19;1;0.982608695652174
Sphere;`+=` integer operator;0;1;1;0;0;1;0;0;0;1;0;0;1;0;0;0;0;1;0;1;1;19;1;0.982608695652174
Sphere;`def` constructor;0;1;1;0;0;1;0;0;0;1;0;0;1;0;0;0;0;1;0;1;1;19;1;0.982608695652174
Sphere;`return` keyword;0;1;1;0;0;1;0;0;0;1;0;0;1;0;0;0;0;1;0;1;1;19;1;0.982608695652174
Sphere;`-` float operator;0;1;1;0;0;1;0;0;0;1;0;0;1;0;0;0;0;1;0;1;1;19;1;0.982608695652174
Sphere;`-` integer operator;0;1;1;0;0;1;0;0;0;1;0;0;1;0;0;0;0;1;0;1;1;19;1;0.982608695652174
Sphere;Integers;0;1;1;0;0;1;0;0;0;1;0;0;1;0;0;0;0;1;0;1;1;19;1;0.982608695652174
Sphere;`=` operator;0;1;1;0;0;1;0;0;0;1;0;0;1;0;0;0;0;1;0;1;1;19;1;0.982608695652174
Sphere;Order of Operations;0;1;1;0;0;1;0;0;0;1;0;0;1;0;0;0;0;1;0;1;1;19;1;0.982608695652174
Sphere;`>` integer operator;0;1;1;0;0;1;0;0;0;1;0;0;1;0;0;0;0;1;0;1;1;19;1;0.982608695652174
Sphere;Assignment;0;1;1;0;0;1;0;0;0;1;0;0;1;0;0;0;0;1;0;1;1;19;1;0.982608695652174
Sphere;`+` integer operator;0;1;1;0;0;1;0;0;0;1;0;0;1;0;0;0;0;1;0;1;1;19;1;0.982608695652174
Sphere;Functions;0;1;1;0;0;1;0;0;0;1;0;0;1;0;0;0;0;1;0;1;1;19;1;0.982608695652174
Sphere;Variables;0;1;1;0;0;1;0;0;0;1;0;0;1;0;0;0;0;1;0;1;1;19;1;0.982608695652174
Sphere;`==` integer operator;0;1;1;0;0;1;0;0;0;1;0;0;1;0;0;0;0;1;0;1;1;19;1;0.982608695652174
Sphere;Booleans;0;1;1;0;0;1;0;0;0;1;0;0;1;0;0;0;0;1;0;1;1;19;1;0.982608695652174
Sphere;Operator Chaining;0;1;1;0;0;1;0;0;0;1;0;0;1;0;0;0;0;1;0;1;1;19;1;0.982608695652174
Sphere;`str()` function;0;1;1;0;0;1;0;0;0;1;0;0;1;0;0;0;0;1;0;0;0;19;1;0.9200000000000002
Sphere;`+=` float operator;0;1;1;0;0;1;0;0;0;1;0;0;1;0;0;0;0;1;0;0;0;19;1;0.8
Sphere;Built-in Functions;0;1;1;0;0;1;0;0;0;1;0;0;1;0;0;0;0;1;0;0;0;19;0;1e-08
Sphere;Secondary Memory;0;1;1;0;0;1;0;0;0;1;0;0;1;0;0;0;0;1;0;0;0;19;1;0.8
Sphere;`*=` float operator;0;1;1;0;0;1;0;0;0;1;0;0;1;0;0;0;0;1;0;0;0;19;1;0.8
Sphere;Conditionals;0;1;1;0;0;1;0;0;0;1;0;0;1;0;0;0;0;1;0;0;0;19;0;1e-08
Sphere;Addition;0;1;1;0;0;1;0;0;0;1;0;0;1;0;0;0;0;1;0;0;0;19;0;1e-08
Sphere;Compilers;0;1;1;0;0;1;0;0;0;1;0;0;1;0;0;0;0;1;0;0;0;19;1;0.8
Sphere;`range()` function;0;1;1;0;0;1;0;0;0;1;0;0;1;0;0;0;0;1;0;0;0;19;0;1e-08
Sphere;`%=` integer operator;0;1;1;0;0;1;0;0;0;1;0;0;1;0;0;0;0;1;0;0;0;19;1;0.9200000000000002
Sphere;Interpreters;0;1;1;0;0;1;0;0;0;1;0;0;1;0;0;0;0;1;0;0;0;19;1;0.8
Sphere;`%` float operator;0;1;1;0;0;1;0;0;0;1;0;0;1;0;0;0;0;1;0;0;0;19;1;0.9200000000000002
Sphere;`elif` keyword;0;1;1;0;0;1;0;0;0;1;0;0;1;0;0;0;0;1;0;0;0;19;0;1e-08
Sphere;`<=` float operator;0;1;1;0;0;1;0;0;0;1;0;0;1;0;0;0;0;1;0;0;0;19;0;0.8
Sphere;`<` float operator;0;1;1;0;0;1;0;0;0;1;0;0;1;0;0;0;0;1;0;0;0;19;1;0.8
Sphere;`continue` keyword;0;1;1;0;0;1;0;0;0;1;0;0;1;0;0;0;0;1;0;0;0;19;0;1e-08
Sphere;`+` string operator;0;1;1;0;0;1;0;0;0;1;0;0;1;0;0;0;0;1;0;0;0;19;1;0.9813953488372094
Sphere;`lower()` method;0;1;1;0;0;1;0;0;0;1;0;0;1;0;0;0;0;1;0;0;0;19;1;0.9813953488372094
Sphere;`-=` integer operator;0;1;1;0;0;1;0;0;0;1;0;0;1;0;0;0;0;1;0;0;0;19;1;0.8
Sphere;`or` operator;0;1;1;0;0;1;0;0;0;1;0;0;1;0;0;0;0;1;0;0;0;19;1;0.8
Sphere;`!=` float operator;0;1;1;0;0;1;0;0;0;1;0;0;1;0;0;0;0;1;0;0;0;19;0;0.8
Sphere;`<` string operator;0;1;1;0;0;1;0;0;0;1;0;0;1;0;0;0;0;1;0;0;0;19;1;0.9813953488372094
Sphere;`<` integer operator;0;1;1;0;0;1;0;0;0;1;0;0;1;0;0;0;0;1;0;0;0;19;1;0.8
Sphere;Floating point equality;0;1;1;0;0;1;0;0;0;1;0;0;1;0;0;0;0;1;0;0;0;19;1;0.8
Sphere;Comparison;0;1;1;0;0;1;0;0;0;1;0;0;1;0;0;0;0;1;0;0;0;19;0;1e-08
Sphere;`type()` function;0;1;1;0;0;1;0;0;0;1;0;0;1;0;0;0;0;1;0;0;0;19;1;0.9714285714285715
Sphere;Contracted `if`;0;1;1;0;0;1;0;0;0;1;0;0;1;0;0;0;0;1;0;0;0;19;0;1e-08
Sphere;Automatic Conversion;0;1;1;0;0;1;0;0;0;1;0;0;1;0;0;0;0;1;0;0;0;19;1;0.9578947368421054
Sphere;`break` keyword;0;1;1;0;0;1;0;0;0;1;0;0;1;0;0;0;0;1;0;0;0;19;0;1e-08
Sphere;CPU functionality;0;1;1;0;0;1;0;0;0;1;0;0;1;0;0;0;0;1;0;0;0;19;1;0.8
Sphere;Self Assignment;0;1;1;0;0;1;0;0;0;1;0;0;1;0;0;0;0;1;0;0;0;19;1;0.9384615384615385
Sphere;`*=` integer operator;0;1;1;0;0;1;0;0;0;1;0;0;1;0;0;0;0;1;0;0;0;19;1;0.8
Sphere;`//` float operator;0;1;1;0;0;1;0;0;0;1;0;0;1;0;0;0;0;1;0;0;0;19;1;0.9200000000000002
Sphere;`' '` constructor;0;1;1;0;0;1;0;0;0;1;0;0;1;0;0;0;0;1;0;0;0;19;1;0.9813953488372094
Sphere;`""" """` constructor;0;1;1;0;0;1;0;0;0;1;0;0;1;0;0;0;0;1;0;0;0;19;1;0.9813953488372094
Sphere;`join()` method;0;1;1;0;0;1;0;0;0;1;0;0;1;0;0;0;0;1;0;0;0;19;0;1e-08
Sphere;`/` integer operator;0;1;1;0;0;1;0;0;0;1;0;0;1;0;0;0;0;1;0;0;0;19;1;0.9578947368421054
Sphere;Repetition;0;1;1;0;0;1;0;0;0;1;0;0;1;0;0;0;0;1;0;0;0;19;0;1e-08
Sphere;`//=` float operator;0;1;1;0;0;1;0;0;0;1;0;0;1;0;0;0;0;1;0;0;0;19;1;0.9200000000000002
Sphere;Control Flow;0;1;1;0;0;1;0;0;0;1;0;0;1;0;0;0;0;1;0;0;0;19;0;1e-08
Sphere;Loops;0;1;1;0;0;1;0;0;0;1;0;0;1;0;0;0;0;1;0;0;0;19;0;1e-08
Sphere;`%=` float operator;0;1;1;0;0;1;0;0;0;1;0;0;1;0;0;0;0;1;0;0;0;19;1;0.9200000000000002
Sphere;Concatenation;0;1;1;0;0;1;0;0;0;1;0;0;1;0;0;0;0;1;0;0;0;19;0;1e-08
Sphere;`*` string operator;0;1;1;0;0;1;0;0;0;1;0;0;1;0;0;0;0;1;0;0;0;19;1;0.9813953488372094
Sphere;`-=` float operator;0;1;1;0;0;1;0;0;0;1;0;0;1;0;0;0;0;1;0;0;0;19;1;0.8
Sphere;`//` integer operator;0;1;1;0;0;1;0;0;0;1;0;0;1;0;0;0;0;1;0;0;0;19;1;0.9714285714285715
Sphere;Atomic Data Types;0;1;1;0;0;1;0;0;0;1;0;0;1;0;0;0;0;1;0;0;0;19;0;1e-08
Sphere;Subtraction;0;1;1;0;0;1;0;0;0;1;0;0;1;0;0;0;0;1;0;0;0;19;0;1e-08
Sphere;Type Casting;0;1;1;0;0;1;0;0;0;1;0;0;1;0;0;0;0;1;0;0;0;19;0;1e-08
Sphere;`not` operator;0;1;1;0;0;1;0;0;0;1;0;0;1;0;0;0;0;1;0;0;0;19;1;0.8
Sphere;String Slicing;0;1;1;0;0;1;0;0;0;1;0;0;1;0;0;0;0;1;0;0;0;19;1;0.9813953488372094
Sphere;`and` operator;0;1;1;0;0;1;0;0;0;1;0;0;1;0;0;0;0;1;0;0;0;19;1;0.8
Sphere;`/=` integer operator;0;1;1;0;0;1;0;0;0;1;0;0;1;0;0;0;0;1;0;0;0;19;1;0.8
Sphere;Multiplication;0;1;1;0;0;1;0;0;0;1;0;0;1;0;0;0;0;1;0;0;0;19;0;1e-08
Sphere;`*` integer operator;0;1;1;0;0;1;0;0;0;1;0;0;1;0;0;0;0;1;0;0;0;19;1;0.9714285714285715
Sphere;`input()` function;0;1;1;0;0;1;0;0;0;1;0;0;1;0;0;0;0;1;0;0;0;19;1;0.9813953488372094
Sphere;Indexing;0;1;1;0;0;1;0;0;0;1;0;0;1;0;0;0;0;1;0;0;0;19;0;1e-08
Sphere;Ordered Data Structures;0;1;1;0;0;1;0;0;0;1;0;0;1;0;0;0;0;1;0;0;0;19;0;1e-08
Sphere;Formatted Strings;0;1;1;0;0;1;0;0;0;1;0;0;1;0;0;0;0;1;0;0;0;19;1;0.9813953488372094
Sphere;Division;0;1;1;0;0;1;0;0;0;1;0;0;1;0;0;0;0;1;0;0;0;19;0;1e-08
Sphere;Equality;0;1;1;0;0;1;0;0;0;1;0;0;1;0;0;0;0;1;0;0;0;19;0;1e-08
Sphere;Strings;0;1;1;0;0;1;0;0;0;1;0;0;1;0;0;0;0;1;0;0;0;19;1;0.9813953488372094
Sphere;`!=` string operator;0;1;1;0;0;1;0;0;0;1;0;0;1;0;0;0;0;1;0;0;0;19;1;0.9813953488372094
Sphere;String Indexing;0;1;1;0;0;1;0;0;0;1;0;0;1;0;0;0;0;1;0;0;0;19;1;0.9813953488372094
Sphere;Comments;0;1;1;0;0;1;0;0;0;1;0;0;1;0;0;0;0;1;0;0;0;19;1;0.8857142857142859
Sphere;`/` float operator;0;1;1;0;0;1;0;0;0;1;0;0;1;0;0;0;0;1;0;0;0;19;1;0.8857142857142859
Sphere;`upper()` method;0;1;1;0;0;1;0;0;0;1;0;0;1;0;0;0;0;1;0;0;0;19;1;0.9813953488372094
Sphere;`try` keyword;0;1;1;0;0;1;0;0;0;1;0;0;1;0;0;0;0;1;0;0;0;19;0;1e-08
Sphere;`==` string operator;0;1;1;0;0;1;0;0;0;1;0;0;1;0;0;0;0;1;0;0;0;19;1;0.9813953488372094
Sphere;`for` loops;0;1;1;0;0;1;0;0;0;1;0;0;1;0;0;0;0;1;0;0;0;19;0;1e-08
Sphere;`" "` constructor;0;1;1;0;0;1;0;0;0;1;0;0;1;0;0;0;0;1;0;0;0;19;1;0.9813953488372094
Sphere;`int()` function;0;1;1;0;0;1;0;0;0;1;0;0;1;0;0;0;0;1;0;0;0;19;1;0.9578947368421054
Sphere;`replace()` method;0;1;1;0;0;1;0;0;0;1;0;0;1;0;0;0;0;1;0;0;0;19;1;0.9813953488372094
Sphere;Integer Division;0;1;1;0;0;1;0;0;0;1;0;0;1;0;0;0;0;1;0;0;0;19;0;1e-08
Sphere;`%` integer operator;0;1;1;0;0;1;0;0;0;1;0;0;1;0;0;0;0;1;0;0;0;19;1;0.9714285714285715
Sphere;`print()` function;0;1;1;0;0;1;0;0;0;1;0;0;1;0;0;0;0;1;0;0;0;19;1;0.9813953488372094
Sphere;`len()` string function;0;1;1;0;0;1;0;0;0;1;0;0;1;0;0;0;0;1;0;0;0;19;1;0.9813953488372094
Sphere;`<=` integer operator;0;1;1;0;0;1;0;0;0;1;0;0;1;0;0;0;0;1;0;0;0;19;1;0.8
Sphere;RAM functionality;0;1;1;0;0;1;0;0;0;1;0;0;1;0;0;0;0;1;0;0;0;19;1;0.8
Sphere;`>` string operator;0;1;1;0;0;1;0;0;0;1;0;0;1;0;0;0;0;1;0;0;0;19;1;0.9813953488372094
Sphere;`/=` float operator;0;1;1;0;0;1;0;0;0;1;0;0;1;0;0;0;0;1;0;0;0;19;1;0.8
Sphere;`float()` function;0;1;1;0;0;1;0;0;0;1;0;0;1;0;0;0;0;1;0;0;0;19;1;0.9384615384615385
Sphere;Slicing;0;1;1;0;0;1;0;0;0;1;0;0;1;0;0;0;0;1;0;0;0;19;0;1e-08
Sphere;Modulus;0;1;1;0;0;1;0;0;0;1;0;0;1;0;0;0;0;1;0;0;0;19;0;1e-08
Sphere;`!=` integer operator;0;1;1;0;0;1;0;0;0;1;0;0;1;0;0;0;0;1;0;0;0;19;1;0.8
Sphere;Methods;0;1;1;0;0;1;0;0;0;1;0;0;1;0;0;0;0;1;0;0;0;19;0;1e-08
Sphere;`>=` float operator;0;1;1;0;0;1;0;0;0;1;0;0;1;0;0;0;0;1;0;0;0;19;1;0.8
Sphere;Machine Code;0;1;1;0;0;1;0;0;0;1;0;0;1;0;0;0;0;1;0;0;0;19;1;0.8
Sphere;Program Definition;0;1;1;0;0;1;0;0;0;1;0;0;1;0;0;0;0;1;0;0;0;19;1;0.8
Sphere;`//=` integer operator;0;1;1;0;0;1;0;0;0;1;0;0;1;0;0;0;0;1;0;0;0;19;1;0.9200000000000002
Sphere;`capitalize()` method;0;1;1;0;0;1;0;0;0;1;0;0;1;0;0;0;0;1;0;0;0;19;0;1e-08
==::==::==
Question;81;0
Question;20;0
Question;5;0
Question;18;0
Question;8;0
Question;53;0
Question;84;0
Question;11;0
Question;83;0
Question;9;0
Question;93;0
Question;15;0
Question;82;0
Question;85;0
Question;91;0
Question;19;0
Question;79;0
Question;48;0
Question;17;0
Question;12;0
Question;90;0
Question;14;0
Question;13;0
Question;7;0
Answer;58;0
Answer;305;0
Answer;315;0
Answer;50;0
Answer;21;0
Answer;27;0
Answer;209;0
Answer;217;0
Answer;210;0
Answer;56;0
Answer;218;0
Answer;213;0
Answer;316;0
Answer;304;0
Answer;223;0
Answer;314;0
Answer;130;0
Answer;61;0
Answer;36;0
Answer;220;0
Answer;216;0
Answer;208;0
Answer;211;0
Answer;225;0
Answer;33;0
Answer;49;0
Answer;141;0
Answer;224;0
Answer;206;0
Answer;19;0
Answer;37;0
Answer;303;0
Answer;222;0
Answer;42;0
Answer;47;0
Answer;57;0
Answer;214;0
Answer;29;0
Answer;215;0
Answer;53;0
Answer;219;0
Answer;277;0
Answer;44;0
Answer;32;0
Answer;28;0
Answer;221;0
Answer;43;0
Answer;48;0
Answer;46;0
Answer;201;0
Answer;131;0
Answer;308;0
Answer;307;0
Answer;200;0
Answer;51;0
Answer;35;0
Answer;54;0
Answer;60;0
Answer;64;0
Answer;30;0
Answer;198;0
Answer;20;0
Answer;18;0
Answer;31;0
Answer;63;0
Answer;199;0
Answer;45;0
Answer;313;0
Answer;207;0
Answer;212;0
Answer;62;0
Answer;306;0
Answer;34;0
Answer;55;0
Answer;26;0
Answer;52;0
Answer;276;0
Answer;-1;0
Mis;`<` is `not >`;0;1;1;0;0;1;0;0;0;1;0;0;1;0;1;0;0;0;0;1;0;20;0
Mis;Backwards chaining;0;1;1;0;0;1;0;0;0;1;0;0;1;0;1;0;0;0;0;0;0;20;0
Mis;`print()` needs input;0;1;1;0;0;1;0;0;0;1;0;0;1;0;1;0;0;0;0;0;0;20;0
Mis;Blank last slice non-inclusive;0;1;1;0;0;1;0;0;0;1;0;0;1;0;1;0;0;0;0;0;0;20;0
Mis;Return frame bypass;0;1;1;0;0;1;0;0;0;1;0;0;1;0;1;0;0;0;0;0;0;20;0
Mis;Functions must have input;0;1;1;0;0;1;0;0;0;1;0;0;1;0;1;0;0;0;0;0;0;20;0
Mis;No Boolean literals;0;1;1;0;0;1;0;0;0;1;0;0;1;0;1;0;0;0;0;1;0;20;0
Mis;String equality isn't case sensitive;0;1;1;0;0;1;0;0;0;1;0;0;1;0;1;0;0;0;0;1;0;20;0
Mis;Single letter variables;0;1;1;0;0;1;0;0;0;1;0;0;1;0;1;0;0;0;0;0;0;20;0
Mis;`return` on `def` indentation level;0;1;1;0;0;1;0;0;0;1;0;0;1;0;1;0;0;0;0;1;0;20;0
Mis;Iterable repetition interleaves;0;1;1;0;0;1;0;0;0;1;0;0;1;0;1;0;0;0;0;0;0;20;0
Mis;Sequenced conditionals;0;1;1;0;0;1;0;0;0;1;0;0;1;0;1;0;0;0;0;1;0;20;0
Mis;`input()` includes newline;0;1;1;0;0;1;0;0;0;1;0;0;1;0;1;0;0;0;0;0;0;20;0
Mis;Concat with single element;0;1;1;0;0;1;0;0;0;1;0;0;1;0;1;0;0;0;0;0;0;20;0
Mis;Extending strings adds space;0;1;1;0;0;1;0;0;0;1;0;0;1;0;1;0;0;0;0;1;0;20;0
Mis;Variables cannot be assigned twice;0;1;1;0;0;1;0;0;0;1;0;0;1;0;1;0;0;0;0;1;0;20;0
Mis;No `and` on objects;0;1;1;0;0;1;0;0;0;1;0;0;1;0;1;0;0;0;0;0;0;20;0
Mis;`range()` only has one input;0;1;1;0;0;1;0;0;0;1;0;0;1;0;1;0;0;0;0;0;0;20;0
Mis;Linear Order of Operations;0;1;1;0;0;1;0;0;0;1;0;0;1;0;1;0;0;0;0;1;0;20;0
Mis;`%` percentage operator;0;1;1;0;0;1;0;0;0;1;0;0;1;0;1;0;0;0;0;0;0;20;0
Mis;`self` has no value;0;1;1;0;0;1;0;0;0;1;0;0;1;0;1;0;0;0;0;1;0;20;0
Mis;Characters are strings;0;1;1;0;0;1;0;0;0;1;0;0;1;0;1;0;0;0;0;0;0;20;0
Mis;Keyword functions;0;1;1;0;0;1;0;0;0;1;0;0;1;0;1;0;0;0;0;0;0;20;0
Mis;Floating point equality okay;0;1;1;0;0;1;0;0;0;1;0;0;1;0;1;0;0;0;0;1;0;20;0
Mis;Lazy assignment;0;1;1;0;0;1;0;0;0;1;0;0;1;0;1;0;0;0;0;0;0;20;0
Mis;Index -1 is start of list;0;1;1;0;0;1;0;0;0;1;0;0;1;0;1;0;0;0;0;1;0;20;0
Mis;No variable functions;0;1;1;0;0;1;0;0;0;1;0;0;1;0;1;0;0;0;0;1;0;20;0
Mis;Multi-line strings with `' '`;0;1;1;0;0;1;0;0;0;1;0;0;1;0;1;0;0;0;0;1;0;20;0
Mis;No variable methods;0;1;1;0;0;1;0;0;0;1;0;0;1;0;1;0;0;0;0;0;0;20;0
Mis;Iterable repeition multiplies by constant;0;1;1;0;0;1;0;0;0;1;0;0;1;0;1;0;0;0;0;0;0;20;0
Mis;String methods mutate;0;1;1;0;0;1;0;0;0;1;0;0;1;0;1;0;0;0;0;0;0;20;0
Mis;No short circuit;0;1;1;0;0;1;0;0;0;1;0;0;1;0;1;0;0;0;0;1;0;20;0
Mis;Slice exclusive of first index;0;1;1;0;0;1;0;0;0;1;0;0;1;0;1;0;0;0;0;0;0;20;0
Mis;`print()` non-terminating return;0;1;1;0;0;1;0;0;0;1;0;0;1;0;1;0;0;0;0;0;0;20;0
Mis;No floating point limit;0;1;1;0;0;1;0;0;0;1;0;0;1;0;1;0;0;0;0;1;0;20;0
Mis;`>` is `not <`;0;1;1;0;0;1;0;0;0;1;0;0;1;0;1;0;0;0;0;1;0;20;0
Mis;`try` without `except`;0;1;1;0;0;1;0;0;0;1;0;0;1;0;1;0;0;0;0;1;0;20;0
Mis;Inline Function Definition;0;1;1;0;0;1;0;0;0;1;0;0;1;0;1;0;0;0;0;1;0;20;0
Mis;`print()` no newline;0;1;1;0;0;1;0;0;0;1;0;0;1;0;1;0;0;0;0;0;0;20;0
Mis;`range()` starts at 1;0;1;1;0;0;1;0;0;0;1;0;0;1;0;1;0;0;0;0;1;0;20;0
Mis;Blank slice is empty;0;1;1;0;0;1;0;0;0;1;0;0;1;0;1;0;0;0;0;0;0;20;0
Mis;`-` works on strings;0;1;1;0;0;1;0;0;0;1;0;0;1;0;1;0;0;0;0;1;0;20;0
Mis;No constructor method chain;0;1;1;0;0;1;0;0;0;1;0;0;1;0;1;0;0;0;0;0;0;20;0
Mis;`#` is an operator;0;1;1;0;0;1;0;0;0;1;0;0;1;0;1;0;0;0;0;1;0;20;0
Mis;No escape sequences;0;1;1;0;0;1;0;0;0;1;0;0;1;0;1;0;0;0;0;0;0;20;0
Mis;Methods must have input;0;1;1;0;0;1;0;0;0;1;0;0;1;0;1;0;0;0;0;0;0;20;0
Mis;Assignment duplicates;0;1;1;0;0;1;0;0;0;1;0;0;1;0;1;0;0;0;0;0;0;20;0
Mis;`=` comparison;0;1;1;0;0;1;0;0;0;1;0;0;1;0;1;0;0;0;0;1;0;20;0
Mis;No tuple return;0;1;1;0;0;1;0;0;0;1;0;0;1;0;1;0;0;0;0;0;0;20;0
Mis;`for` is `while`;0;1;1;0;0;1;0;0;0;1;0;0;1;0;1;0;0;0;0;0;0;20;0
Mis;Curly brackets stay;0;1;1;0;0;1;0;0;0;1;0;0;1;0;1;0;0;0;0;0;0;20;0
Mis;`/` is modulus;0;1;1;0;0;1;0;0;0;1;0;0;1;0;1;0;0;0;0;1;0;20;0
Mis;No implicit void functions;0;1;1;0;0;1;0;0;0;1;0;0;1;0;1;0;0;0;0;0;0;20;0
Mis;Operators cannot be chained;0;1;1;0;0;1;0;0;0;1;0;0;1;0;1;0;0;0;0;1;0;20;0
Mis;Functions must return;0;1;1;0;0;1;0;0;0;1;0;0;1;0;1;0;0;0;0;0;0;20;0
Mis;No `not` on objects;0;1;1;0;0;1;0;0;0;1;0;0;1;0;1;0;0;0;0;0;0;20;0
Mis;Ternary Boolean return;0;1;1;0;0;1;0;0;0;1;0;0;1;0;1;0;0;0;0;0;0;20;0
Mis;`if` loop;0;1;1;0;0;1;0;0;0;1;0;0;1;0;1;0;0;0;0;1;0;20;0
Mis;`range()` includes the final value;0;1;1;0;0;1;0;0;0;1;0;0;1;0;1;0;0;0;0;0;0;20;0
Mis;Methods can have no arguments;0;1;1;0;0;1;0;0;0;1;0;0;1;0;1;0;0;0;0;0;0;20;0
Mis;No string constructor method chain;0;1;1;0;0;1;0;0;0;1;0;0;1;0;1;0;0;0;0;0;0;20;0
Mis;`return` continues;0;1;1;0;0;1;0;0;0;1;0;0;1;0;1;0;0;0;0;0;0;20;0
Mis;String equality not `==`;0;1;1;0;0;1;0;0;0;1;0;0;1;0;1;0;0;0;0;0;0;20;0
Mis;String repetition adds space;0;1;1;0;0;1;0;0;0;1;0;0;1;0;1;0;0;0;0;0;0;20;0
Mis;Automatic Integer Conversion;0;1;1;0;0;1;0;0;0;1;0;0;1;0;1;0;0;0;0;1;0;20;0
Mis;Slices include last value;0;1;1;0;0;1;0;0;0;1;0;0;1;0;1;0;0;0;0;0;0;20;0
Mis;Integers limit;0;1;1;0;0;1;0;0;0;1;0;0;1;0;1;0;0;0;0;1;0;20;0
Mis;Confused string assignment;0;1;1;0;0;1;0;0;0;1;0;0;1;0;1;0;0;0;0;0;0;20;0
Mis;Lowercase Booleans;0;1;1;0;0;1;0;0;0;1;0;0;1;0;1;0;0;0;0;0;0;20;0
Mis;`pass` is `continue`;0;1;1;0;0;1;0;0;0;1;0;0;1;0;1;0;0;0;0;1;0;20;0
Mis;`print()` returns;0;1;1;0;0;1;0;0;0;1;0;0;1;0;1;0;0;0;0;1;0;20;0
Mis;`print()` only accepts one input;0;1;1;0;0;1;0;0;0;1;0;0;1;0;1;0;0;0;0;0;0;20;0
Mis;Secondary memory data loss;0;1;1;0;0;1;0;0;0;1;0;0;1;0;1;0;0;0;0;1;0;20;0
Mis;Transitive Assignment;0;1;1;0;0;1;0;0;0;1;0;0;1;0;1;0;0;0;0;1;0;20;0
Mis;No literal return;0;1;1;0;0;1;0;0;0;1;0;0;1;0;1;0;0;0;0;0;0;20;0
Mis;`input()` return value;0;1;1;0;0;1;0;0;0;1;0;0;1;0;1;0;0;0;0;1;0;20;0
Mis;Floating point `range()`;0;1;1;0;0;1;0;0;0;1;0;0;1;0;1;0;0;0;0;0;0;20;0
Mis;No `or` on objects;0;1;1;0;0;1;0;0;0;1;0;0;1;0;1;0;0;0;0;0;0;20;0
Mis;`print()` always has a newline;0;1;1;0;0;1;0;0;0;1;0;0;1;0;1;0;0;0;0;0;0;20;0
Mis;`print()` only string;0;1;1;0;0;1;0;0;0;1;0;0;1;0;1;0;0;0;0;0;0;20;0
Mis;`/` is integer division;0;1;1;0;0;1;0;0;0;1;0;0;1;0;1;0;0;0;0;1;0;20;0
Mis;`input()` requires function input;0;1;1;0;0;1;0;0;0;1;0;0;1;0;1;0;0;0;0;0;0;20;0
Mis;No method chain;0;1;1;0;0;1;0;0;0;1;0;0;1;0;1;0;0;0;0;0;0;20;0
Mis;`int()` rounds up floats;0;1;1;0;0;1;0;0;0;1;0;0;1;0;1;0;0;0;0;1;0;20;0
Mis;Multi-line strings with `" "`;0;1;1;0;0;1;0;0;0;1;0;0;1;0;1;0;0;0;0;1;0;20;0
Mis;List concat vector addition;0;1;1;0;0;1;0;0;0;1;0;0;1;0;1;0;0;0;0;1;0;20;0
Mis;`/` works on strings;0;1;1;0;0;1;0;0;0;1;0;0;1;0;1;0;0;0;0;1;0;20;0
Mis;Strings are mutable;0;1;1;0;0;1;0;0;0;1;0;0;1;0;1;0;0;0;0;0;0;20;0
Mis;No loop termination;0;1;1;0;0;1;0;0;0;1;0;0;1;0;1;0;0;0;0;1;0;20;0
Mis;Conditional Boolean return;0;1;1;0;0;1;0;0;0;1;0;0;1;0;1;0;0;0;0;0;0;20;0
Mis;Slices require indices;0;1;1;0;0;1;0;0;0;1;0;0;1;0;1;0;0;0;0;1;0;20;0
Mis;Parenthesized return;0;1;1;0;0;1;0;0;0;1;0;0;1;0;1;0;0;0;0;0;0;20;0
Mis;`%` is division;0;1;1;0;0;1;0;0;0;1;0;0;1;0;1;0;0;0;0;0;0;20;0
Mis;Iterable repetition repeated constant multiplication;0;1;1;0;0;1;0;0;0;1;0;0;1;0;1;0;0;0;0;1;0;20;0
Mis;`//` divides;0;1;1;0;0;1;0;0;0;1;0;0;1;0;1;0;0;0;0;0;0;20;0
Mis;Cannot mix index sign in slice;0;1;1;0;0;1;0;0;0;1;0;0;1;0;1;0;0;0;0;0;0;20;0
Mis;`//` is modulus;0;1;1;0;0;1;0;0;0;1;0;0;1;0;1;0;0;0;0;0;0;20;0
Mis;Slice removes;0;1;1;0;0;1;0;0;0;1;0;0;1;0;1;0;0;0;0;0;0;20;0
Mis;No nesting loops;0;1;1;0;0;1;0;0;0;1;0;0;1;0;1;0;0;0;0;0;0;20;0
Mis;Literals don't have a data type;0;1;1;0;0;1;0;0;0;1;0;0;1;0;1;0;0;0;0;1;0;20;0
Mis;`%` is integer division;0;1;1;0;0;1;0;0;0;1;0;0;1;0;1;0;0;0;0;1;0;20;0
Mis;No formatted string;0;1;1;0;0;1;0;0;0;1;0;0;1;0;1;0;0;0;0;1;0;20;0
Mis;`for` stops before last element;0;1;1;0;0;1;0;0;0;1;0;0;1;0;1;0;0;0;0;1;0;20;0
Mis;`int()` rounds floats;0;1;1;0;0;1;0;0;0;1;0;0;1;0;1;0;0;0;0;0;0;20;0
Mis;Implied repetition over logical operator;0;1;1;0;0;1;0;0;0;1;0;0;1;0;1;0;0;0;0;0;0;20;0
Mis;`for` only with `range()`;0;1;1;0;0;1;0;0;0;1;0;0;1;0;1;0;0;0;0;0;0;20;0
Mis;`while` tests after loop;0;1;1;0;0;1;0;0;0;1;0;0;1;0;1;0;0;0;0;1;0;20;0
Mis;Multi-value return;0;1;1;0;0;1;0;0;0;1;0;0;1;0;1;0;0;0;0;0;0;20;0
Mis;Strings are not objects;0;1;1;0;0;1;0;0;0;1;0;0;1;0;1;0;0;0;0;1;0;20;0
Sphere;`upper()` method;0;1;1;0;0;1;0;0;0;1;0;0;1;0;1;0;0;0;0;1;0;20;1;0.9846153846153847
Sphere;`*` string operator;0;1;1;0;0;1;0;0;0;1;0;0;1;0;1;0;0;0;0;1;0;20;1;0.9846153846153847
Sphere;`+` string operator;0;1;1;0;0;1;0;0;0;1;0;0;1;0;1;0;0;0;0;1;0;20;1;0.9846153846153847
Sphere;`lower()` method;0;1;1;0;0;1;0;0;0;1;0;0;1;0;1;0;0;0;0;1;0;20;1;0.9846153846153847
Sphere;`" "` constructor;0;1;1;0;0;1;0;0;0;1;0;0;1;0;1;0;0;0;0;1;0;20;1;0.9846153846153847
Sphere;String Slicing;0;1;1;0;0;1;0;0;0;1;0;0;1;0;1;0;0;0;0;1;0;20;1;0.9846153846153847
Sphere;`' '` constructor;0;1;1;0;0;1;0;0;0;1;0;0;1;0;1;0;0;0;0;1;0;20;1;0.9846153846153847
Sphere;Strings;0;1;1;0;0;1;0;0;0;1;0;0;1;0;1;0;0;0;0;1;0;20;1;0.9846153846153847
Sphere;String Indexing;0;1;1;0;0;1;0;0;0;1;0;0;1;0;1;0;0;0;0;1;0;20;1;0.9846153846153847
Sphere;`str()` function;0;1;1;0;0;1;0;0;0;1;0;0;1;0;1;0;0;0;0;0;0;20;1;0.9200000000000002
Sphere;Floats;0;1;1;0;0;1;0;0;0;1;0;0;1;0;1;0;0;0;0;0;0;20;1;0.982608695652174
Sphere;`+=` float operator;0;1;1;0;0;1;0;0;0;1;0;0;1;0;1;0;0;0;0;0;0;20;1;0.8
Sphere;Built-in Functions;0;1;1;0;0;1;0;0;0;1;0;0;1;0;1;0;0;0;0;0;0;20;0;1e-08
Sphere;`+=` integer operator;0;1;1;0;0;1;0;0;0;1;0;0;1;0;1;0;0;0;0;0;0;20;1;0.982608695652174
Sphere;Secondary Memory;0;1;1;0;0;1;0;0;0;1;0;0;1;0;1;0;0;0;0;0;0;20;1;0.8
Sphere;`*=` float operator;0;1;1;0;0;1;0;0;0;1;0;0;1;0;1;0;0;0;0;0;0;20;1;0.8
Sphere;Conditionals;0;1;1;0;0;1;0;0;0;1;0;0;1;0;1;0;0;0;0;0;0;20;0;1e-08
Sphere;Addition;0;1;1;0;0;1;0;0;0;1;0;0;1;0;1;0;0;0;0;0;0;20;0;1e-08
Sphere;Compilers;0;1;1;0;0;1;0;0;0;1;0;0;1;0;1;0;0;0;0;0;0;20;1;0.8
Sphere;`range()` function;0;1;1;0;0;1;0;0;0;1;0;0;1;0;1;0;0;0;0;0;0;20;0;1e-08
Sphere;`%=` integer operator;0;1;1;0;0;1;0;0;0;1;0;0;1;0;1;0;0;0;0;0;0;20;1;0.9200000000000002
Sphere;Interpreters;0;1;1;0;0;1;0;0;0;1;0;0;1;0;1;0;0;0;0;0;0;20;1;0.8
Sphere;Booleans;0;1;1;0;0;1;0;0;0;1;0;0;1;0;1;0;0;0;0;0;0;20;1;0.982608695652174
Sphere;`%` float operator;0;1;1;0;0;1;0;0;0;1;0;0;1;0;1;0;0;0;0;0;0;20;1;0.9200000000000002
Sphere;`elif` keyword;0;1;1;0;0;1;0;0;0;1;0;0;1;0;1;0;0;0;0;0;0;20;0;1e-08
Sphere;`<=` float operator;0;1;1;0;0;1;0;0;0;1;0;0;1;0;1;0;0;0;0;0;0;20;0;0.8
Sphere;`<` float operator;0;1;1;0;0;1;0;0;0;1;0;0;1;0;1;0;0;0;0;0;0;20;1;0.8
Sphere;Assignment;0;1;1;0;0;1;0;0;0;1;0;0;1;0;1;0;0;0;0;0;0;20;1;0.982608695652174
Sphere;`continue` keyword;0;1;1;0;0;1;0;0;0;1;0;0;1;0;1;0;0;0;0;0;0;20;0;1e-08
Sphere;`else` keyword;0;1;1;0;0;1;0;0;0;1;0;0;1;0;1;0;0;0;0;0;0;20;1;0.982608695652174
Sphere;`-=` integer operator;0;1;1;0;0;1;0;0;0;1;0;0;1;0;1;0;0;0;0;0;0;20;1;0.8
Sphere;`or` operator;0;1;1;0;0;1;0;0;0;1;0;0;1;0;1;0;0;0;0;0;0;20;1;0.8
Sphere;`!=` float operator;0;1;1;0;0;1;0;0;0;1;0;0;1;0;1;0;0;0;0;0;0;20;0;0.8
Sphere;`<` string operator;0;1;1;0;0;1;0;0;0;1;0;0;1;0;1;0;0;0;0;0;0;20;1;0.9813953488372094
Sphere;`<` integer operator;0;1;1;0;0;1;0;0;0;1;0;0;1;0;1;0;0;0;0;0;0;20;1;0.8
Sphere;Floating point equality;0;1;1;0;0;1;0;0;0;1;0;0;1;0;1;0;0;0;0;0;0;20;1;0.8
Sphere;Comparison;0;1;1;0;0;1;0;0;0;1;0;0;1;0;1;0;0;0;0;0;0;20;0;1e-08
Sphere;`type()` function;0;1;1;0;0;1;0;0;0;1;0;0;1;0;1;0;0;0;0;0;0;20;1;0.9714285714285715
Sphere;Functions;0;1;1;0;0;1;0;0;0;1;0;0;1;0;1;0;0;0;0;0;0;20;1;0.982608695652174
Sphere;Contracted `if`;0;1;1;0;0;1;0;0;0;1;0;0;1;0;1;0;0;0;0;0;0;20;0;1e-08
Sphere;Automatic Conversion;0;1;1;0;0;1;0;0;0;1;0;0;1;0;1;0;0;0;0;0;0;20;1;0.9578947368421054
Sphere;`+` float operator;0;1;1;0;0;1;0;0;0;1;0;0;1;0;1;0;0;0;0;0;0;20;1;0.982608695652174
Sphere;`>=` integer operator;0;1;1;0;0;1;0;0;0;1;0;0;1;0;1;0;0;0;0;0;0;20;1;0.982608695652174
Sphere;`break` keyword;0;1;1;0;0;1;0;0;0;1;0;0;1;0;1;0;0;0;0;0;0;20;0;1e-08
Sphere;CPU functionality;0;1;1;0;0;1;0;0;0;1;0;0;1;0;1;0;0;0;0;0;0;20;1;0.8
Sphere;Self Assignment;0;1;1;0;0;1;0;0;0;1;0;0;1;0;1;0;0;0;0;0;0;20;1;0.9384615384615385
Sphere;`*=` integer operator;0;1;1;0;0;1;0;0;0;1;0;0;1;0;1;0;0;0;0;0;0;20;1;0.8
Sphere;`//` float operator;0;1;1;0;0;1;0;0;0;1;0;0;1;0;1;0;0;0;0;0;0;20;1;0.9200000000000002
Sphere;`""" """` constructor;0;1;1;0;0;1;0;0;0;1;0;0;1;0;1;0;0;0;0;0;0;20;1;0.9813953488372094
Sphere;`join()` method;0;1;1;0;0;1;0;0;0;1;0;0;1;0;1;0;0;0;0;1;0;20;0;0.2
Sphere;`/` integer operator;0;1;1;0;0;1;0;0;0;1;0;0;1;0;1;0;0;0;0;0;0;20;1;0.9578947368421054
Sphere;Repetition;0;1;1;0;0;1;0;0;0;1;0;0;1;0;1;0;0;0;0;0;0;20;0;1e-08
Sphere;`//=` float operator;0;1;1;0;0;1;0;0;0;1;0;0;1;0;1;0;0;0;0;0;0;20;1;0.9200000000000002
Sphere;Control Flow;0;1;1;0;0;1;0;0;0;1;0;0;1;0;1;0;0;0;0;0;0;20;0;1e-08
Sphere;Loops;0;1;1;0;0;1;0;0;0;1;0;0;1;0;1;0;0;0;0;0;0;20;0;1e-08
Sphere;Integers;0;1;1;0;0;1;0;0;0;1;0;0;1;0;1;0;0;0;0;0;0;20;1;0.982608695652174
Sphere;`%=` float operator;0;1;1;0;0;1;0;0;0;1;0;0;1;0;1;0;0;0;0;0;0;20;1;0.9200000000000002
Sphere;Concatenation;0;1;1;0;0;1;0;0;0;1;0;0;1;0;1;0;0;0;0;0;0;20;0;1e-08
Sphere;`-=` float operator;0;1;1;0;0;1;0;0;0;1;0;0;1;0;1;0;0;0;0;0;0;20;1;0.8
Sphere;`//` integer operator;0;1;1;0;0;1;0;0;0;1;0;0;1;0;1;0;0;0;0;0;0;20;1;0.9714285714285715
Sphere;`*` float operator;0;1;1;0;0;1;0;0;0;1;0;0;1;0;1;0;0;0;0;0;0;20;1;0.982608695652174
Sphere;Atomic Data Types;0;1;1;0;0;1;0;0;0;1;0;0;1;0;1;0;0;0;0;0;0;20;0;1e-08
Sphere;Subtraction;0;1;1;0;0;1;0;0;0;1;0;0;1;0;1;0;0;0;0;0;0;20;0;1e-08
Sphere;Type Casting;0;1;1;0;0;1;0;0;0;1;0;0;1;0;1;0;0;0;0;0;0;20;0;1e-08
Sphere;`not` operator;0;1;1;0;0;1;0;0;0;1;0;0;1;0;1;0;0;0;0;0;0;20;1;0.8
Sphere;`and` operator;0;1;1;0;0;1;0;0;0;1;0;0;1;0;1;0;0;0;0;0;0;20;1;0.8
Sphere;`/=` integer operator;0;1;1;0;0;1;0;0;0;1;0;0;1;0;1;0;0;0;0;0;0;20;1;0.8
Sphere;Multiplication;0;1;1;0;0;1;0;0;0;1;0;0;1;0;1;0;0;0;0;0;0;20;0;1e-08
Sphere;`*` integer operator;0;1;1;0;0;1;0;0;0;1;0;0;1;0;1;0;0;0;0;0;0;20;1;0.9714285714285715
Sphere;`input()` function;0;1;1;0;0;1;0;0;0;1;0;0;1;0;1;0;0;0;0;0;0;20;1;0.9813953488372094
Sphere;`return` keyword;0;1;1;0;0;1;0;0;0;1;0;0;1;0;1;0;0;0;0;0;0;20;1;0.982608695652174
Sphere;Indexing;0;1;1;0;0;1;0;0;0;1;0;0;1;0;1;0;0;0;0;0;0;20;0;1e-08
Sphere;Ordered Data Structures;0;1;1;0;0;1;0;0;0;1;0;0;1;0;1;0;0;0;0;0;0;20;0;1e-08
Sphere;`+` integer operator;0;1;1;0;0;1;0;0;0;1;0;0;1;0;1;0;0;0;0;0;0;20;1;0.982608695652174
Sphere;Formatted Strings;0;1;1;0;0;1;0;0;0;1;0;0;1;0;1;0;0;0;0;0;0;20;1;0.9813953488372094
Sphere;Division;0;1;1;0;0;1;0;0;0;1;0;0;1;0;1;0;0;0;0;0;0;20;0;1e-08
Sphere;`if` keyword;0;1;1;0;0;1;0;0;0;1;0;0;1;0;1;0;0;0;0;0;0;20;1;0.982608695652174
Sphere;Equality;0;1;1;0;0;1;0;0;0;1;0;0;1;0;1;0;0;0;0;0;0;20;0;1e-08
Sphere;`==` integer operator;0;1;1;0;0;1;0;0;0;1;0;0;1;0;1;0;0;0;0;0;0;20;1;0.982608695652174
Sphere;`-` integer operator;0;1;1;0;0;1;0;0;0;1;0;0;1;0;1;0;0;0;0;0;0;20;1;0.982608695652174
Sphere;`!=` string operator;0;1;1;0;0;1;0;0;0;1;0;0;1;0;1;0;0;0;0;0;0;20;1;0.9813953488372094
Sphere;Operator Chaining;0;1;1;0;0;1;0;0;0;1;0;0;1;0;1;0;0;0;0;0;0;20;1;0.982608695652174
Sphere;Comments;0;1;1;0;0;1;0;0;0;1;0;0;1;0;1;0;0;0;0;0;0;20;1;0.8857142857142859
Sphere;`/` float operator;0;1;1;0;0;1;0;0;0;1;0;0;1;0;1;0;0;0;0;0;0;20;1;0.8857142857142859
Sphere;`try` keyword;0;1;1;0;0;1;0;0;0;1;0;0;1;0;1;0;0;0;0;0;0;20;0;1e-08
Sphere;`>` float operator;0;1;1;0;0;1;0;0;0;1;0;0;1;0;1;0;0;0;0;0;0;20;1;0.982608695652174
Sphere;`==` string operator;0;1;1;0;0;1;0;0;0;1;0;0;1;0;1;0;0;0;0;0;0;20;1;0.9813953488372094
Sphere;`for` loops;0;1;1;0;0;1;0;0;0;1;0;0;1;0;1;0;0;0;0;0;0;20;0;1e-08
Sphere;`int()` function;0;1;1;0;0;1;0;0;0;1;0;0;1;0;1;0;0;0;0;0;0;20;1;0.9578947368421054
Sphere;`replace()` method;0;1;1;0;0;1;0;0;0;1;0;0;1;0;1;0;0;0;0;0;0;20;1;0.9813953488372094
Sphere;Integer Division;0;1;1;0;0;1;0;0;0;1;0;0;1;0;1;0;0;0;0;0;0;20;0;1e-08
Sphere;`%` integer operator;0;1;1;0;0;1;0;0;0;1;0;0;1;0;1;0;0;0;0;0;0;20;1;0.9714285714285715
Sphere;`print()` function;0;1;1;0;0;1;0;0;0;1;0;0;1;0;1;0;0;0;0;0;0;20;1;0.9813953488372094
Sphere;Order of Operations;0;1;1;0;0;1;0;0;0;1;0;0;1;0;1;0;0;0;0;0;0;20;1;0.982608695652174
Sphere;`len()` string function;0;1;1;0;0;1;0;0;0;1;0;0;1;0;1;0;0;0;0;0;0;20;1;0.9813953488372094
Sphere;`<=` integer operator;0;1;1;0;0;1;0;0;0;1;0;0;1;0;1;0;0;0;0;0;0;20;1;0.8
Sphere;RAM functionality;0;1;1;0;0;1;0;0;0;1;0;0;1;0;1;0;0;0;0;0;0;20;1;0.8
Sphere;`>` string operator;0;1;1;0;0;1;0;0;0;1;0;0;1;0;1;0;0;0;0;0;0;20;1;0.9813953488372094
Sphere;`/=` float operator;0;1;1;0;0;1;0;0;0;1;0;0;1;0;1;0;0;0;0;0;0;20;1;0.8
Sphere;`-` float operator;0;1;1;0;0;1;0;0;0;1;0;0;1;0;1;0;0;0;0;0;0;20;1;0.982608695652174
Sphere;`float()` function;0;1;1;0;0;1;0;0;0;1;0;0;1;0;1;0;0;0;0;0;0;20;1;0.9384615384615385
Sphere;Slicing;0;1;1;0;0;1;0;0;0;1;0;0;1;0;1;0;0;0;0;0;0;20;0;1e-08
Sphere;`=` operator;0;1;1;0;0;1;0;0;0;1;0;0;1;0;1;0;0;0;0;0;0;20;1;0.982608695652174
Sphere;Modulus;0;1;1;0;0;1;0;0;0;1;0;0;1;0;1;0;0;0;0;0;0;20;0;1e-08
Sphere;`!=` integer operator;0;1;1;0;0;1;0;0;0;1;0;0;1;0;1;0;0;0;0;0;0;20;1;0.8
Sphere;`>` integer operator;0;1;1;0;0;1;0;0;0;1;0;0;1;0;1;0;0;0;0;0;0;20;1;0.982608695652174
Sphere;`while` loops;0;1;1;0;0;1;0;0;0;1;0;0;1;0;1;0;0;0;0;0;0;20;1;0.982608695652174
Sphere;Methods;0;1;1;0;0;1;0;0;0;1;0;0;1;0;1;0;0;0;0;0;0;20;0;1e-08
Sphere;`>=` float operator;0;1;1;0;0;1;0;0;0;1;0;0;1;0;1;0;0;0;0;0;0;20;1;0.8
Sphere;Machine Code;0;1;1;0;0;1;0;0;0;1;0;0;1;0;1;0;0;0;0;0;0;20;1;0.8
Sphere;Variables;0;1;1;0;0;1;0;0;0;1;0;0;1;0;1;0;0;0;0;0;0;20;1;0.982608695652174
Sphere;Program Definition;0;1;1;0;0;1;0;0;0;1;0;0;1;0;1;0;0;0;0;0;0;20;1;0.8
Sphere;`//=` integer operator;0;1;1;0;0;1;0;0;0;1;0;0;1;0;1;0;0;0;0;0;0;20;1;0.9200000000000002
Sphere;`def` constructor;0;1;1;0;0;1;0;0;0;1;0;0;1;0;1;0;0;0;0;0;0;20;1;0.982608695652174
Sphere;`capitalize()` method;0;1;1;0;0;1;0;0;0;1;0;0;1;0;1;0;0;0;0;1;0;20;0;0.2
==::==::==
Question;81;0
Question;20;1
Question;5;0
Question;18;0
Question;8;0
Question;53;1
Question;84;0
Question;11;0
Question;83;0
Question;9;0
Question;93;0
Question;15;0
Question;82;0
Question;85;0
Question;91;0
Question;19;0
Question;79;0
Question;48;1
Question;17;0
Question;12;0
Question;90;0
Question;14;0
Question;13;0
Question;7;0
Answer;58;0
Answer;305;0
Answer;315;0
Answer;50;0
Answer;21;0
Answer;27;0
Answer;209;0
Answer;217;0
Answer;210;0
Answer;56;0
Answer;218;0
Answer;213;0
Answer;316;0
Answer;304;0
Answer;223;0
Answer;314;0
Answer;130;0
Answer;61;0
Answer;36;0
Answer;220;0
Answer;216;0
Answer;208;0
Answer;211;0
Answer;225;0
Answer;33;0
Answer;49;0
Answer;141;1
Answer;224;0
Answer;206;0
Answer;19;0
Answer;37;0
Answer;303;0
Answer;222;0
Answer;42;0
Answer;47;0
Answer;57;0
Answer;214;0
Answer;29;0
Answer;215;0
Answer;53;0
Answer;219;0
Answer;277;0
Answer;44;0
Answer;32;0
Answer;28;0
Answer;221;0
Answer;43;0
Answer;48;0
Answer;46;0
Answer;201;0
Answer;131;1
Answer;308;0
Answer;307;0
Answer;200;0
Answer;51;0
Answer;35;0
Answer;54;0
Answer;60;0
Answer;64;1
Answer;30;0
Answer;198;0
Answer;20;0
Answer;18;0
Answer;31;0
Answer;63;0
Answer;199;0
Answer;45;0
Answer;313;0
Answer;207;0
Answer;212;0
Answer;62;0
Answer;306;0
Answer;34;0
Answer;55;0
Answer;26;0
Answer;52;0
Answer;276;0
Answer;-1;0
Mis;`<` is `not >`;0;1;1;0;0;1;0;0;0;1;0;0;1;0;0;0;0;1;0;1;0;21;0
Mis;Backwards chaining;0;1;1;0;0;1;0;0;0;1;0;0;1;0;0;0;0;1;0;0;0;21;0
Mis;`print()` needs input;0;1;1;0;0;1;0;0;0;1;0;0;1;0;0;0;0;1;0;0;0;21;0
Mis;Blank last slice non-inclusive;0;1;1;0;0;1;0;0;0;1;0;0;1;0;0;0;0;1;0;0;0;21;0
Mis;Return frame bypass;0;1;1;0;0;1;0;0;0;1;0;0;1;0;0;0;0;1;0;0;0;21;0
Mis;Functions must have input;0;1;1;0;0;1;0;0;0;1;0;0;1;0;0;0;0;1;0;0;0;21;0
Mis;No Boolean literals;0;1;1;0;0;1;0;0;0;1;0;0;1;0;0;0;0;1;0;1;0;21;0
Mis;String equality isn't case sensitive;0;1;1;0;0;1;0;0;0;1;0;0;1;0;0;0;0;1;0;1;0;21;0
Mis;Single letter variables;0;1;1;0;0;1;0;0;0;1;0;0;1;0;0;0;0;1;0;0;0;21;0
Mis;`return` on `def` indentation level;0;1;1;0;0;1;0;0;0;1;0;0;1;0;0;0;0;1;0;1;0;21;0
Mis;Iterable repetition interleaves;0;1;1;0;0;1;0;0;0;1;0;0;1;0;0;0;0;1;0;0;0;21;0
Mis;Sequenced conditionals;0;1;1;0;0;1;0;0;0;1;0;0;1;0;0;0;0;1;0;1;0;21;0
Mis;`input()` includes newline;0;1;1;0;0;1;0;0;0;1;0;0;1;0;0;0;0;1;0;0;0;21;0
Mis;Concat with single element;0;1;1;0;0;1;0;0;0;1;0;0;1;0;0;0;0;1;0;0;0;21;0
Mis;Extending strings adds space;0;1;1;0;0;1;0;0;0;1;0;0;1;0;0;0;0;1;0;1;0;21;0
Mis;Variables cannot be assigned twice;0;1;1;0;0;1;0;0;0;1;0;0;1;0;0;0;0;1;0;1;0;21;0
Mis;No `and` on objects;0;1;1;0;0;1;0;0;0;1;0;0;1;0;0;0;0;1;0;0;0;21;0
Mis;`range()` only has one input;0;1;1;0;0;1;0;0;0;1;0;0;1;0;0;0;0;1;0;0;0;21;0
Mis;Linear Order of Operations;0;1;1;0;0;1;0;0;0;1;0;0;1;0;0;0;0;1;0;1;0;21;0
Mis;`%` percentage operator;0;1;1;0;0;1;0;0;0;1;0;0;1;0;0;0;0;1;0;0;0;21;0
Mis;`self` has no value;0;1;1;0;0;1;0;0;0;1;0;0;1;0;0;0;0;1;0;1;0;21;0
Mis;Characters are strings;0;1;1;0;0;1;0;0;0;1;0;0;1;0;0;0;0;1;0;0;0;21;0
Mis;Keyword functions;0;1;1;0;0;1;0;0;0;1;0;0;1;0;0;0;0;1;0;0;0;21;0
Mis;Floating point equality okay;0;1;1;0;0;1;0;0;0;1;0;0;1;0;0;0;0;1;0;1;0;21;0
Mis;Lazy assignment;0;1;1;0;0;1;0;0;0;1;0;0;1;0;0;0;0;1;0;0;0;21;0
Mis;Index -1 is start of list;0;1;1;0;0;1;0;0;0;1;0;0;1;0;0;0;0;1;0;1;0;21;0
Mis;No variable functions;0;1;1;0;0;1;0;0;0;1;0;0;1;0;0;0;0;1;0;1;0;21;0
Mis;Multi-line strings with `' '`;0;1;1;0;0;1;0;0;0;1;0;0;1;0;0;0;0;1;0;1;0;21;0
Mis;No variable methods;0;1;1;0;0;1;0;0;0;1;0;0;1;0;0;0;0;1;0;0;0;21;0
Mis;Iterable repeition multiplies by constant;0;1;1;0;0;1;0;0;0;1;0;0;1;0;0;0;0;1;0;0;0;21;0
Mis;String methods mutate;0;1;1;0;0;1;0;0;0;1;0;0;1;0;0;0;0;1;0;0;0;21;0
Mis;No short circuit;0;1;1;0;0;1;0;0;0;1;0;0;1;0;0;0;0;1;0;1;0;21;0
Mis;Slice exclusive of first index;0;1;1;0;0;1;0;0;0;1;0;0;1;0;0;0;0;1;0;0;0;21;0
Mis;`print()` non-terminating return;0;1;1;0;0;1;0;0;0;1;0;0;1;0;0;0;0;1;0;0;0;21;0
Mis;No floating point limit;0;1;1;0;0;1;0;0;0;1;0;0;1;0;0;0;0;1;0;1;0;21;0
Mis;`>` is `not <`;0;1;1;0;0;1;0;0;0;1;0;0;1;0;0;0;0;1;0;1;0;21;0
Mis;`try` without `except`;0;1;1;0;0;1;0;0;0;1;0;0;1;0;0;0;0;1;0;1;0;21;0
Mis;Inline Function Definition;0;1;1;0;0;1;0;0;0;1;0;0;1;0;0;0;0;1;0;1;0;21;0
Mis;`print()` no newline;0;1;1;0;0;1;0;0;0;1;0;0;1;0;0;0;0;1;0;0;0;21;0
Mis;`range()` starts at 1;0;1;1;0;0;1;0;0;0;1;0;0;1;0;0;0;0;1;0;1;0;21;0
Mis;Blank slice is empty;0;1;1;0;0;1;0;0;0;1;0;0;1;0;0;0;0;1;0;0;0;21;0
Mis;`-` works on strings;0;1;1;0;0;1;0;0;0;1;0;0;1;0;0;0;0;1;0;1;0;21;0
Mis;No constructor method chain;0;1;1;0;0;1;0;0;0;1;0;0;1;0;0;0;0;1;0;0;0;21;0
Mis;`#` is an operator;0;1;1;0;0;1;0;0;0;1;0;0;1;0;0;0;0;1;0;1;0;21;0
Mis;No escape sequences;0;1;1;0;0;1;0;0;0;1;0;0;1;0;0;0;0;1;0;0;0;21;0
Mis;Methods must have input;0;1;1;0;0;1;0;0;0;1;0;0;1;0;0;0;0;1;0;0;0;21;0
Mis;Assignment duplicates;0;1;1;0;0;1;0;0;0;1;0;0;1;0;0;0;0;1;0;0;0;21;0
Mis;`=` comparison;0;1;1;0;0;1;0;0;0;1;0;0;1;0;0;0;0;1;0;1;0;21;0
Mis;No tuple return;0;1;1;0;0;1;0;0;0;1;0;0;1;0;0;0;0;1;0;0;0;21;0
Mis;`for` is `while`;0;1;1;0;0;1;0;0;0;1;0;0;1;0;0;0;0;1;0;0;0;21;0
Mis;Curly brackets stay;0;1;1;0;0;1;0;0;0;1;0;0;1;0;0;0;0;1;0;0;0;21;0
Mis;`/` is modulus;0;1;1;0;0;1;0;0;0;1;0;0;1;0;0;0;0;1;0;1;0;21;0
Mis;No implicit void functions;0;1;1;0;0;1;0;0;0;1;0;0;1;0;0;0;0;1;0;0;0;21;0
Mis;Operators cannot be chained;0;1;1;0;0;1;0;0;0;1;0;0;1;0;0;0;0;1;0;1;0;21;0
Mis;Functions must return;0;1;1;0;0;1;0;0;0;1;0;0;1;0;0;0;0;1;0;0;0;21;0
Mis;No `not` on objects;0;1;1;0;0;1;0;0;0;1;0;0;1;0;0;0;0;1;0;0;0;21;0
Mis;Ternary Boolean return;0;1;1;0;0;1;0;0;0;1;0;0;1;0;0;0;0;1;0;0;0;21;0
Mis;`if` loop;0;1;1;0;0;1;0;0;0;1;0;0;1;0;0;0;0;1;0;1;0;21;0
Mis;`range()` includes the final value;0;1;1;0;0;1;0;0;0;1;0;0;1;0;0;0;0;1;0;0;0;21;0
Mis;Methods can have no arguments;0;1;1;0;0;1;0;0;0;1;0;0;1;0;0;0;0;1;0;0;0;21;0
Mis;No string constructor method chain;0;1;1;0;0;1;0;0;0;1;0;0;1;0;0;0;0;1;0;0;0;21;0
Mis;`return` continues;0;1;1;0;0;1;0;0;0;1;0;0;1;0;0;0;0;1;0;0;0;21;0
Mis;String equality not `==`;0;1;1;0;0;1;0;0;0;1;0;0;1;0;0;0;0;1;0;0;0;21;0
Mis;String repetition adds space;0;1;1;0;0;1;0;0;0;1;0;0;1;0;0;0;0;1;0;0;0;21;0
Mis;Automatic Integer Conversion;0;1;1;0;0;1;0;0;0;1;0;0;1;0;0;0;0;1;0;1;0;21;0
Mis;Slices include last value;0;1;1;0;0;1;0;0;0;1;0;0;1;0;0;0;0;1;0;0;0;21;0
Mis;Integers limit;0;1;1;0;0;1;0;0;0;1;0;0;1;0;0;0;0;1;0;1;0;21;0
Mis;Confused string assignment;0;1;1;0;0;1;0;0;0;1;0;0;1;0;0;0;0;1;0;0;0;21;0
Mis;Lowercase Booleans;0;1;1;0;0;1;0;0;0;1;0;0;1;0;0;0;0;1;0;0;0;21;0
Mis;`pass` is `continue`;0;1;1;0;0;1;0;0;0;1;0;0;1;0;0;0;0;1;0;1;0;21;0
Mis;`print()` returns;0;1;1;0;0;1;0;0;0;1;0;0;1;0;0;0;0;1;0;1;0;21;0
Mis;`print()` only accepts one input;0;1;1;0;0;1;0;0;0;1;0;0;1;0;0;0;0;1;0;0;0;21;0
Mis;Secondary memory data loss;0;1;1;0;0;1;0;0;0;1;0;0;1;0;0;0;0;1;0;1;0;21;0
Mis;Transitive Assignment;0;1;1;0;0;1;0;0;0;1;0;0;1;0;0;0;0;1;0;1;0;21;0
Mis;No literal return;0;1;1;0;0;1;0;0;0;1;0;0;1;0;0;0;0;1;0;0;0;21;0
Mis;`input()` return value;0;1;1;0;0;1;0;0;0;1;0;0;1;0;0;0;0;1;0;1;0;21;0
Mis;Floating point `range()`;0;1;1;0;0;1;0;0;0;1;0;0;1;0;0;0;0;1;0;0;0;21;0
Mis;No `or` on objects;0;1;1;0;0;1;0;0;0;1;0;0;1;0;0;0;0;1;0;0;0;21;0
Mis;`print()` always has a newline;0;1;1;0;0;1;0;0;0;1;0;0;1;0;0;0;0;1;0;0;0;21;0
Mis;`print()` only string;0;1;1;0;0;1;0;0;0;1;0;0;1;0;0;0;0;1;0;0;0;21;0
Mis;`/` is integer division;0;1;1;0;0;1;0;0;0;1;0;0;1;0;0;0;0;1;0;1;0;21;0
Mis;`input()` requires function input;0;1;1;0;0;1;0;0;0;1;0;0;1;0;0;0;0;1;0;0;0;21;0
Mis;No method chain;0;1;1;0;0;1;0;0;0;1;0;0;1;0;0;0;0;1;0;0;0;21;0
Mis;`int()` rounds up floats;0;1;1;0;0;1;0;0;0;1;0;0;1;0;0;0;0;1;0;1;0;21;0
Mis;Multi-line strings with `" "`;0;1;1;0;0;1;0;0;0;1;0;0;1;0;0;0;0;1;0;1;0;21;0
Mis;List concat vector addition;0;1;1;0;0;1;0;0;0;1;0;0;1;0;0;0;0;1;0;1;0;21;0
Mis;`/` works on strings;0;1;1;0;0;1;0;0;0;1;0;0;1;0;0;0;0;1;0;1;0;21;0
Mis;Strings are mutable;0;1;1;0;0;1;0;0;0;1;0;0;1;0;0;0;0;1;0;0;0;21;0
Mis;No loop termination;0;1;1;0;0;1;0;0;0;1;0;0;1;0;0;0;0;1;0;1;0;21;0
Mis;Conditional Boolean return;0;1;1;0;0;1;0;0;0;1;0;0;1;0;0;0;0;1;0;0;0;21;0
Mis;Slices require indices;0;1;1;0;0;1;0;0;0;1;0;0;1;0;0;0;0;1;0;1;0;21;0
Mis;Parenthesized return;0;1;1;0;0;1;0;0;0;1;0;0;1;0;0;0;0;1;0;0;0;21;0
Mis;`%` is division;0;1;1;0;0;1;0;0;0;1;0;0;1;0;0;0;0;1;0;0;0;21;0
Mis;Iterable repetition repeated constant multiplication;0;1;1;0;0;1;0;0;0;1;0;0;1;0;0;0;0;1;0;1;0;21;0
Mis;`//` divides;0;1;1;0;0;1;0;0;0;1;0;0;1;0;0;0;0;1;0;0;0;21;0
Mis;Cannot mix index sign in slice;0;1;1;0;0;1;0;0;0;1;0;0;1;0;0;0;0;1;0;0;0;21;0
Mis;`//` is modulus;0;1;1;0;0;1;0;0;0;1;0;0;1;0;0;0;0;1;0;0;0;21;0
Mis;Slice removes;0;1;1;0;0;1;0;0;0;1;0;0;1;0;0;0;0;1;0;0;0;21;0
Mis;No nesting loops;0;1;1;0;0;1;0;0;0;1;0;0;1;0;0;0;0;1;0;0;0;21;0
Mis;Literals don't have a data type;0;1;1;0;0;1;0;0;0;1;0;0;1;0;0;0;0;1;0;1;0;21;0
Mis;`%` is integer division;0;1;1;0;0;1;0;0;0;1;0;0;1;0;0;0;0;1;0;1;0;21;0
Mis;No formatted string;0;1;1;0;0;1;0;0;0;1;0;0;1;0;0;0;0;1;0;1;0;21;0
Mis;`for` stops before last element;0;1;1;0;0;1;0;0;0;1;0;0;1;0;0;0;0;1;0;1;0;21;0
Mis;`int()` rounds floats;0;1;1;0;0;1;0;0;0;1;0;0;1;0;0;0;0;1;0;0;0;21;0
Mis;Implied repetition over logical operator;0;1;1;0;0;1;0;0;0;1;0;0;1;0;0;0;0;1;0;0;0;21;0
Mis;`for` only with `range()`;0;1;1;0;0;1;0;0;0;1;0;0;1;0;0;0;0;1;0;0;0;21;0
Mis;`while` tests after loop;0;1;1;0;0;1;0;0;0;1;0;0;1;0;0;0;0;1;0;1;0;21;0
Mis;Multi-value return;0;1;1;0;0;1;0;0;0;1;0;0;1;0;0;0;0;1;0;0;0;21;0
Mis;Strings are not objects;0;1;1;0;0;1;0;0;0;1;0;0;1;0;0;0;0;1;0;1;0;21;0
Sphere;Floats;0;1;1;0;0;1;0;0;0;1;0;0;1;0;0;0;0;1;0;1;1;21;1;0.9854545454545456
Sphere;`>` float operator;0;1;1;0;0;1;0;0;0;1;0;0;1;0;0;0;0;1;0;1;1;21;1;0.9854545454545456
Sphere;`+` float operator;0;1;1;0;0;1;0;0;0;1;0;0;1;0;0;0;0;1;0;1;1;21;1;0.9854545454545456
Sphere;`else` keyword;0;1;1;0;0;1;0;0;0;1;0;0;1;0;0;0;0;1;0;1;1;21;1;0.9854545454545456
Sphere;`//` integer operator;0;1;1;0;0;1;0;0;0;1;0;0;1;0;0;0;0;1;0;1;1;21;1;0.9714285714285715
Sphere;`*` float operator;0;1;1;0;0;1;0;0;0;1;0;0;1;0;0;0;0;1;0;1;1;21;1;0.9854545454545456
Sphere;`if` keyword;0;1;1;0;0;1;0;0;0;1;0;0;1;0;0;0;0;1;0;1;1;21;1;0.9854545454545456
Sphere;`def` constructor;0;1;1;0;0;1;0;0;0;1;0;0;1;0;0;0;0;1;0;1;1;21;1;0.9854545454545456
Sphere;`return` keyword;0;1;1;0;0;1;0;0;0;1;0;0;1;0;0;0;0;1;0;1;1;21;1;0.9854545454545456
Sphere;`-` float operator;0;1;1;0;0;1;0;0;0;1;0;0;1;0;0;0;0;1;0;1;1;21;1;0.9854545454545456
Sphere;Integers;0;1;1;0;0;1;0;0;0;1;0;0;1;0;0;0;0;1;0;1;1;21;1;0.9854545454545456
Sphere;Order of Operations;0;1;1;0;0;1;0;0;0;1;0;0;1;0;0;0;0;1;0;1;1;21;1;0.9854545454545456
Sphere;Functions;0;1;1;0;0;1;0;0;0;1;0;0;1;0;0;0;0;1;0;1;1;21;1;0.9854545454545456
Sphere;Booleans;0;1;1;0;0;1;0;0;0;1;0;0;1;0;0;0;0;1;0;1;1;21;1;0.9854545454545456
Sphere;Operator Chaining;0;1;1;0;0;1;0;0;0;1;0;0;1;0;0;0;0;1;0;1;1;21;1;0.9854545454545456
Sphere;`str()` function;0;1;1;0;0;1;0;0;0;1;0;0;1;0;0;0;0;1;0;0;0;21;1;0.9200000000000002
Sphere;`+=` float operator;0;1;1;0;0;1;0;0;0;1;0;0;1;0;0;0;0;1;0;0;0;21;1;0.8
Sphere;Built-in Functions;0;1;1;0;0;1;0;0;0;1;0;0;1;0;0;0;0;1;0;0;0;21;0;1e-08
Sphere;`+=` integer operator;0;1;1;0;0;1;0;0;0;1;0;0;1;0;0;0;0;1;0;0;0;21;1;0.9854545454545456
Sphere;Secondary Memory;0;1;1;0;0;1;0;0;0;1;0;0;1;0;0;0;0;1;0;0;0;21;1;0.8
Sphere;`*=` float operator;0;1;1;0;0;1;0;0;0;1;0;0;1;0;0;0;0;1;0;0;0;21;1;0.8
Sphere;Conditionals;0;1;1;0;0;1;0;0;0;1;0;0;1;0;0;0;0;1;0;0;0;21;0;1e-08
Sphere;Addition;0;1;1;0;0;1;0;0;0;1;0;0;1;0;0;0;0;1;0;0;0;21;0;1e-08
Sphere;Compilers;0;1;1;0;0;1;0;0;0;1;0;0;1;0;0;0;0;1;0;0;0;21;1;0.8
Sphere;`range()` function;0;1;1;0;0;1;0;0;0;1;0;0;1;0;0;0;0;1;0;0;0;21;0;1e-08
Sphere;`%=` integer operator;0;1;1;0;0;1;0;0;0;1;0;0;1;0;0;0;0;1;0;0;0;21;1;0.9200000000000002
Sphere;Interpreters;0;1;1;0;0;1;0;0;0;1;0;0;1;0;0;0;0;1;0;0;0;21;1;0.8
Sphere;`%` float operator;0;1;1;0;0;1;0;0;0;1;0;0;1;0;0;0;0;1;0;0;0;21;1;0.9200000000000002
Sphere;`elif` keyword;0;1;1;0;0;1;0;0;0;1;0;0;1;0;0;0;0;1;0;0;0;21;0;1e-08
Sphere;`<=` float operator;0;1;1;0;0;1;0;0;0;1;0;0;1;0;0;0;0;1;0;0;0;21;0;0.8
Sphere;`<` float operator;0;1;1;0;0;1;0;0;0;1;0;0;1;0;0;0;0;1;0;0;0;21;1;0.8
Sphere;Assignment;0;1;1;0;0;1;0;0;0;1;0;0;1;0;0;0;0;1;0;0;0;21;1;0.9854545454545456
Sphere;`continue` keyword;0;1;1;0;0;1;0;0;0;1;0;0;1;0;0;0;0;1;0;0;0;21;0;1e-08
Sphere;`+` string operator;0;1;1;0;0;1;0;0;0;1;0;0;1;0;0;0;0;1;0;0;0;21;1;0.9846153846153847
Sphere;`lower()` method;0;1;1;0;0;1;0;0;0;1;0;0;1;0;0;0;0;1;0;0;0;21;1;0.9846153846153847
Sphere;`-=` integer operator;0;1;1;0;0;1;0;0;0;1;0;0;1;0;0;0;0;1;0;0;0;21;1;0.8
Sphere;`or` operator;0;1;1;0;0;1;0;0;0;1;0;0;1;0;0;0;0;1;0;0;0;21;1;0.8
Sphere;`!=` float operator;0;1;1;0;0;1;0;0;0;1;0;0;1;0;0;0;0;1;0;0;0;21;0;0.8
Sphere;`<` string operator;0;1;1;0;0;1;0;0;0;1;0;0;1;0;0;0;0;1;0;0;0;21;1;0.9813953488372094
Sphere;`<` integer operator;0;1;1;0;0;1;0;0;0;1;0;0;1;0;0;0;0;1;0;0;0;21;1;0.8
Sphere;Floating point equality;0;1;1;0;0;1;0;0;0;1;0;0;1;0;0;0;0;1;0;0;0;21;1;0.8
Sphere;Comparison;0;1;1;0;0;1;0;0;0;1;0;0;1;0;0;0;0;1;0;0;0;21;0;1e-08
Sphere;`type()` function;0;1;1;0;0;1;0;0;0;1;0;0;1;0;0;0;0;1;0;0;0;21;1;0.9714285714285715
Sphere;Contracted `if`;0;1;1;0;0;1;0;0;0;1;0;0;1;0;0;0;0;1;0;0;0;21;0;1e-08
Sphere;Automatic Conversion;0;1;1;0;0;1;0;0;0;1;0;0;1;0;0;0;0;1;0;0;0;21;1;0.9578947368421054
Sphere;`>=` integer operator;0;1;1;0;0;1;0;0;0;1;0;0;1;0;0;0;0;1;0;0;0;21;1;0.9854545454545456
Sphere;`break` keyword;0;1;1;0;0;1;0;0;0;1;0;0;1;0;0;0;0;1;0;0;0;21;0;1e-08
Sphere;CPU functionality;0;1;1;0;0;1;0;0;0;1;0;0;1;0;0;0;0;1;0;0;0;21;1;0.8
Sphere;Self Assignment;0;1;1;0;0;1;0;0;0;1;0;0;1;0;0;0;0;1;0;0;0;21;1;0.9384615384615385
Sphere;`*=` integer operator;0;1;1;0;0;1;0;0;0;1;0;0;1;0;0;0;0;1;0;0;0;21;1;0.8
Sphere;`//` float operator;0;1;1;0;0;1;0;0;0;1;0;0;1;0;0;0;0;1;0;0;0;21;1;0.9200000000000002
Sphere;`' '` constructor;0;1;1;0;0;1;0;0;0;1;0;0;1;0;0;0;0;1;0;0;0;21;1;0.9846153846153847
Sphere;`""" """` constructor;0;1;1;0;0;1;0;0;0;1;0;0;1;0;0;0;0;1;0;0;0;21;1;0.9813953488372094
Sphere;`join()` method;0;1;1;0;0;1;0;0;0;1;0;0;1;0;0;0;0;1;0;0;0;21;0;0.2
Sphere;`/` integer operator;0;1;1;0;0;1;0;0;0;1;0;0;1;0;0;0;0;1;0;0;0;21;1;0.9578947368421054
Sphere;Repetition;0;1;1;0;0;1;0;0;0;1;0;0;1;0;0;0;0;1;0;0;0;21;0;1e-08
Sphere;`//=` float operator;0;1;1;0;0;1;0;0;0;1;0;0;1;0;0;0;0;1;0;0;0;21;1;0.9200000000000002
Sphere;Control Flow;0;1;1;0;0;1;0;0;0;1;0;0;1;0;0;0;0;1;0;0;0;21;0;1e-08
Sphere;Loops;0;1;1;0;0;1;0;0;0;1;0;0;1;0;0;0;0;1;0;0;0;21;0;1e-08
Sphere;`%=` float operator;0;1;1;0;0;1;0;0;0;1;0;0;1;0;0;0;0;1;0;0;0;21;1;0.9200000000000002
Sphere;Concatenation;0;1;1;0;0;1;0;0;0;1;0;0;1;0;0;0;0;1;0;0;0;21;0;1e-08
Sphere;`*` string operator;0;1;1;0;0;1;0;0;0;1;0;0;1;0;0;0;0;1;0;0;0;21;1;0.9846153846153847
Sphere;`-=` float operator;0;1;1;0;0;1;0;0;0;1;0;0;1;0;0;0;0;1;0;0;0;21;1;0.8
Sphere;Atomic Data Types;0;1;1;0;0;1;0;0;0;1;0;0;1;0;0;0;0;1;0;0;0;21;0;1e-08
Sphere;Subtraction;0;1;1;0;0;1;0;0;0;1;0;0;1;0;0;0;0;1;0;0;0;21;0;1e-08
Sphere;Type Casting;0;1;1;0;0;1;0;0;0;1;0;0;1;0;0;0;0;1;0;0;0;21;0;1e-08
Sphere;`not` operator;0;1;1;0;0;1;0;0;0;1;0;0;1;0;0;0;0;1;0;0;0;21;1;0.8
Sphere;String Slicing;0;1;1;0;0;1;0;0;0;1;0;0;1;0;0;0;0;1;0;0;0;21;1;0.9846153846153847
Sphere;`and` operator;0;1;1;0;0;1;0;0;0;1;0;0;1;0;0;0;0;1;0;0;0;21;1;0.8
Sphere;`/=` integer operator;0;1;1;0;0;1;0;0;0;1;0;0;1;0;0;0;0;1;0;0;0;21;1;0.8
Sphere;Multiplication;0;1;1;0;0;1;0;0;0;1;0;0;1;0;0;0;0;1;0;0;0;21;0;1e-08
Sphere;`*` integer operator;0;1;1;0;0;1;0;0;0;1;0;0;1;0;0;0;0;1;0;0;0;21;1;0.9714285714285715
Sphere;`input()` function;0;1;1;0;0;1;0;0;0;1;0;0;1;0;0;0;0;1;0;0;0;21;1;0.9813953488372094
Sphere;Indexing;0;1;1;0;0;1;0;0;0;1;0;0;1;0;0;0;0;1;0;0;0;21;0;1e-08
Sphere;Ordered Data Structures;0;1;1;0;0;1;0;0;0;1;0;0;1;0;0;0;0;1;0;0;0;21;0;1e-08
Sphere;`+` integer operator;0;1;1;0;0;1;0;0;0;1;0;0;1;0;0;0;0;1;0;0;0;21;1;0.9854545454545456
Sphere;Formatted Strings;0;1;1;0;0;1;0;0;0;1;0;0;1;0;0;0;0;1;0;0;0;21;1;0.9813953488372094
Sphere;Division;0;1;1;0;0;1;0;0;0;1;0;0;1;0;0;0;0;1;0;0;0;21;0;1e-08
Sphere;Equality;0;1;1;0;0;1;0;0;0;1;0;0;1;0;0;0;0;1;0;0;0;21;0;1e-08
Sphere;Strings;0;1;1;0;0;1;0;0;0;1;0;0;1;0;0;0;0;1;0;0;0;21;1;0.9846153846153847
Sphere;`==` integer operator;0;1;1;0;0;1;0;0;0;1;0;0;1;0;0;0;0;1;0;0;0;21;1;0.9854545454545456
Sphere;`-` integer operator;0;1;1;0;0;1;0;0;0;1;0;0;1;0;0;0;0;1;0;0;0;21;1;0.9854545454545456
Sphere;`!=` string operator;0;1;1;0;0;1;0;0;0;1;0;0;1;0;0;0;0;1;0;0;0;21;1;0.9813953488372094
Sphere;String Indexing;0;1;1;0;0;1;0;0;0;1;0;0;1;0;0;0;0;1;0;0;0;21;1;0.9846153846153847
Sphere;Comments;0;1;1;0;0;1;0;0;0;1;0;0;1;0;0;0;0;1;0;0;0;21;1;0.8857142857142859
Sphere;`/` float operator;0;1;1;0;0;1;0;0;0;1;0;0;1;0;0;0;0;1;0;0;0;21;1;0.8857142857142859
Sphere;`upper()` method;0;1;1;0;0;1;0;0;0;1;0;0;1;0;0;0;0;1;0;0;0;21;1;0.9846153846153847
Sphere;`try` keyword;0;1;1;0;0;1;0;0;0;1;0;0;1;0;0;0;0;1;0;0;0;21;0;1e-08
Sphere;`==` string operator;0;1;1;0;0;1;0;0;0;1;0;0;1;0;0;0;0;1;0;0;0;21;1;0.9813953488372094
Sphere;`for` loops;0;1;1;0;0;1;0;0;0;1;0;0;1;0;0;0;0;1;0;0;0;21;0;1e-08
Sphere;`" "` constructor;0;1;1;0;0;1;0;0;0;1;0;0;1;0;0;0;0;1;0;0;0;21;1;0.9846153846153847
Sphere;`int()` function;0;1;1;0;0;1;0;0;0;1;0;0;1;0;0;0;0;1;0;0;0;21;1;0.9578947368421054
Sphere;`replace()` method;0;1;1;0;0;1;0;0;0;1;0;0;1;0;0;0;0;1;0;0;0;21;1;0.9813953488372094
Sphere;Integer Division;0;1;1;0;0;1;0;0;0;1;0;0;1;0;0;0;0;1;0;0;0;21;0;1e-08
Sphere;`%` integer operator;0;1;1;0;0;1;0;0;0;1;0;0;1;0;0;0;0;1;0;0;0;21;1;0.9714285714285715
Sphere;`print()` function;0;1;1;0;0;1;0;0;0;1;0;0;1;0;0;0;0;1;0;0;0;21;1;0.9813953488372094
Sphere;`len()` string function;0;1;1;0;0;1;0;0;0;1;0;0;1;0;0;0;0;1;0;0;0;21;1;0.9813953488372094
Sphere;`<=` integer operator;0;1;1;0;0;1;0;0;0;1;0;0;1;0;0;0;0;1;0;0;0;21;1;0.8
Sphere;RAM functionality;0;1;1;0;0;1;0;0;0;1;0;0;1;0;0;0;0;1;0;0;0;21;1;0.8
Sphere;`>` string operator;0;1;1;0;0;1;0;0;0;1;0;0;1;0;0;0;0;1;0;0;0;21;1;0.9813953488372094
Sphere;`/=` float operator;0;1;1;0;0;1;0;0;0;1;0;0;1;0;0;0;0;1;0;0;0;21;1;0.8
Sphere;`float()` function;0;1;1;0;0;1;0;0;0;1;0;0;1;0;0;0;0;1;0;0;0;21;1;0.9384615384615385
Sphere;Slicing;0;1;1;0;0;1;0;0;0;1;0;0;1;0;0;0;0;1;0;0;0;21;0;1e-08
Sphere;`=` operator;0;1;1;0;0;1;0;0;0;1;0;0;1;0;0;0;0;1;0;0;0;21;1;0.9854545454545456
Sphere;Modulus;0;1;1;0;0;1;0;0;0;1;0;0;1;0;0;0;0;1;0;0;0;21;0;1e-08
Sphere;`!=` integer operator;0;1;1;0;0;1;0;0;0;1;0;0;1;0;0;0;0;1;0;0;0;21;1;0.8
Sphere;`>` integer operator;0;1;1;0;0;1;0;0;0;1;0;0;1;0;0;0;0;1;0;0;0;21;1;0.9854545454545456
Sphere;`while` loops;0;1;1;0;0;1;0;0;0;1;0;0;1;0;0;0;0;1;0;0;0;21;1;0.9854545454545456
Sphere;Methods;0;1;1;0;0;1;0;0;0;1;0;0;1;0;0;0;0;1;0;0;0;21;0;1e-08
Sphere;`>=` float operator;0;1;1;0;0;1;0;0;0;1;0;0;1;0;0;0;0;1;0;0;0;21;1;0.8
Sphere;Machine Code;0;1;1;0;0;1;0;0;0;1;0;0;1;0;0;0;0;1;0;0;0;21;1;0.8
Sphere;Variables;0;1;1;0;0;1;0;0;0;1;0;0;1;0;0;0;0;1;0;0;0;21;1;0.9854545454545456
Sphere;Program Definition;0;1;1;0;0;1;0;0;0;1;0;0;1;0;0;0;0;1;0;0;0;21;1;0.8
Sphere;`//=` integer operator;0;1;1;0;0;1;0;0;0;1;0;0;1;0;0;0;0;1;0;0;0;21;1;0.9200000000000002
Sphere;`capitalize()` method;0;1;1;0;0;1;0;0;0;1;0;0;1;0;0;0;0;1;0;0;0;21;0;0.2
==::==::==
Question;81;0
Question;20;0
Question;5;0
Question;18;0
Question;8;0
Question;53;0
Question;84;0
Question;11;0
Question;83;0
Question;9;0
Question;93;0
Question;15;0
Question;82;0
Question;85;0
Question;91;0
Question;19;0
Question;79;0
Question;48;0
Question;17;0
Question;12;0
Question;90;0
Question;14;0
Question;13;0
Question;7;0
Answer;58;0
Answer;305;0
Answer;315;0
Answer;50;0
Answer;21;0
Answer;27;0
Answer;209;0
Answer;217;0
Answer;210;0
Answer;56;0
Answer;218;0
Answer;213;0
Answer;316;0
Answer;304;0
Answer;223;0
Answer;314;0
Answer;130;0
Answer;61;0
Answer;36;0
Answer;220;0
Answer;216;0
Answer;208;0
Answer;211;0
Answer;225;0
Answer;33;0
Answer;49;0
Answer;141;0
Answer;224;0
Answer;206;0
Answer;19;0
Answer;37;0
Answer;303;0
Answer;222;0
Answer;42;0
Answer;47;0
Answer;57;0
Answer;214;0
Answer;29;0
Answer;215;0
Answer;53;0
Answer;219;0
Answer;277;0
Answer;44;0
Answer;32;0
Answer;28;0
Answer;221;0
Answer;43;0
Answer;48;0
Answer;46;0
Answer;201;0
Answer;131;0
Answer;308;0
Answer;307;0
Answer;200;0
Answer;51;0
Answer;35;0
Answer;54;0
Answer;60;0
Answer;64;0
Answer;30;0
Answer;198;0
Answer;20;0
Answer;18;0
Answer;31;0
Answer;63;0
Answer;199;0
Answer;45;0
Answer;313;0
Answer;207;0
Answer;212;0
Answer;62;0
Answer;306;0
Answer;34;0
Answer;55;0
Answer;26;0
Answer;52;0
Answer;276;0
Answer;-1;0
Mis;`<` is `not >`;0;1;1;0;0;1;0;0;0;1;0;0;1;0;0;0;1;0;0;1;0;22;0
Mis;Backwards chaining;0;1;1;0;0;1;0;0;0;1;0;0;1;0;0;0;1;0;0;0;0;22;0
Mis;`print()` needs input;0;1;1;0;0;1;0;0;0;1;0;0;1;0;0;0;1;0;0;0;0;22;0
Mis;Blank last slice non-inclusive;0;1;1;0;0;1;0;0;0;1;0;0;1;0;0;0;1;0;0;0;0;22;0
Mis;Return frame bypass;0;1;1;0;0;1;0;0;0;1;0;0;1;0;0;0;1;0;0;0;0;22;0
Mis;Functions must have input;0;1;1;0;0;1;0;0;0;1;0;0;1;0;0;0;1;0;0;0;0;22;0
Mis;No Boolean literals;0;1;1;0;0;1;0;0;0;1;0;0;1;0;0;0;1;0;0;1;0;22;0
Mis;String equality isn't case sensitive;0;1;1;0;0;1;0;0;0;1;0;0;1;0;0;0;1;0;0;1;0;22;0
Mis;Single letter variables;0;1;1;0;0;1;0;0;0;1;0;0;1;0;0;0;1;0;0;0;0;22;0
Mis;`return` on `def` indentation level;0;1;1;0;0;1;0;0;0;1;0;0;1;0;0;0;1;0;0;1;0;22;0
Mis;Iterable repetition interleaves;0;1;1;0;0;1;0;0;0;1;0;0;1;0;0;0;1;0;0;0;0;22;0
Mis;Sequenced conditionals;0;1;1;0;0;1;0;0;0;1;0;0;1;0;0;0;1;0;0;1;0;22;0
Mis;`input()` includes newline;0;1;1;0;0;1;0;0;0;1;0;0;1;0;0;0;1;0;0;0;0;22;0
Mis;Concat with single element;0;1;1;0;0;1;0;0;0;1;0;0;1;0;0;0;1;0;0;0;0;22;0
Mis;Extending strings adds space;0;1;1;0;0;1;0;0;0;1;0;0;1;0;0;0;1;0;0;1;0;22;0
Mis;Variables cannot be assigned twice;0;1;1;0;0;1;0;0;0;1;0;0;1;0;0;0;1;0;0;1;0;22;0
Mis;No `and` on objects;0;1;1;0;0;1;0;0;0;1;0;0;1;0;0;0;1;0;0;0;0;22;0
Mis;`range()` only has one input;0;1;1;0;0;1;0;0;0;1;0;0;1;0;0;0;1;0;0;0;0;22;0
Mis;Linear Order of Operations;0;1;1;0;0;1;0;0;0;1;0;0;1;0;0;0;1;0;0;1;0;22;0
Mis;`%` percentage operator;0;1;1;0;0;1;0;0;0;1;0;0;1;0;0;0;1;0;0;0;0;22;0
Mis;`self` has no value;0;1;1;0;0;1;0;0;0;1;0;0;1;0;0;0;1;0;0;1;0;22;0
Mis;Characters are strings;0;1;1;0;0;1;0;0;0;1;0;0;1;0;0;0;1;0;0;0;0;22;0
Mis;Keyword functions;0;1;1;0;0;1;0;0;0;1;0;0;1;0;0;0;1;0;0;0;0;22;0
Mis;Floating point equality okay;0;1;1;0;0;1;0;0;0;1;0;0;1;0;0;0;1;0;0;1;0;22;0
Mis;Lazy assignment;0;1;1;0;0;1;0;0;0;1;0;0;1;0;0;0;1;0;0;0;0;22;0
Mis;Index -1 is start of list;0;1;1;0;0;1;0;0;0;1;0;0;1;0;0;0;1;0;0;1;0;22;0
Mis;No variable functions;0;1;1;0;0;1;0;0;0;1;0;0;1;0;0;0;1;0;0;1;0;22;0
Mis;Multi-line strings with `' '`;0;1;1;0;0;1;0;0;0;1;0;0;1;0;0;0;1;0;0;1;0;22;0
Mis;No variable methods;0;1;1;0;0;1;0;0;0;1;0;0;1;0;0;0;1;0;0;0;0;22;0
Mis;Iterable repeition multiplies by constant;0;1;1;0;0;1;0;0;0;1;0;0;1;0;0;0;1;0;0;0;0;22;0
Mis;String methods mutate;0;1;1;0;0;1;0;0;0;1;0;0;1;0;0;0;1;0;0;0;0;22;0
Mis;No short circuit;0;1;1;0;0;1;0;0;0;1;0;0;1;0;0;0;1;0;0;1;0;22;0
Mis;Slice exclusive of first index;0;1;1;0;0;1;0;0;0;1;0;0;1;0;0;0;1;0;0;0;0;22;0
Mis;`print()` non-terminating return;0;1;1;0;0;1;0;0;0;1;0;0;1;0;0;0;1;0;0;0;0;22;0
Mis;No floating point limit;0;1;1;0;0;1;0;0;0;1;0;0;1;0;0;0;1;0;0;1;0;22;0
Mis;`>` is `not <`;0;1;1;0;0;1;0;0;0;1;0;0;1;0;0;0;1;0;0;1;0;22;0
Mis;`try` without `except`;0;1;1;0;0;1;0;0;0;1;0;0;1;0;0;0;1;0;0;1;0;22;0
Mis;Inline Function Definition;0;1;1;0;0;1;0;0;0;1;0;0;1;0;0;0;1;0;0;1;0;22;0
Mis;`print()` no newline;0;1;1;0;0;1;0;0;0;1;0;0;1;0;0;0;1;0;0;0;0;22;0
Mis;`range()` starts at 1;0;1;1;0;0;1;0;0;0;1;0;0;1;0;0;0;1;0;0;1;0;22;0
Mis;Blank slice is empty;0;1;1;0;0;1;0;0;0;1;0;0;1;0;0;0;1;0;0;0;0;22;0
Mis;`-` works on strings;0;1;1;0;0;1;0;0;0;1;0;0;1;0;0;0;1;0;0;1;0;22;0
Mis;No constructor method chain;0;1;1;0;0;1;0;0;0;1;0;0;1;0;0;0;1;0;0;0;0;22;0
Mis;`#` is an operator;0;1;1;0;0;1;0;0;0;1;0;0;1;0;0;0;1;0;0;1;0;22;0
Mis;No escape sequences;0;1;1;0;0;1;0;0;0;1;0;0;1;0;0;0;1;0;0;0;0;22;0
Mis;Methods must have input;0;1;1;0;0;1;0;0;0;1;0;0;1;0;0;0;1;0;0;0;0;22;0
Mis;Assignment duplicates;0;1;1;0;0;1;0;0;0;1;0;0;1;0;0;0;1;0;0;0;0;22;0
Mis;`=` comparison;0;1;1;0;0;1;0;0;0;1;0;0;1;0;0;0;1;0;0;1;0;22;0
Mis;No tuple return;0;1;1;0;0;1;0;0;0;1;0;0;1;0;0;0;1;0;0;0;0;22;0
Mis;`for` is `while`;0;1;1;0;0;1;0;0;0;1;0;0;1;0;0;0;1;0;0;0;0;22;0
Mis;Curly brackets stay;0;1;1;0;0;1;0;0;0;1;0;0;1;0;0;0;1;0;0;0;0;22;0
Mis;`/` is modulus;0;1;1;0;0;1;0;0;0;1;0;0;1;0;0;0;1;0;0;1;0;22;0
Mis;No implicit void functions;0;1;1;0;0;1;0;0;0;1;0;0;1;0;0;0;1;0;0;0;0;22;0
Mis;Operators cannot be chained;0;1;1;0;0;1;0;0;0;1;0;0;1;0;0;0;1;0;0;1;0;22;0
Mis;Functions must return;0;1;1;0;0;1;0;0;0;1;0;0;1;0;0;0;1;0;0;0;0;22;0
Mis;No `not` on objects;0;1;1;0;0;1;0;0;0;1;0;0;1;0;0;0;1;0;0;0;0;22;0
Mis;Ternary Boolean return;0;1;1;0;0;1;0;0;0;1;0;0;1;0;0;0;1;0;0;0;0;22;0
Mis;`if` loop;0;1;1;0;0;1;0;0;0;1;0;0;1;0;0;0;1;0;0;1;0;22;0
Mis;`range()` includes the final value;0;1;1;0;0;1;0;0;0;1;0;0;1;0;0;0;1;0;0;0;0;22;0
Mis;Methods can have no arguments;0;1;1;0;0;1;0;0;0;1;0;0;1;0;0;0;1;0;0;0;0;22;0
Mis;No string constructor method chain;0;1;1;0;0;1;0;0;0;1;0;0;1;0;0;0;1;0;0;0;0;22;0
Mis;`return` continues;0;1;1;0;0;1;0;0;0;1;0;0;1;0;0;0;1;0;0;0;0;22;0
Mis;String equality not `==`;0;1;1;0;0;1;0;0;0;1;0;0;1;0;0;0;1;0;0;0;0;22;0
Mis;String repetition adds space;0;1;1;0;0;1;0;0;0;1;0;0;1;0;0;0;1;0;0;0;0;22;0
Mis;Automatic Integer Conversion;0;1;1;0;0;1;0;0;0;1;0;0;1;0;0;0;1;0;0;1;0;22;0
Mis;Slices include last value;0;1;1;0;0;1;0;0;0;1;0;0;1;0;0;0;1;0;0;0;0;22;0
Mis;Integers limit;0;1;1;0;0;1;0;0;0;1;0;0;1;0;0;0;1;0;0;1;0;22;0
Mis;Confused string assignment;0;1;1;0;0;1;0;0;0;1;0;0;1;0;0;0;1;0;0;0;0;22;0
Mis;Lowercase Booleans;0;1;1;0;0;1;0;0;0;1;0;0;1;0;0;0;1;0;0;0;0;22;0
Mis;`pass` is `continue`;0;1;1;0;0;1;0;0;0;1;0;0;1;0;0;0;1;0;0;1;0;22;0
Mis;`print()` returns;0;1;1;0;0;1;0;0;0;1;0;0;1;0;0;0;1;0;0;1;0;22;0
Mis;`print()` only accepts one input;0;1;1;0;0;1;0;0;0;1;0;0;1;0;0;0;1;0;0;0;0;22;0
Mis;Secondary memory data loss;0;1;1;0;0;1;0;0;0;1;0;0;1;0;0;0;1;0;0;1;0;22;0
Mis;Transitive Assignment;0;1;1;0;0;1;0;0;0;1;0;0;1;0;0;0;1;0;0;1;0;22;0
Mis;No literal return;0;1;1;0;0;1;0;0;0;1;0;0;1;0;0;0;1;0;0;0;0;22;0
Mis;`input()` return value;0;1;1;0;0;1;0;0;0;1;0;0;1;0;0;0;1;0;0;1;0;22;0
Mis;Floating point `range()`;0;1;1;0;0;1;0;0;0;1;0;0;1;0;0;0;1;0;0;0;0;22;0
Mis;No `or` on objects;0;1;1;0;0;1;0;0;0;1;0;0;1;0;0;0;1;0;0;0;0;22;0
Mis;`print()` always has a newline;0;1;1;0;0;1;0;0;0;1;0;0;1;0;0;0;1;0;0;0;0;22;0
Mis;`print()` only string;0;1;1;0;0;1;0;0;0;1;0;0;1;0;0;0;1;0;0;0;0;22;0
Mis;`/` is integer division;0;1;1;0;0;1;0;0;0;1;0;0;1;0;0;0;1;0;0;1;0;22;0
Mis;`input()` requires function input;0;1;1;0;0;1;0;0;0;1;0;0;1;0;0;0;1;0;0;0;0;22;0
Mis;No method chain;0;1;1;0;0;1;0;0;0;1;0;0;1;0;0;0;1;0;0;0;0;22;0
Mis;`int()` rounds up floats;0;1;1;0;0;1;0;0;0;1;0;0;1;0;0;0;1;0;0;1;0;22;0
Mis;Multi-line strings with `" "`;0;1;1;0;0;1;0;0;0;1;0;0;1;0;0;0;1;0;0;1;0;22;0
Mis;List concat vector addition;0;1;1;0;0;1;0;0;0;1;0;0;1;0;0;0;1;0;0;1;0;22;0
Mis;`/` works on strings;0;1;1;0;0;1;0;0;0;1;0;0;1;0;0;0;1;0;0;1;0;22;0
Mis;Strings are mutable;0;1;1;0;0;1;0;0;0;1;0;0;1;0;0;0;1;0;0;0;0;22;0
Mis;No loop termination;0;1;1;0;0;1;0;0;0;1;0;0;1;0;0;0;1;0;0;1;0;22;0
Mis;Conditional Boolean return;0;1;1;0;0;1;0;0;0;1;0;0;1;0;0;0;1;0;0;0;0;22;0
Mis;Slices require indices;0;1;1;0;0;1;0;0;0;1;0;0;1;0;0;0;1;0;0;1;0;22;0
Mis;Parenthesized return;0;1;1;0;0;1;0;0;0;1;0;0;1;0;0;0;1;0;0;0;0;22;0
Mis;`%` is division;0;1;1;0;0;1;0;0;0;1;0;0;1;0;0;0;1;0;0;0;0;22;0
Mis;Iterable repetition repeated constant multiplication;0;1;1;0;0;1;0;0;0;1;0;0;1;0;0;0;1;0;0;1;0;22;0
Mis;`//` divides;0;1;1;0;0;1;0;0;0;1;0;0;1;0;0;0;1;0;0;0;0;22;0
Mis;Cannot mix index sign in slice;0;1;1;0;0;1;0;0;0;1;0;0;1;0;0;0;1;0;0;0;0;22;0
Mis;`//` is modulus;0;1;1;0;0;1;0;0;0;1;0;0;1;0;0;0;1;0;0;0;0;22;0
Mis;Slice removes;0;1;1;0;0;1;0;0;0;1;0;0;1;0;0;0;1;0;0;0;0;22;0
Mis;No nesting loops;0;1;1;0;0;1;0;0;0;1;0;0;1;0;0;0;1;0;0;0;0;22;0
Mis;Literals don't have a data type;0;1;1;0;0;1;0;0;0;1;0;0;1;0;0;0;1;0;0;1;0;22;0
Mis;`%` is integer division;0;1;1;0;0;1;0;0;0;1;0;0;1;0;0;0;1;0;0;1;0;22;0
Mis;No formatted string;0;1;1;0;0;1;0;0;0;1;0;0;1;0;0;0;1;0;0;1;0;22;0
Mis;`for` stops before last element;0;1;1;0;0;1;0;0;0;1;0;0;1;0;0;0;1;0;0;1;0;22;0
Mis;`int()` rounds floats;0;1;1;0;0;1;0;0;0;1;0;0;1;0;0;0;1;0;0;0;0;22;0
Mis;Implied repetition over logical operator;0;1;1;0;0;1;0;0;0;1;0;0;1;0;0;0;1;0;0;0;0;22;0
Mis;`for` only with `range()`;0;1;1;0;0;1;0;0;0;1;0;0;1;0;0;0;1;0;0;0;0;22;0
Mis;`while` tests after loop;0;1;1;0;0;1;0;0;0;1;0;0;1;0;0;0;1;0;0;1;0;22;0
Mis;Multi-value return;0;1;1;0;0;1;0;0;0;1;0;0;1;0;0;0;1;0;0;0;0;22;0
Mis;Strings are not objects;0;1;1;0;0;1;0;0;0;1;0;0;1;0;0;0;1;0;0;1;0;22;0
Sphere;`upper()` method;0;1;1;0;0;1;0;0;0;1;0;0;1;0;0;0;1;0;0;1;0;22;1;0.9862068965517241
Sphere;`*` string operator;0;1;1;0;0;1;0;0;0;1;0;0;1;0;0;0;1;0;0;1;0;22;1;0.9862068965517241
Sphere;`+` string operator;0;1;1;0;0;1;0;0;0;1;0;0;1;0;0;0;1;0;0;1;0;22;1;0.9862068965517241
Sphere;`lower()` method;0;1;1;0;0;1;0;0;0;1;0;0;1;0;0;0;1;0;0;1;0;22;1;0.9862068965517241
Sphere;`" "` constructor;0;1;1;0;0;1;0;0;0;1;0;0;1;0;0;0;1;0;0;1;0;22;1;0.9862068965517241
Sphere;String Slicing;0;1;1;0;0;1;0;0;0;1;0;0;1;0;0;0;1;0;0;1;0;22;1;0.9862068965517241
Sphere;`' '` constructor;0;1;1;0;0;1;0;0;0;1;0;0;1;0;0;0;1;0;0;1;0;22;1;0.9862068965517241
Sphere;Strings;0;1;1;0;0;1;0;0;0;1;0;0;1;0;0;0;1;0;0;1;0;22;1;0.9862068965517241
Sphere;`join()` method;0;1;1;0;0;1;0;0;0;1;0;0;1;0;0;0;1;0;0;1;0;22;1;0.9862068965517241
Sphere;`capitalize()` method;0;1;1;0;0;1;0;0;0;1;0;0;1;0;0;0;1;0;0;1;0;22;1;0.9862068965517241
Sphere;String Indexing;0;1;1;0;0;1;0;0;0;1;0;0;1;0;0;0;1;0;0;1;0;22;1;0.9862068965517241
Sphere;`str()` function;0;1;1;0;0;1;0;0;0;1;0;0;1;0;0;0;1;0;0;0;0;22;1;0.9200000000000002
Sphere;Floats;0;1;1;0;0;1;0;0;0;1;0;0;1;0;0;0;1;0;0;0;0;22;1;0.9854545454545456
Sphere;`+=` float operator;0;1;1;0;0;1;0;0;0;1;0;0;1;0;0;0;1;0;0;0;0;22;1;0.8
Sphere;Built-in Functions;0;1;1;0;0;1;0;0;0;1;0;0;1;0;0;0;1;0;0;0;0;22;0;1e-08
Sphere;`+=` integer operator;0;1;1;0;0;1;0;0;0;1;0;0;1;0;0;0;1;0;0;0;0;22;1;0.9854545454545456
Sphere;Secondary Memory;0;1;1;0;0;1;0;0;0;1;0;0;1;0;0;0;1;0;0;0;0;22;1;0.8
Sphere;`*=` float operator;0;1;1;0;0;1;0;0;0;1;0;0;1;0;0;0;1;0;0;0;0;22;1;0.8
Sphere;Conditionals;0;1;1;0;0;1;0;0;0;1;0;0;1;0;0;0;1;0;0;0;0;22;0;1e-08
Sphere;Addition;0;1;1;0;0;1;0;0;0;1;0;0;1;0;0;0;1;0;0;0;0;22;0;1e-08
Sphere;Compilers;0;1;1;0;0;1;0;0;0;1;0;0;1;0;0;0;1;0;0;0;0;22;1;0.8
Sphere;`range()` function;0;1;1;0;0;1;0;0;0;1;0;0;1;0;0;0;1;0;0;0;0;22;0;1e-08
Sphere;`%=` integer operator;0;1;1;0;0;1;0;0;0;1;0;0;1;0;0;0;1;0;0;0;0;22;1;0.9200000000000002
Sphere;Interpreters;0;1;1;0;0;1;0;0;0;1;0;0;1;0;0;0;1;0;0;0;0;22;1;0.8
Sphere;Booleans;0;1;1;0;0;1;0;0;0;1;0;0;1;0;0;0;1;0;0;0;0;22;1;0.9854545454545456
Sphere;`%` float operator;0;1;1;0;0;1;0;0;0;1;0;0;1;0;0;0;1;0;0;0;0;22;1;0.9200000000000002
Sphere;`elif` keyword;0;1;1;0;0;1;0;0;0;1;0;0;1;0;0;0;1;0;0;0;0;22;0;1e-08
Sphere;`<=` float operator;0;1;1;0;0;1;0;0;0;1;0;0;1;0;0;0;1;0;0;0;0;22;0;0.8
Sphere;`<` float operator;0;1;1;0;0;1;0;0;0;1;0;0;1;0;0;0;1;0;0;0;0;22;1;0.8
Sphere;Assignment;0;1;1;0;0;1;0;0;0;1;0;0;1;0;0;0;1;0;0;0;0;22;1;0.9854545454545456
Sphere;`continue` keyword;0;1;1;0;0;1;0;0;0;1;0;0;1;0;0;0;1;0;0;0;0;22;0;1e-08
Sphere;`else` keyword;0;1;1;0;0;1;0;0;0;1;0;0;1;0;0;0;1;0;0;0;0;22;1;0.9854545454545456
Sphere;`-=` integer operator;0;1;1;0;0;1;0;0;0;1;0;0;1;0;0;0;1;0;0;0;0;22;1;0.8
Sphere;`or` operator;0;1;1;0;0;1;0;0;0;1;0;0;1;0;0;0;1;0;0;0;0;22;1;0.8
Sphere;`!=` float operator;0;1;1;0;0;1;0;0;0;1;0;0;1;0;0;0;1;0;0;0;0;22;0;0.8
Sphere;`<` string operator;0;1;1;0;0;1;0;0;0;1;0;0;1;0;0;0;1;0;0;0;0;22;1;0.9813953488372094
Sphere;`<` integer operator;0;1;1;0;0;1;0;0;0;1;0;0;1;0;0;0;1;0;0;0;0;22;1;0.8
Sphere;Floating point equality;0;1;1;0;0;1;0;0;0;1;0;0;1;0;0;0;1;0;0;0;0;22;1;0.8
Sphere;Comparison;0;1;1;0;0;1;0;0;0;1;0;0;1;0;0;0;1;0;0;0;0;22;0;1e-08
Sphere;`type()` function;0;1;1;0;0;1;0;0;0;1;0;0;1;0;0;0;1;0;0;0;0;22;1;0.9714285714285715
Sphere;Functions;0;1;1;0;0;1;0;0;0;1;0;0;1;0;0;0;1;0;0;0;0;22;1;0.9854545454545456
Sphere;Contracted `if`;0;1;1;0;0;1;0;0;0;1;0;0;1;0;0;0;1;0;0;0;0;22;0;1e-08
Sphere;Automatic Conversion;0;1;1;0;0;1;0;0;0;1;0;0;1;0;0;0;1;0;0;0;0;22;1;0.9578947368421054
Sphere;`+` float operator;0;1;1;0;0;1;0;0;0;1;0;0;1;0;0;0;1;0;0;0;0;22;1;0.9854545454545456
Sphere;`>=` integer operator;0;1;1;0;0;1;0;0;0;1;0;0;1;0;0;0;1;0;0;0;0;22;1;0.9854545454545456
Sphere;`break` keyword;0;1;1;0;0;1;0;0;0;1;0;0;1;0;0;0;1;0;0;0;0;22;0;1e-08
Sphere;CPU functionality;0;1;1;0;0;1;0;0;0;1;0;0;1;0;0;0;1;0;0;0;0;22;1;0.8
Sphere;Self Assignment;0;1;1;0;0;1;0;0;0;1;0;0;1;0;0;0;1;0;0;0;0;22;1;0.9384615384615385
Sphere;`*=` integer operator;0;1;1;0;0;1;0;0;0;1;0;0;1;0;0;0;1;0;0;0;0;22;1;0.8
Sphere;`//` float operator;0;1;1;0;0;1;0;0;0;1;0;0;1;0;0;0;1;0;0;0;0;22;1;0.9200000000000002
Sphere;`""" """` constructor;0;1;1;0;0;1;0;0;0;1;0;0;1;0;0;0;1;0;0;0;0;22;1;0.9813953488372094
Sphere;`/` integer operator;0;1;1;0;0;1;0;0;0;1;0;0;1;0;0;0;1;0;0;0;0;22;1;0.9578947368421054
Sphere;Repetition;0;1;1;0;0;1;0;0;0;1;0;0;1;0;0;0;1;0;0;0;0;22;0;1e-08
Sphere;`//=` float operator;0;1;1;0;0;1;0;0;0;1;0;0;1;0;0;0;1;0;0;0;0;22;1;0.9200000000000002
Sphere;Control Flow;0;1;1;0;0;1;0;0;0;1;0;0;1;0;0;0;1;0;0;0;0;22;0;1e-08
Sphere;Loops;0;1;1;0;0;1;0;0;0;1;0;0;1;0;0;0;1;0;0;0;0;22;0;1e-08
Sphere;Integers;0;1;1;0;0;1;0;0;0;1;0;0;1;0;0;0;1;0;0;0;0;22;1;0.9854545454545456
Sphere;`%=` float operator;0;1;1;0;0;1;0;0;0;1;0;0;1;0;0;0;1;0;0;0;0;22;1;0.9200000000000002
Sphere;Concatenation;0;1;1;0;0;1;0;0;0;1;0;0;1;0;0;0;1;0;0;0;0;22;0;1e-08
Sphere;`-=` float operator;0;1;1;0;0;1;0;0;0;1;0;0;1;0;0;0;1;0;0;0;0;22;1;0.8
Sphere;`//` integer operator;0;1;1;0;0;1;0;0;0;1;0;0;1;0;0;0;1;0;0;0;0;22;1;0.9714285714285715
Sphere;`*` float operator;0;1;1;0;0;1;0;0;0;1;0;0;1;0;0;0;1;0;0;0;0;22;1;0.9854545454545456
Sphere;Atomic Data Types;0;1;1;0;0;1;0;0;0;1;0;0;1;0;0;0;1;0;0;0;0;22;0;1e-08
Sphere;Subtraction;0;1;1;0;0;1;0;0;0;1;0;0;1;0;0;0;1;0;0;0;0;22;0;1e-08
Sphere;Type Casting;0;1;1;0;0;1;0;0;0;1;0;0;1;0;0;0;1;0;0;0;0;22;0;1e-08
Sphere;`not` operator;0;1;1;0;0;1;0;0;0;1;0;0;1;0;0;0;1;0;0;0;0;22;1;0.8
Sphere;`and` operator;0;1;1;0;0;1;0;0;0;1;0;0;1;0;0;0;1;0;0;0;0;22;1;0.8
Sphere;`/=` integer operator;0;1;1;0;0;1;0;0;0;1;0;0;1;0;0;0;1;0;0;0;0;22;1;0.8
Sphere;Multiplication;0;1;1;0;0;1;0;0;0;1;0;0;1;0;0;0;1;0;0;0;0;22;0;1e-08
Sphere;`*` integer operator;0;1;1;0;0;1;0;0;0;1;0;0;1;0;0;0;1;0;0;0;0;22;1;0.9714285714285715
Sphere;`input()` function;0;1;1;0;0;1;0;0;0;1;0;0;1;0;0;0;1;0;0;0;0;22;1;0.9813953488372094
Sphere;`return` keyword;0;1;1;0;0;1;0;0;0;1;0;0;1;0;0;0;1;0;0;0;0;22;1;0.9854545454545456
Sphere;Indexing;0;1;1;0;0;1;0;0;0;1;0;0;1;0;0;0;1;0;0;0;0;22;0;1e-08
Sphere;Ordered Data Structures;0;1;1;0;0;1;0;0;0;1;0;0;1;0;0;0;1;0;0;0;0;22;0;1e-08
Sphere;`+` integer operator;0;1;1;0;0;1;0;0;0;1;0;0;1;0;0;0;1;0;0;0;0;22;1;0.9854545454545456
Sphere;Formatted Strings;0;1;1;0;0;1;0;0;0;1;0;0;1;0;0;0;1;0;0;0;0;22;1;0.9813953488372094
Sphere;Division;0;1;1;0;0;1;0;0;0;1;0;0;1;0;0;0;1;0;0;0;0;22;0;1e-08
Sphere;`if` keyword;0;1;1;0;0;1;0;0;0;1;0;0;1;0;0;0;1;0;0;0;0;22;1;0.9854545454545456
Sphere;Equality;0;1;1;0;0;1;0;0;0;1;0;0;1;0;0;0;1;0;0;0;0;22;0;1e-08
Sphere;`==` integer operator;0;1;1;0;0;1;0;0;0;1;0;0;1;0;0;0;1;0;0;0;0;22;1;0.9854545454545456
Sphere;`-` integer operator;0;1;1;0;0;1;0;0;0;1;0;0;1;0;0;0;1;0;0;0;0;22;1;0.9854545454545456
Sphere;`!=` string operator;0;1;1;0;0;1;0;0;0;1;0;0;1;0;0;0;1;0;0;0;0;22;1;0.9813953488372094
Sphere;Operator Chaining;0;1;1;0;0;1;0;0;0;1;0;0;1;0;0;0;1;0;0;0;0;22;1;0.9854545454545456
Sphere;Comments;0;1;1;0;0;1;0;0;0;1;0;0;1;0;0;0;1;0;0;0;0;22;1;0.8857142857142859
Sphere;`/` float operator;0;1;1;0;0;1;0;0;0;1;0;0;1;0;0;0;1;0;0;0;0;22;1;0.8857142857142859
Sphere;`try` keyword;0;1;1;0;0;1;0;0;0;1;0;0;1;0;0;0;1;0;0;0;0;22;0;1e-08
Sphere;`>` float operator;0;1;1;0;0;1;0;0;0;1;0;0;1;0;0;0;1;0;0;0;0;22;1;0.9854545454545456
Sphere;`==` string operator;0;1;1;0;0;1;0;0;0;1;0;0;1;0;0;0;1;0;0;0;0;22;1;0.9813953488372094
Sphere;`for` loops;0;1;1;0;0;1;0;0;0;1;0;0;1;0;0;0;1;0;0;0;0;22;0;1e-08
Sphere;`int()` function;0;1;1;0;0;1;0;0;0;1;0;0;1;0;0;0;1;0;0;0;0;22;1;0.9578947368421054
Sphere;`replace()` method;0;1;1;0;0;1;0;0;0;1;0;0;1;0;0;0;1;0;0;0;0;22;1;0.9813953488372094
Sphere;Integer Division;0;1;1;0;0;1;0;0;0;1;0;0;1;0;0;0;1;0;0;0;0;22;0;1e-08
Sphere;`%` integer operator;0;1;1;0;0;1;0;0;0;1;0;0;1;0;0;0;1;0;0;0;0;22;1;0.9714285714285715
Sphere;`print()` function;0;1;1;0;0;1;0;0;0;1;0;0;1;0;0;0;1;0;0;0;0;22;1;0.9813953488372094
Sphere;Order of Operations;0;1;1;0;0;1;0;0;0;1;0;0;1;0;0;0;1;0;0;0;0;22;1;0.9854545454545456
Sphere;`len()` string function;0;1;1;0;0;1;0;0;0;1;0;0;1;0;0;0;1;0;0;0;0;22;1;0.9813953488372094
Sphere;`<=` integer operator;0;1;1;0;0;1;0;0;0;1;0;0;1;0;0;0;1;0;0;0;0;22;1;0.8
Sphere;RAM functionality;0;1;1;0;0;1;0;0;0;1;0;0;1;0;0;0;1;0;0;0;0;22;1;0.8
Sphere;`>` string operator;0;1;1;0;0;1;0;0;0;1;0;0;1;0;0;0;1;0;0;0;0;22;1;0.9813953488372094
Sphere;`/=` float operator;0;1;1;0;0;1;0;0;0;1;0;0;1;0;0;0;1;0;0;0;0;22;1;0.8
Sphere;`-` float operator;0;1;1;0;0;1;0;0;0;1;0;0;1;0;0;0;1;0;0;0;0;22;1;0.9854545454545456
Sphere;`float()` function;0;1;1;0;0;1;0;0;0;1;0;0;1;0;0;0;1;0;0;0;0;22;1;0.9384615384615385
Sphere;Slicing;0;1;1;0;0;1;0;0;0;1;0;0;1;0;0;0;1;0;0;0;0;22;0;1e-08
Sphere;`=` operator;0;1;1;0;0;1;0;0;0;1;0;0;1;0;0;0;1;0;0;0;0;22;1;0.9854545454545456
Sphere;Modulus;0;1;1;0;0;1;0;0;0;1;0;0;1;0;0;0;1;0;0;0;0;22;0;1e-08
Sphere;`!=` integer operator;0;1;1;0;0;1;0;0;0;1;0;0;1;0;0;0;1;0;0;0;0;22;1;0.8
Sphere;`>` integer operator;0;1;1;0;0;1;0;0;0;1;0;0;1;0;0;0;1;0;0;0;0;22;1;0.9854545454545456
Sphere;`while` loops;0;1;1;0;0;1;0;0;0;1;0;0;1;0;0;0;1;0;0;0;0;22;1;0.9854545454545456
Sphere;Methods;0;1;1;0;0;1;0;0;0;1;0;0;1;0;0;0;1;0;0;0;0;22;0;1e-08
Sphere;`>=` float operator;0;1;1;0;0;1;0;0;0;1;0;0;1;0;0;0;1;0;0;0;0;22;1;0.8
Sphere;Machine Code;0;1;1;0;0;1;0;0;0;1;0;0;1;0;0;0;1;0;0;0;0;22;1;0.8
Sphere;Variables;0;1;1;0;0;1;0;0;0;1;0;0;1;0;0;0;1;0;0;0;0;22;1;0.9854545454545456
Sphere;Program Definition;0;1;1;0;0;1;0;0;0;1;0;0;1;0;0;0;1;0;0;0;0;22;1;0.8
Sphere;`//=` integer operator;0;1;1;0;0;1;0;0;0;1;0;0;1;0;0;0;1;0;0;0;0;22;1;0.9200000000000002
Sphere;`def` constructor;0;1;1;0;0;1;0;0;0;1;0;0;1;0;0;0;1;0;0;0;0;22;1;0.9854545454545456
==::==::==
Question;81;0
Question;20;0
Question;5;0
Question;18;0
Question;8;0
Question;53;0
Question;84;0
Question;11;0
Question;83;0
Question;9;0
Question;93;0
Question;15;0
Question;82;0
Question;85;0
Question;91;0
Question;19;0
Question;79;0
Question;48;0
Question;17;0
Question;12;0
Question;90;0
Question;14;0
Question;13;0
Question;7;0
Answer;58;0
Answer;305;0
Answer;315;0
Answer;50;0
Answer;21;0
Answer;27;0
Answer;209;0
Answer;217;0
Answer;210;0
Answer;56;0
Answer;218;0
Answer;213;0
Answer;316;0
Answer;304;0
Answer;223;0
Answer;314;0
Answer;130;0
Answer;61;0
Answer;36;0
Answer;220;0
Answer;216;0
Answer;208;0
Answer;211;0
Answer;225;0
Answer;33;0
Answer;49;0
Answer;141;0
Answer;224;0
Answer;206;0
Answer;19;0
Answer;37;0
Answer;303;0
Answer;222;0
Answer;42;0
Answer;47;0
Answer;57;0
Answer;214;0
Answer;29;0
Answer;215;0
Answer;53;0
Answer;219;0
Answer;277;0
Answer;44;0
Answer;32;0
Answer;28;0
Answer;221;0
Answer;43;0
Answer;48;0
Answer;46;0
Answer;201;0
Answer;131;0
Answer;308;0
Answer;307;0
Answer;200;0
Answer;51;0
Answer;35;0
Answer;54;0
Answer;60;0
Answer;64;0
Answer;30;0
Answer;198;0
Answer;20;0
Answer;18;0
Answer;31;0
Answer;63;0
Answer;199;0
Answer;45;0
Answer;313;0
Answer;207;0
Answer;212;0
Answer;62;0
Answer;306;0
Answer;34;0
Answer;55;0
Answer;26;0
Answer;52;0
Answer;276;0
Answer;-1;0
Mis;`<` is `not >`;0;1;1;0;0;1;0;0;0;1;0;0;1;0;1;0;0;0;0;1;0;23;0
Mis;Backwards chaining;0;1;1;0;0;1;0;0;0;1;0;0;1;0;1;0;0;0;0;0;0;23;0
Mis;`print()` needs input;0;1;1;0;0;1;0;0;0;1;0;0;1;0;1;0;0;0;0;0;0;23;0
Mis;Blank last slice non-inclusive;0;1;1;0;0;1;0;0;0;1;0;0;1;0;1;0;0;0;0;0;0;23;0
Mis;Return frame bypass;0;1;1;0;0;1;0;0;0;1;0;0;1;0;1;0;0;0;0;0;0;23;0
Mis;Functions must have input;0;1;1;0;0;1;0;0;0;1;0;0;1;0;1;0;0;0;0;0;0;23;0
Mis;No Boolean literals;0;1;1;0;0;1;0;0;0;1;0;0;1;0;1;0;0;0;0;1;0;23;0
Mis;String equality isn't case sensitive;0;1;1;0;0;1;0;0;0;1;0;0;1;0;1;0;0;0;0;1;0;23;0
Mis;Single letter variables;0;1;1;0;0;1;0;0;0;1;0;0;1;0;1;0;0;0;0;0;0;23;0
Mis;`return` on `def` indentation level;0;1;1;0;0;1;0;0;0;1;0;0;1;0;1;0;0;0;0;1;0;23;0
Mis;Iterable repetition interleaves;0;1;1;0;0;1;0;0;0;1;0;0;1;0;1;0;0;0;0;0;0;23;0
Mis;Sequenced conditionals;0;1;1;0;0;1;0;0;0;1;0;0;1;0;1;0;0;0;0;1;0;23;0
Mis;`input()` includes newline;0;1;1;0;0;1;0;0;0;1;0;0;1;0;1;0;0;0;0;0;0;23;0
Mis;Concat with single element;0;1;1;0;0;1;0;0;0;1;0;0;1;0;1;0;0;0;0;0;0;23;0
Mis;Extending strings adds space;0;1;1;0;0;1;0;0;0;1;0;0;1;0;1;0;0;0;0;1;0;23;0
Mis;Variables cannot be assigned twice;0;1;1;0;0;1;0;0;0;1;0;0;1;0;1;0;0;0;0;1;0;23;0
Mis;No `and` on objects;0;1;1;0;0;1;0;0;0;1;0;0;1;0;1;0;0;0;0;0;0;23;0
Mis;`range()` only has one input;0;1;1;0;0;1;0;0;0;1;0;0;1;0;1;0;0;0;0;0;0;23;0
Mis;Linear Order of Operations;0;1;1;0;0;1;0;0;0;1;0;0;1;0;1;0;0;0;0;1;0;23;0
Mis;`%` percentage operator;0;1;1;0;0;1;0;0;0;1;0;0;1;0;1;0;0;0;0;0;0;23;0
Mis;`self` has no value;0;1;1;0;0;1;0;0;0;1;0;0;1;0;1;0;0;0;0;1;0;23;0
Mis;Characters are strings;0;1;1;0;0;1;0;0;0;1;0;0;1;0;1;0;0;0;0;0;0;23;0
Mis;Keyword functions;0;1;1;0;0;1;0;0;0;1;0;0;1;0;1;0;0;0;0;0;0;23;0
Mis;Floating point equality okay;0;1;1;0;0;1;0;0;0;1;0;0;1;0;1;0;0;0;0;1;0;23;0
Mis;Lazy assignment;0;1;1;0;0;1;0;0;0;1;0;0;1;0;1;0;0;0;0;0;0;23;0
Mis;Index -1 is start of list;0;1;1;0;0;1;0;0;0;1;0;0;1;0;1;0;0;0;0;1;0;23;0
Mis;No variable functions;0;1;1;0;0;1;0;0;0;1;0;0;1;0;1;0;0;0;0;1;0;23;0
Mis;Multi-line strings with `' '`;0;1;1;0;0;1;0;0;0;1;0;0;1;0;1;0;0;0;0;1;0;23;0
Mis;No variable methods;0;1;1;0;0;1;0;0;0;1;0;0;1;0;1;0;0;0;0;0;0;23;0
Mis;Iterable repeition multiplies by constant;0;1;1;0;0;1;0;0;0;1;0;0;1;0;1;0;0;0;0;0;0;23;0
Mis;String methods mutate;0;1;1;0;0;1;0;0;0;1;0;0;1;0;1;0;0;0;0;0;0;23;0
Mis;No short circuit;0;1;1;0;0;1;0;0;0;1;0;0;1;0;1;0;0;0;0;1;0;23;0
Mis;Slice exclusive of first index;0;1;1;0;0;1;0;0;0;1;0;0;1;0;1;0;0;0;0;0;0;23;0
Mis;`print()` non-terminating return;0;1;1;0;0;1;0;0;0;1;0;0;1;0;1;0;0;0;0;0;0;23;0
Mis;No floating point limit;0;1;1;0;0;1;0;0;0;1;0;0;1;0;1;0;0;0;0;1;0;23;0
Mis;`>` is `not <`;0;1;1;0;0;1;0;0;0;1;0;0;1;0;1;0;0;0;0;1;0;23;0
Mis;`try` without `except`;0;1;1;0;0;1;0;0;0;1;0;0;1;0;1;0;0;0;0;1;0;23;0
Mis;Inline Function Definition;0;1;1;0;0;1;0;0;0;1;0;0;1;0;1;0;0;0;0;1;0;23;0
Mis;`print()` no newline;0;1;1;0;0;1;0;0;0;1;0;0;1;0;1;0;0;0;0;0;0;23;0
Mis;`range()` starts at 1;0;1;1;0;0;1;0;0;0;1;0;0;1;0;1;0;0;0;0;1;0;23;0
Mis;Blank slice is empty;0;1;1;0;0;1;0;0;0;1;0;0;1;0;1;0;0;0;0;0;0;23;0
Mis;`-` works on strings;0;1;1;0;0;1;0;0;0;1;0;0;1;0;1;0;0;0;0;1;0;23;0
Mis;No constructor method chain;0;1;1;0;0;1;0;0;0;1;0;0;1;0;1;0;0;0;0;0;0;23;0
Mis;`#` is an operator;0;1;1;0;0;1;0;0;0;1;0;0;1;0;1;0;0;0;0;1;0;23;0
Mis;No escape sequences;0;1;1;0;0;1;0;0;0;1;0;0;1;0;1;0;0;0;0;0;0;23;0
Mis;Methods must have input;0;1;1;0;0;1;0;0;0;1;0;0;1;0;1;0;0;0;0;0;0;23;0
Mis;Assignment duplicates;0;1;1;0;0;1;0;0;0;1;0;0;1;0;1;0;0;0;0;0;0;23;0
Mis;`=` comparison;0;1;1;0;0;1;0;0;0;1;0;0;1;0;1;0;0;0;0;1;0;23;0
Mis;No tuple return;0;1;1;0;0;1;0;0;0;1;0;0;1;0;1;0;0;0;0;0;0;23;0
Mis;`for` is `while`;0;1;1;0;0;1;0;0;0;1;0;0;1;0;1;0;0;0;0;0;0;23;0
Mis;Curly brackets stay;0;1;1;0;0;1;0;0;0;1;0;0;1;0;1;0;0;0;0;0;0;23;0
Mis;`/` is modulus;0;1;1;0;0;1;0;0;0;1;0;0;1;0;1;0;0;0;0;1;0;23;0
Mis;No implicit void functions;0;1;1;0;0;1;0;0;0;1;0;0;1;0;1;0;0;0;0;0;0;23;0
Mis;Operators cannot be chained;0;1;1;0;0;1;0;0;0;1;0;0;1;0;1;0;0;0;0;1;0;23;0
Mis;Functions must return;0;1;1;0;0;1;0;0;0;1;0;0;1;0;1;0;0;0;0;0;0;23;0
Mis;No `not` on objects;0;1;1;0;0;1;0;0;0;1;0;0;1;0;1;0;0;0;0;0;0;23;0
Mis;Ternary Boolean return;0;1;1;0;0;1;0;0;0;1;0;0;1;0;1;0;0;0;0;0;0;23;0
Mis;`if` loop;0;1;1;0;0;1;0;0;0;1;0;0;1;0;1;0;0;0;0;1;0;23;0
Mis;`range()` includes the final value;0;1;1;0;0;1;0;0;0;1;0;0;1;0;1;0;0;0;0;0;0;23;0
Mis;Methods can have no arguments;0;1;1;0;0;1;0;0;0;1;0;0;1;0;1;0;0;0;0;0;0;23;0
Mis;No string constructor method chain;0;1;1;0;0;1;0;0;0;1;0;0;1;0;1;0;0;0;0;0;0;23;0
Mis;`return` continues;0;1;1;0;0;1;0;0;0;1;0;0;1;0;1;0;0;0;0;0;0;23;0
Mis;String equality not `==`;0;1;1;0;0;1;0;0;0;1;0;0;1;0;1;0;0;0;0;0;0;23;0
Mis;String repetition adds space;0;1;1;0;0;1;0;0;0;1;0;0;1;0;1;0;0;0;0;0;0;23;0
Mis;Automatic Integer Conversion;0;1;1;0;0;1;0;0;0;1;0;0;1;0;1;0;0;0;0;1;0;23;0
Mis;Slices include last value;0;1;1;0;0;1;0;0;0;1;0;0;1;0;1;0;0;0;0;0;0;23;0
Mis;Integers limit;0;1;1;0;0;1;0;0;0;1;0;0;1;0;1;0;0;0;0;1;0;23;0
Mis;Confused string assignment;0;1;1;0;0;1;0;0;0;1;0;0;1;0;1;0;0;0;0;0;0;23;0
Mis;Lowercase Booleans;0;1;1;0;0;1;0;0;0;1;0;0;1;0;1;0;0;0;0;0;0;23;0
Mis;`pass` is `continue`;0;1;1;0;0;1;0;0;0;1;0;0;1;0;1;0;0;0;0;1;0;23;0
Mis;`print()` returns;0;1;1;0;0;1;0;0;0;1;0;0;1;0;1;0;0;0;0;1;0;23;0
Mis;`print()` only accepts one input;0;1;1;0;0;1;0;0;0;1;0;0;1;0;1;0;0;0;0;0;0;23;0
Mis;Secondary memory data loss;0;1;1;0;0;1;0;0;0;1;0;0;1;0;1;0;0;0;0;1;0;23;0
Mis;Transitive Assignment;0;1;1;0;0;1;0;0;0;1;0;0;1;0;1;0;0;0;0;1;0;23;0
Mis;No literal return;0;1;1;0;0;1;0;0;0;1;0;0;1;0;1;0;0;0;0;0;0;23;0
Mis;`input()` return value;0;1;1;0;0;1;0;0;0;1;0;0;1;0;1;0;0;0;0;1;0;23;0
Mis;Floating point `range()`;0;1;1;0;0;1;0;0;0;1;0;0;1;0;1;0;0;0;0;0;0;23;0
Mis;No `or` on objects;0;1;1;0;0;1;0;0;0;1;0;0;1;0;1;0;0;0;0;0;0;23;0
Mis;`print()` always has a newline;0;1;1;0;0;1;0;0;0;1;0;0;1;0;1;0;0;0;0;0;0;23;0
Mis;`print()` only string;0;1;1;0;0;1;0;0;0;1;0;0;1;0;1;0;0;0;0;0;0;23;0
Mis;`/` is integer division;0;1;1;0;0;1;0;0;0;1;0;0;1;0;1;0;0;0;0;1;0;23;0
Mis;`input()` requires function input;0;1;1;0;0;1;0;0;0;1;0;0;1;0;1;0;0;0;0;0;0;23;0
Mis;No method chain;0;1;1;0;0;1;0;0;0;1;0;0;1;0;1;0;0;0;0;0;0;23;0
Mis;`int()` rounds up floats;0;1;1;0;0;1;0;0;0;1;0;0;1;0;1;0;0;0;0;1;0;23;0
Mis;Multi-line strings with `" "`;0;1;1;0;0;1;0;0;0;1;0;0;1;0;1;0;0;0;0;1;0;23;0
Mis;List concat vector addition;0;1;1;0;0;1;0;0;0;1;0;0;1;0;1;0;0;0;0;1;0;23;0
Mis;`/` works on strings;0;1;1;0;0;1;0;0;0;1;0;0;1;0;1;0;0;0;0;1;0;23;0
Mis;Strings are mutable;0;1;1;0;0;1;0;0;0;1;0;0;1;0;1;0;0;0;0;0;0;23;0
Mis;No loop termination;0;1;1;0;0;1;0;0;0;1;0;0;1;0;1;0;0;0;0;1;0;23;0
Mis;Conditional Boolean return;0;1;1;0;0;1;0;0;0;1;0;0;1;0;1;0;0;0;0;0;0;23;0
Mis;Slices require indices;0;1;1;0;0;1;0;0;0;1;0;0;1;0;1;0;0;0;0;1;0;23;0
Mis;Parenthesized return;0;1;1;0;0;1;0;0;0;1;0;0;1;0;1;0;0;0;0;0;0;23;0
Mis;`%` is division;0;1;1;0;0;1;0;0;0;1;0;0;1;0;1;0;0;0;0;0;0;23;0
Mis;Iterable repetition repeated constant multiplication;0;1;1;0;0;1;0;0;0;1;0;0;1;0;1;0;0;0;0;1;0;23;0
Mis;`//` divides;0;1;1;0;0;1;0;0;0;1;0;0;1;0;1;0;0;0;0;0;0;23;0
Mis;Cannot mix index sign in slice;0;1;1;0;0;1;0;0;0;1;0;0;1;0;1;0;0;0;0;0;0;23;0
Mis;`//` is modulus;0;1;1;0;0;1;0;0;0;1;0;0;1;0;1;0;0;0;0;0;0;23;0
Mis;Slice removes;0;1;1;0;0;1;0;0;0;1;0;0;1;0;1;0;0;0;0;0;0;23;0
Mis;No nesting loops;0;1;1;0;0;1;0;0;0;1;0;0;1;0;1;0;0;0;0;0;0;23;0
Mis;Literals don't have a data type;0;1;1;0;0;1;0;0;0;1;0;0;1;0;1;0;0;0;0;1;0;23;0
Mis;`%` is integer division;0;1;1;0;0;1;0;0;0;1;0;0;1;0;1;0;0;0;0;1;0;23;0
Mis;No formatted string;0;1;1;0;0;1;0;0;0;1;0;0;1;0;1;0;0;0;0;1;0;23;0
Mis;`for` stops before last element;0;1;1;0;0;1;0;0;0;1;0;0;1;0;1;0;0;0;0;1;0;23;0
Mis;`int()` rounds floats;0;1;1;0;0;1;0;0;0;1;0;0;1;0;1;0;0;0;0;0;0;23;0
Mis;Implied repetition over logical operator;0;1;1;0;0;1;0;0;0;1;0;0;1;0;1;0;0;0;0;0;0;23;0
Mis;`for` only with `range()`;0;1;1;0;0;1;0;0;0;1;0;0;1;0;1;0;0;0;0;0;0;23;0
Mis;`while` tests after loop;0;1;1;0;0;1;0;0;0;1;0;0;1;0;1;0;0;0;0;1;0;23;0
Mis;Multi-value return;0;1;1;0;0;1;0;0;0;1;0;0;1;0;1;0;0;0;0;0;0;23;0
Mis;Strings are not objects;0;1;1;0;0;1;0;0;0;1;0;0;1;0;1;0;0;0;0;1;0;23;0
Sphere;`if` keyword;0;1;1;0;0;1;0;0;0;1;0;0;1;0;1;0;0;0;0;1;0;23;1;0.9875
Sphere;Booleans;0;1;1;0;0;1;0;0;0;1;0;0;1;0;1;0;0;0;0;1;0;23;1;0.9875
Sphere;`else` keyword;0;1;1;0;0;1;0;0;0;1;0;0;1;0;1;0;0;0;0;1;0;23;1;0.9875
Sphere;`str()` function;0;1;1;0;0;1;0;0;0;1;0;0;1;0;1;0;0;0;0;0;0;23;1;0.9200000000000002
Sphere;Floats;0;1;1;0;0;1;0;0;0;1;0;0;1;0;1;0;0;0;0;0;0;23;1;0.9854545454545456
Sphere;`+=` float operator;0;1;1;0;0;1;0;0;0;1;0;0;1;0;1;0;0;0;0;0;0;23;1;0.8
Sphere;Built-in Functions;0;1;1;0;0;1;0;0;0;1;0;0;1;0;1;0;0;0;0;0;0;23;0;1e-08
Sphere;`+=` integer operator;0;1;1;0;0;1;0;0;0;1;0;0;1;0;1;0;0;0;0;0;0;23;1;0.9854545454545456
Sphere;Secondary Memory;0;1;1;0;0;1;0;0;0;1;0;0;1;0;1;0;0;0;0;0;0;23;1;0.8
Sphere;`*=` float operator;0;1;1;0;0;1;0;0;0;1;0;0;1;0;1;0;0;0;0;0;0;23;1;0.8
Sphere;Conditionals;0;1;1;0;0;1;0;0;0;1;0;0;1;0;1;0;0;0;0;1;0;23;0;0.2
Sphere;Addition;0;1;1;0;0;1;0;0;0;1;0;0;1;0;1;0;0;0;0;0;0;23;0;1e-08
Sphere;Compilers;0;1;1;0;0;1;0;0;0;1;0;0;1;0;1;0;0;0;0;0;0;23;1;0.8
Sphere;`range()` function;0;1;1;0;0;1;0;0;0;1;0;0;1;0;1;0;0;0;0;0;0;23;0;1e-08
Sphere;`%=` integer operator;0;1;1;0;0;1;0;0;0;1;0;0;1;0;1;0;0;0;0;0;0;23;1;0.9200000000000002
Sphere;Interpreters;0;1;1;0;0;1;0;0;0;1;0;0;1;0;1;0;0;0;0;0;0;23;1;0.8
Sphere;`%` float operator;0;1;1;0;0;1;0;0;0;1;0;0;1;0;1;0;0;0;0;0;0;23;1;0.9200000000000002
Sphere;`elif` keyword;0;1;1;0;0;1;0;0;0;1;0;0;1;0;1;0;0;0;0;1;0;23;0;0.2
Sphere;`<=` float operator;0;1;1;0;0;1;0;0;0;1;0;0;1;0;1;0;0;0;0;0;0;23;0;0.8
Sphere;`<` float operator;0;1;1;0;0;1;0;0;0;1;0;0;1;0;1;0;0;0;0;0;0;23;1;0.8
Sphere;Assignment;0;1;1;0;0;1;0;0;0;1;0;0;1;0;1;0;0;0;0;0;0;23;1;0.9854545454545456
Sphere;`continue` keyword;0;1;1;0;0;1;0;0;0;1;0;0;1;0;1;0;0;0;0;0;0;23;0;1e-08
Sphere;`+` string operator;0;1;1;0;0;1;0;0;0;1;0;0;1;0;1;0;0;0;0;0;0;23;1;0.9862068965517241
Sphere;`lower()` method;0;1;1;0;0;1;0;0;0;1;0;0;1;0;1;0;0;0;0;0;0;23;1;0.9862068965517241
Sphere;`-=` integer operator;0;1;1;0;0;1;0;0;0;1;0;0;1;0;1;0;0;0;0;0;0;23;1;0.8
Sphere;`or` operator;0;1;1;0;0;1;0;0;0;1;0;0;1;0;1;0;0;0;0;0;0;23;1;0.8
Sphere;`!=` float operator;0;1;1;0;0;1;0;0;0;1;0;0;1;0;1;0;0;0;0;0;0;23;0;0.8
Sphere;`<` string operator;0;1;1;0;0;1;0;0;0;1;0;0;1;0;1;0;0;0;0;0;0;23;1;0.9813953488372094
Sphere;`<` integer operator;0;1;1;0;0;1;0;0;0;1;0;0;1;0;1;0;0;0;0;0;0;23;1;0.8
Sphere;Floating point equality;0;1;1;0;0;1;0;0;0;1;0;0;1;0;1;0;0;0;0;0;0;23;1;0.8
Sphere;Comparison;0;1;1;0;0;1;0;0;0;1;0;0;1;0;1;0;0;0;0;0;0;23;0;1e-08
Sphere;`type()` function;0;1;1;0;0;1;0;0;0;1;0;0;1;0;1;0;0;0;0;0;0;23;1;0.9714285714285715
Sphere;Functions;0;1;1;0;0;1;0;0;0;1;0;0;1;0;1;0;0;0;0;0;0;23;1;0.9854545454545456
Sphere;Contracted `if`;0;1;1;0;0;1;0;0;0;1;0;0;1;0;1;0;0;0;0;1;0;23;0;0.2
Sphere;Automatic Conversion;0;1;1;0;0;1;0;0;0;1;0;0;1;0;1;0;0;0;0;0;0;23;1;0.9578947368421054
Sphere;`+` float operator;0;1;1;0;0;1;0;0;0;1;0;0;1;0;1;0;0;0;0;0;0;23;1;0.9854545454545456
Sphere;`>=` integer operator;0;1;1;0;0;1;0;0;0;1;0;0;1;0;1;0;0;0;0;0;0;23;1;0.9854545454545456
Sphere;`break` keyword;0;1;1;0;0;1;0;0;0;1;0;0;1;0;1;0;0;0;0;0;0;23;0;1e-08
Sphere;CPU functionality;0;1;1;0;0;1;0;0;0;1;0;0;1;0;1;0;0;0;0;0;0;23;1;0.8
Sphere;Self Assignment;0;1;1;0;0;1;0;0;0;1;0;0;1;0;1;0;0;0;0;0;0;23;1;0.9384615384615385
Sphere;`*=` integer operator;0;1;1;0;0;1;0;0;0;1;0;0;1;0;1;0;0;0;0;0;0;23;1;0.8
Sphere;`//` float operator;0;1;1;0;0;1;0;0;0;1;0;0;1;0;1;0;0;0;0;0;0;23;1;0.9200000000000002
Sphere;`' '` constructor;0;1;1;0;0;1;0;0;0;1;0;0;1;0;1;0;0;0;0;0;0;23;1;0.9862068965517241
Sphere;`""" """` constructor;0;1;1;0;0;1;0;0;0;1;0;0;1;0;1;0;0;0;0;0;0;23;1;0.9813953488372094
Sphere;`join()` method;0;1;1;0;0;1;0;0;0;1;0;0;1;0;1;0;0;0;0;0;0;23;1;0.9862068965517241
Sphere;`/` integer operator;0;1;1;0;0;1;0;0;0;1;0;0;1;0;1;0;0;0;0;0;0;23;1;0.9578947368421054
Sphere;Repetition;0;1;1;0;0;1;0;0;0;1;0;0;1;0;1;0;0;0;0;0;0;23;0;1e-08
Sphere;`//=` float operator;0;1;1;0;0;1;0;0;0;1;0;0;1;0;1;0;0;0;0;0;0;23;1;0.9200000000000002
Sphere;Control Flow;0;1;1;0;0;1;0;0;0;1;0;0;1;0;1;0;0;0;0;0;0;23;0;1e-08
Sphere;Loops;0;1;1;0;0;1;0;0;0;1;0;0;1;0;1;0;0;0;0;0;0;23;0;1e-08
Sphere;Integers;0;1;1;0;0;1;0;0;0;1;0;0;1;0;1;0;0;0;0;0;0;23;1;0.9854545454545456
Sphere;`%=` float operator;0;1;1;0;0;1;0;0;0;1;0;0;1;0;1;0;0;0;0;0;0;23;1;0.9200000000000002
Sphere;Concatenation;0;1;1;0;0;1;0;0;0;1;0;0;1;0;1;0;0;0;0;0;0;23;0;1e-08
Sphere;`*` string operator;0;1;1;0;0;1;0;0;0;1;0;0;1;0;1;0;0;0;0;0;0;23;1;0.9862068965517241
Sphere;`-=` float operator;0;1;1;0;0;1;0;0;0;1;0;0;1;0;1;0;0;0;0;0;0;23;1;0.8
Sphere;`//` integer operator;0;1;1;0;0;1;0;0;0;1;0;0;1;0;1;0;0;0;0;0;0;23;1;0.9714285714285715
Sphere;`*` float operator;0;1;1;0;0;1;0;0;0;1;0;0;1;0;1;0;0;0;0;0;0;23;1;0.9854545454545456
Sphere;Atomic Data Types;0;1;1;0;0;1;0;0;0;1;0;0;1;0;1;0;0;0;0;0;0;23;0;1e-08
Sphere;Subtraction;0;1;1;0;0;1;0;0;0;1;0;0;1;0;1;0;0;0;0;0;0;23;0;1e-08
Sphere;Type Casting;0;1;1;0;0;1;0;0;0;1;0;0;1;0;1;0;0;0;0;0;0;23;0;1e-08
Sphere;`not` operator;0;1;1;0;0;1;0;0;0;1;0;0;1;0;1;0;0;0;0;0;0;23;1;0.8
Sphere;String Slicing;0;1;1;0;0;1;0;0;0;1;0;0;1;0;1;0;0;0;0;0;0;23;1;0.9862068965517241
Sphere;`and` operator;0;1;1;0;0;1;0;0;0;1;0;0;1;0;1;0;0;0;0;0;0;23;1;0.8
Sphere;`/=` integer operator;0;1;1;0;0;1;0;0;0;1;0;0;1;0;1;0;0;0;0;0;0;23;1;0.8
Sphere;Multiplication;0;1;1;0;0;1;0;0;0;1;0;0;1;0;1;0;0;0;0;0;0;23;0;1e-08
Sphere;`*` integer operator;0;1;1;0;0;1;0;0;0;1;0;0;1;0;1;0;0;0;0;0;0;23;1;0.9714285714285715
Sphere;`input()` function;0;1;1;0;0;1;0;0;0;1;0;0;1;0;1;0;0;0;0;0;0;23;1;0.9813953488372094
Sphere;`return` keyword;0;1;1;0;0;1;0;0;0;1;0;0;1;0;1;0;0;0;0;0;0;23;1;0.9854545454545456
Sphere;Indexing;0;1;1;0;0;1;0;0;0;1;0;0;1;0;1;0;0;0;0;0;0;23;0;1e-08
Sphere;Ordered Data Structures;0;1;1;0;0;1;0;0;0;1;0;0;1;0;1;0;0;0;0;0;0;23;0;1e-08
Sphere;`+` integer operator;0;1;1;0;0;1;0;0;0;1;0;0;1;0;1;0;0;0;0;0;0;23;1;0.9854545454545456
Sphere;Formatted Strings;0;1;1;0;0;1;0;0;0;1;0;0;1;0;1;0;0;0;0;0;0;23;1;0.9813953488372094
Sphere;Division;0;1;1;0;0;1;0;0;0;1;0;0;1;0;1;0;0;0;0;0;0;23;0;1e-08
Sphere;Equality;0;1;1;0;0;1;0;0;0;1;0;0;1;0;1;0;0;0;0;0;0;23;0;1e-08
Sphere;Strings;0;1;1;0;0;1;0;0;0;1;0;0;1;0;1;0;0;0;0;0;0;23;1;0.9862068965517241
Sphere;`==` integer operator;0;1;1;0;0;1;0;0;0;1;0;0;1;0;1;0;0;0;0;0;0;23;1;0.9854545454545456
Sphere;`-` integer operator;0;1;1;0;0;1;0;0;0;1;0;0;1;0;1;0;0;0;0;0;0;23;1;0.9854545454545456
Sphere;`!=` string operator;0;1;1;0;0;1;0;0;0;1;0;0;1;0;1;0;0;0;0;0;0;23;1;0.9813953488372094
Sphere;String Indexing;0;1;1;0;0;1;0;0;0;1;0;0;1;0;1;0;0;0;0;0;0;23;1;0.9862068965517241
Sphere;Operator Chaining;0;1;1;0;0;1;0;0;0;1;0;0;1;0;1;0;0;0;0;0;0;23;1;0.9854545454545456
Sphere;Comments;0;1;1;0;0;1;0;0;0;1;0;0;1;0;1;0;0;0;0;0;0;23;1;0.8857142857142859
Sphere;`/` float operator;0;1;1;0;0;1;0;0;0;1;0;0;1;0;1;0;0;0;0;0;0;23;1;0.8857142857142859
Sphere;`upper()` method;0;1;1;0;0;1;0;0;0;1;0;0;1;0;1;0;0;0;0;0;0;23;1;0.9862068965517241
Sphere;`try` keyword;0;1;1;0;0;1;0;0;0;1;0;0;1;0;1;0;0;0;0;0;0;23;0;1e-08
Sphere;`>` float operator;0;1;1;0;0;1;0;0;0;1;0;0;1;0;1;0;0;0;0;0;0;23;1;0.9854545454545456
Sphere;`==` string operator;0;1;1;0;0;1;0;0;0;1;0;0;1;0;1;0;0;0;0;0;0;23;1;0.9813953488372094
Sphere;`for` loops;0;1;1;0;0;1;0;0;0;1;0;0;1;0;1;0;0;0;0;0;0;23;0;1e-08
Sphere;`" "` constructor;0;1;1;0;0;1;0;0;0;1;0;0;1;0;1;0;0;0;0;0;0;23;1;0.9862068965517241
Sphere;`int()` function;0;1;1;0;0;1;0;0;0;1;0;0;1;0;1;0;0;0;0;0;0;23;1;0.9578947368421054
Sphere;`replace()` method;0;1;1;0;0;1;0;0;0;1;0;0;1;0;1;0;0;0;0;0;0;23;1;0.9813953488372094
Sphere;Integer Division;0;1;1;0;0;1;0;0;0;1;0;0;1;0;1;0;0;0;0;0;0;23;0;1e-08
Sphere;`%` integer operator;0;1;1;0;0;1;0;0;0;1;0;0;1;0;1;0;0;0;0;0;0;23;1;0.9714285714285715
Sphere;`print()` function;0;1;1;0;0;1;0;0;0;1;0;0;1;0;1;0;0;0;0;0;0;23;1;0.9813953488372094
Sphere;Order of Operations;0;1;1;0;0;1;0;0;0;1;0;0;1;0;1;0;0;0;0;0;0;23;1;0.9854545454545456
Sphere;`len()` string function;0;1;1;0;0;1;0;0;0;1;0;0;1;0;1;0;0;0;0;0;0;23;1;0.9813953488372094
Sphere;`<=` integer operator;0;1;1;0;0;1;0;0;0;1;0;0;1;0;1;0;0;0;0;0;0;23;1;0.8
Sphere;RAM functionality;0;1;1;0;0;1;0;0;0;1;0;0;1;0;1;0;0;0;0;0;0;23;1;0.8
Sphere;`>` string operator;0;1;1;0;0;1;0;0;0;1;0;0;1;0;1;0;0;0;0;0;0;23;1;0.9813953488372094
Sphere;`/=` float operator;0;1;1;0;0;1;0;0;0;1;0;0;1;0;1;0;0;0;0;0;0;23;1;0.8
Sphere;`-` float operator;0;1;1;0;0;1;0;0;0;1;0;0;1;0;1;0;0;0;0;0;0;23;1;0.9854545454545456
Sphere;`float()` function;0;1;1;0;0;1;0;0;0;1;0;0;1;0;1;0;0;0;0;0;0;23;1;0.9384615384615385
Sphere;Slicing;0;1;1;0;0;1;0;0;0;1;0;0;1;0;1;0;0;0;0;0;0;23;0;1e-08
Sphere;`=` operator;0;1;1;0;0;1;0;0;0;1;0;0;1;0;1;0;0;0;0;0;0;23;1;0.9854545454545456
Sphere;Modulus;0;1;1;0;0;1;0;0;0;1;0;0;1;0;1;0;0;0;0;0;0;23;0;1e-08
Sphere;`!=` integer operator;0;1;1;0;0;1;0;0;0;1;0;0;1;0;1;0;0;0;0;0;0;23;1;0.8
Sphere;`>` integer operator;0;1;1;0;0;1;0;0;0;1;0;0;1;0;1;0;0;0;0;0;0;23;1;0.9854545454545456
Sphere;`while` loops;0;1;1;0;0;1;0;0;0;1;0;0;1;0;1;0;0;0;0;0;0;23;1;0.9854545454545456
Sphere;Methods;0;1;1;0;0;1;0;0;0;1;0;0;1;0;1;0;0;0;0;0;0;23;0;1e-08
Sphere;`>=` float operator;0;1;1;0;0;1;0;0;0;1;0;0;1;0;1;0;0;0;0;0;0;23;1;0.8
Sphere;Machine Code;0;1;1;0;0;1;0;0;0;1;0;0;1;0;1;0;0;0;0;0;0;23;1;0.8
Sphere;Variables;0;1;1;0;0;1;0;0;0;1;0;0;1;0;1;0;0;0;0;0;0;23;1;0.9854545454545456
Sphere;Program Definition;0;1;1;0;0;1;0;0;0;1;0;0;1;0;1;0;0;0;0;0;0;23;1;0.8
Sphere;`//=` integer operator;0;1;1;0;0;1;0;0;0;1;0;0;1;0;1;0;0;0;0;0;0;23;1;0.9200000000000002
Sphere;`def` constructor;0;1;1;0;0;1;0;0;0;1;0;0;1;0;1;0;0;0;0;0;0;23;1;0.9854545454545456
Sphere;`capitalize()` method;0;1;1;0;0;1;0;0;0;1;0;0;1;0;1;0;0;0;0;0;0;23;1;0.9862068965517241
==::==::==
Question;81;0
Question;20;0
Question;5;0
Question;18;0
Question;8;0
Question;53;0
Question;84;0
Question;11;0
Question;83;1
Question;9;0
Question;93;0
Question;15;0
Question;82;1
Question;85;1
Question;91;0
Question;19;0
Question;79;1
Question;48;0
Question;17;0
Question;12;0
Question;90;0
Question;14;0
Question;13;0
Question;7;0
Answer;58;0
Answer;305;0
Answer;315;0
Answer;50;0
Answer;21;0
Answer;27;0
Answer;209;0
Answer;217;0
Answer;210;1
Answer;56;0
Answer;218;0
Answer;213;0
Answer;316;0
Answer;304;0
Answer;223;0
Answer;314;0
Answer;130;0
Answer;61;0
Answer;36;0
Answer;220;0
Answer;216;0
Answer;208;0
Answer;211;0
Answer;225;0
Answer;33;0
Answer;49;0
Answer;141;0
Answer;224;0
Answer;206;0
Answer;19;0
Answer;37;0
Answer;303;0
Answer;222;1
Answer;42;0
Answer;47;0
Answer;57;0
Answer;214;1
Answer;29;0
Answer;215;0
Answer;53;0
Answer;219;0
Answer;277;0
Answer;44;0
Answer;32;0
Answer;28;0
Answer;221;0
Answer;43;0
Answer;48;0
Answer;46;0
Answer;201;0
Answer;131;0
Answer;308;0
Answer;307;0
Answer;200;0
Answer;51;0
Answer;35;0
Answer;54;0
Answer;60;0
Answer;64;0
Answer;30;0
Answer;198;1
Answer;20;0
Answer;18;0
Answer;31;0
Answer;63;0
Answer;199;0
Answer;45;0
Answer;313;0
Answer;207;0
Answer;212;0
Answer;62;0
Answer;306;0
Answer;34;0
Answer;55;0
Answer;26;0
Answer;52;0
Answer;276;0
Answer;-1;0
Mis;`<` is `not >`;0;1;1;0;0;1;0;0;0;1;0;0;1;0;0;0;0;0;1;1;0;24;0
Mis;Backwards chaining;0;1;1;0;0;1;0;0;0;1;0;0;1;0;0;0;0;0;1;0;0;24;0
Mis;`print()` needs input;0;1;1;0;0;1;0;0;0;1;0;0;1;0;0;0;0;0;1;0;0;24;0
Mis;Blank last slice non-inclusive;0;1;1;0;0;1;0;0;0;1;0;0;1;0;0;0;0;0;1;0;0;24;0
Mis;Return frame bypass;0;1;1;0;0;1;0;0;0;1;0;0;1;0;0;0;0;0;1;0;0;24;0
Mis;Functions must have input;0;1;1;0;0;1;0;0;0;1;0;0;1;0;0;0;0;0;1;0;0;24;0
Mis;No Boolean literals;0;1;1;0;0;1;0;0;0;1;0;0;1;0;0;0;0;0;1;1;0;24;0
Mis;String equality isn't case sensitive;0;1;1;0;0;1;0;0;0;1;0;0;1;0;0;0;0;0;1;1;0;24;0
Mis;Single letter variables;0;1;1;0;0;1;0;0;0;1;0;0;1;0;0;0;0;0;1;0;0;24;0
Mis;`return` on `def` indentation level;0;1;1;0;0;1;0;0;0;1;0;0;1;0;0;0;0;0;1;1;0;24;0
Mis;Iterable repetition interleaves;0;1;1;0;0;1;0;0;0;1;0;0;1;0;0;0;0;0;1;0;0;24;0
Mis;Sequenced conditionals;0;1;1;0;0;1;0;0;0;1;0;0;1;0;0;0;0;0;1;1;0;24;0
Mis;`input()` includes newline;0;1;1;0;0;1;0;0;0;1;0;0;1;0;0;0;0;0;1;0;0;24;0
Mis;Concat with single element;0;1;1;0;0;1;0;0;0;1;0;0;1;0;0;0;0;0;1;0;0;24;0
Mis;Extending strings adds space;0;1;1;0;0;1;0;0;0;1;0;0;1;0;0;0;0;0;1;1;0;24;0
Mis;Variables cannot be assigned twice;0;1;1;0;0;1;0;0;0;1;0;0;1;0;0;0;0;0;1;1;0;24;0
Mis;No `and` on objects;0;1;1;0;0;1;0;0;0;1;0;0;1;0;0;0;0;0;1;0;0;24;0
Mis;`range()` only has one input;0;1;1;0;0;1;0;0;0;1;0;0;1;0;0;0;0;0;1;0;0;24;0
Mis;Linear Order of Operations;0;1;1;0;0;1;0;0;0;1;0;0;1;0;0;0;0;0;1;1;0;24;0
Mis;`%` percentage operator;0;1;1;0;0;1;0;0;0;1;0;0;1;0;0;0;0;0;1;0;0;24;0
Mis;`self` has no value;0;1;1;0;0;1;0;0;0;1;0;0;1;0;0;0;0;0;1;1;0;24;0
Mis;Characters are strings;0;1;1;0;0;1;0;0;0;1;0;0;1;0;0;0;0;0;1;0;0;24;0
Mis;Keyword functions;0;1;1;0;0;1;0;0;0;1;0;0;1;0;0;0;0;0;1;0;0;24;0
Mis;Floating point equality okay;0;1;1;0;0;1;0;0;0;1;0;0;1;0;0;0;0;0;1;1;0;24;0
Mis;Lazy assignment;0;1;1;0;0;1;0;0;0;1;0;0;1;0;0;0;0;0;1;0;0;24;0
Mis;Index -1 is start of list;0;1;1;0;0;1;0;0;0;1;0;0;1;0;0;0;0;0;1;1;0;24;0
Mis;No variable functions;0;1;1;0;0;1;0;0;0;1;0;0;1;0;0;0;0;0;1;1;0;24;0
Mis;Multi-line strings with `' '`;0;1;1;0;0;1;0;0;0;1;0;0;1;0;0;0;0;0;1;1;0;24;0
Mis;No variable methods;0;1;1;0;0;1;0;0;0;1;0;0;1;0;0;0;0;0;1;0;0;24;0
Mis;Iterable repeition multiplies by constant;0;1;1;0;0;1;0;0;0;1;0;0;1;0;0;0;0;0;1;0;0;24;0
Mis;String methods mutate;0;1;1;0;0;1;0;0;0;1;0;0;1;0;0;0;0;0;1;0;0;24;0
Mis;No short circuit;0;1;1;0;0;1;0;0;0;1;0;0;1;0;0;0;0;0;1;1;0;24;0
Mis;Slice exclusive of first index;0;1;1;0;0;1;0;0;0;1;0;0;1;0;0;0;0;0;1;0;0;24;0
Mis;`print()` non-terminating return;0;1;1;0;0;1;0;0;0;1;0;0;1;0;0;0;0;0;1;0;0;24;0
Mis;No floating point limit;0;1;1;0;0;1;0;0;0;1;0;0;1;0;0;0;0;0;1;1;0;24;0
Mis;`>` is `not <`;0;1;1;0;0;1;0;0;0;1;0;0;1;0;0;0;0;0;1;1;0;24;0
Mis;`try` without `except`;0;1;1;0;0;1;0;0;0;1;0;0;1;0;0;0;0;0;1;1;0;24;0
Mis;Inline Function Definition;0;1;1;0;0;1;0;0;0;1;0;0;1;0;0;0;0;0;1;1;0;24;0
Mis;`print()` no newline;0;1;1;0;0;1;0;0;0;1;0;0;1;0;0;0;0;0;1;0;0;24;0
Mis;`range()` starts at 1;0;1;1;0;0;1;0;0;0;1;0;0;1;0;0;0;0;0;1;1;0;24;0
Mis;Blank slice is empty;0;1;1;0;0;1;0;0;0;1;0;0;1;0;0;0;0;0;1;0;0;24;0
Mis;`-` works on strings;0;1;1;0;0;1;0;0;0;1;0;0;1;0;0;0;0;0;1;1;0;24;0
Mis;No constructor method chain;0;1;1;0;0;1;0;0;0;1;0;0;1;0;0;0;0;0;1;0;0;24;0
Mis;`#` is an operator;0;1;1;0;0;1;0;0;0;1;0;0;1;0;0;0;0;0;1;1;0;24;0
Mis;No escape sequences;0;1;1;0;0;1;0;0;0;1;0;0;1;0;0;0;0;0;1;0;0;24;0
Mis;Methods must have input;0;1;1;0;0;1;0;0;0;1;0;0;1;0;0;0;0;0;1;0;0;24;0
Mis;Assignment duplicates;0;1;1;0;0;1;0;0;0;1;0;0;1;0;0;0;0;0;1;0;0;24;0
Mis;`=` comparison;0;1;1;0;0;1;0;0;0;1;0;0;1;0;0;0;0;0;1;1;0;24;0
Mis;No tuple return;0;1;1;0;0;1;0;0;0;1;0;0;1;0;0;0;0;0;1;0;0;24;0
Mis;`for` is `while`;0;1;1;0;0;1;0;0;0;1;0;0;1;0;0;0;0;0;1;0;0;24;0
Mis;Curly brackets stay;0;1;1;0;0;1;0;0;0;1;0;0;1;0;0;0;0;0;1;0;0;24;0
Mis;`/` is modulus;0;1;1;0;0;1;0;0;0;1;0;0;1;0;0;0;0;0;1;1;0;24;0
Mis;No implicit void functions;0;1;1;0;0;1;0;0;0;1;0;0;1;0;0;0;0;0;1;0;0;24;0
Mis;Operators cannot be chained;0;1;1;0;0;1;0;0;0;1;0;0;1;0;0;0;0;0;1;1;0;24;0
Mis;Functions must return;0;1;1;0;0;1;0;0;0;1;0;0;1;0;0;0;0;0;1;0;0;24;0
Mis;No `not` on objects;0;1;1;0;0;1;0;0;0;1;0;0;1;0;0;0;0;0;1;0;0;24;0
Mis;Ternary Boolean return;0;1;1;0;0;1;0;0;0;1;0;0;1;0;0;0;0;0;1;0;0;24;0
Mis;`if` loop;0;1;1;0;0;1;0;0;0;1;0;0;1;0;0;0;0;0;1;1;0;24;0
Mis;`range()` includes the final value;0;1;1;0;0;1;0;0;0;1;0;0;1;0;0;0;0;0;1;0;0;24;0
Mis;Methods can have no arguments;0;1;1;0;0;1;0;0;0;1;0;0;1;0;0;0;0;0;1;0;0;24;0
Mis;No string constructor method chain;0;1;1;0;0;1;0;0;0;1;0;0;1;0;0;0;0;0;1;0;0;24;0
Mis;`return` continues;0;1;1;0;0;1;0;0;0;1;0;0;1;0;0;0;0;0;1;0;0;24;0
Mis;String equality not `==`;0;1;1;0;0;1;0;0;0;1;0;0;1;0;0;0;0;0;1;0;0;24;0
Mis;String repetition adds space;0;1;1;0;0;1;0;0;0;1;0;0;1;0;0;0;0;0;1;0;0;24;0
Mis;Automatic Integer Conversion;0;1;1;0;0;1;0;0;0;1;0;0;1;0;0;0;0;0;1;1;0;24;0
Mis;Slices include last value;0;1;1;0;0;1;0;0;0;1;0;0;1;0;0;0;0;0;1;0;0;24;0
Mis;Integers limit;0;1;1;0;0;1;0;0;0;1;0;0;1;0;0;0;0;0;1;1;0;24;0
Mis;Confused string assignment;0;1;1;0;0;1;0;0;0;1;0;0;1;0;0;0;0;0;1;0;0;24;0
Mis;Lowercase Booleans;0;1;1;0;0;1;0;0;0;1;0;0;1;0;0;0;0;0;1;0;0;24;0
Mis;`pass` is `continue`;0;1;1;0;0;1;0;0;0;1;0;0;1;0;0;0;0;0;1;1;0;24;0
Mis;`print()` returns;0;1;1;0;0;1;0;0;0;1;0;0;1;0;0;0;0;0;1;1;0;24;0
Mis;`print()` only accepts one input;0;1;1;0;0;1;0;0;0;1;0;0;1;0;0;0;0;0;1;0;0;24;0
Mis;Secondary memory data loss;0;1;1;0;0;1;0;0;0;1;0;0;1;0;0;0;0;0;1;1;0;24;0
Mis;Transitive Assignment;0;1;1;0;0;1;0;0;0;1;0;0;1;0;0;0;0;0;1;1;0;24;0
Mis;No literal return;0;1;1;0;0;1;0;0;0;1;0;0;1;0;0;0;0;0;1;0;0;24;0
Mis;`input()` return value;0;1;1;0;0;1;0;0;0;1;0;0;1;0;0;0;0;0;1;1;0;24;0
Mis;Floating point `range()`;0;1;1;0;0;1;0;0;0;1;0;0;1;0;0;0;0;0;1;0;0;24;0
Mis;No `or` on objects;0;1;1;0;0;1;0;0;0;1;0;0;1;0;0;0;0;0;1;0;0;24;0
Mis;`print()` always has a newline;0;1;1;0;0;1;0;0;0;1;0;0;1;0;0;0;0;0;1;0;0;24;0
Mis;`print()` only string;0;1;1;0;0;1;0;0;0;1;0;0;1;0;0;0;0;0;1;0;0;24;0
Mis;`/` is integer division;0;1;1;0;0;1;0;0;0;1;0;0;1;0;0;0;0;0;1;1;0;24;0
Mis;`input()` requires function input;0;1;1;0;0;1;0;0;0;1;0;0;1;0;0;0;0;0;1;0;0;24;0
Mis;No method chain;0;1;1;0;0;1;0;0;0;1;0;0;1;0;0;0;0;0;1;0;0;24;0
Mis;`int()` rounds up floats;0;1;1;0;0;1;0;0;0;1;0;0;1;0;0;0;0;0;1;1;0;24;0
Mis;Multi-line strings with `" "`;0;1;1;0;0;1;0;0;0;1;0;0;1;0;0;0;0;0;1;1;0;24;0
Mis;List concat vector addition;0;1;1;0;0;1;0;0;0;1;0;0;1;0;0;0;0;0;1;1;0;24;0
Mis;`/` works on strings;0;1;1;0;0;1;0;0;0;1;0;0;1;0;0;0;0;0;1;1;0;24;0
Mis;Strings are mutable;0;1;1;0;0;1;0;0;0;1;0;0;1;0;0;0;0;0;1;0;0;24;0
Mis;No loop termination;0;1;1;0;0;1;0;0;0;1;0;0;1;0;0;0;0;0;1;1;0;24;0
Mis;Conditional Boolean return;0;1;1;0;0;1;0;0;0;1;0;0;1;0;0;0;0;0;1;0;0;24;0
Mis;Slices require indices;0;1;1;0;0;1;0;0;0;1;0;0;1;0;0;0;0;0;1;1;0;24;0
Mis;Parenthesized return;0;1;1;0;0;1;0;0;0;1;0;0;1;0;0;0;0;0;1;0;0;24;0
Mis;`%` is division;0;1;1;0;0;1;0;0;0;1;0;0;1;0;0;0;0;0;1;0;0;24;0
Mis;Iterable repetition repeated constant multiplication;0;1;1;0;0;1;0;0;0;1;0;0;1;0;0;0;0;0;1;1;0;24;0
Mis;`//` divides;0;1;1;0;0;1;0;0;0;1;0;0;1;0;0;0;0;0;1;0;0;24;0
Mis;Cannot mix index sign in slice;0;1;1;0;0;1;0;0;0;1;0;0;1;0;0;0;0;0;1;0;0;24;0
Mis;`//` is modulus;0;1;1;0;0;1;0;0;0;1;0;0;1;0;0;0;0;0;1;0;0;24;0
Mis;Slice removes;0;1;1;0;0;1;0;0;0;1;0;0;1;0;0;0;0;0;1;0;0;24;0
Mis;No nesting loops;0;1;1;0;0;1;0;0;0;1;0;0;1;0;0;0;0;0;1;0;0;24;0
Mis;Literals don't have a data type;0;1;1;0;0;1;0;0;0;1;0;0;1;0;0;0;0;0;1;1;0;24;0
Mis;`%` is integer division;0;1;1;0;0;1;0;0;0;1;0;0;1;0;0;0;0;0;1;1;0;24;0
Mis;No formatted string;0;1;1;0;0;1;0;0;0;1;0;0;1;0;0;0;0;0;1;1;0;24;0
Mis;`for` stops before last element;0;1;1;0;0;1;0;0;0;1;0;0;1;0;0;0;0;0;1;1;0;24;0
Mis;`int()` rounds floats;0;1;1;0;0;1;0;0;0;1;0;0;1;0;0;0;0;0;1;0;0;24;0
Mis;Implied repetition over logical operator;0;1;1;0;0;1;0;0;0;1;0;0;1;0;0;0;0;0;1;0;0;24;0
Mis;`for` only with `range()`;0;1;1;0;0;1;0;0;0;1;0;0;1;0;0;0;0;0;1;0;0;24;0
Mis;`while` tests after loop;0;1;1;0;0;1;0;0;0;1;0;0;1;0;0;0;0;0;1;1;0;24;0
Mis;Multi-value return;0;1;1;0;0;1;0;0;0;1;0;0;1;0;0;0;0;0;1;0;0;24;0
Mis;Strings are not objects;0;1;1;0;0;1;0;0;0;1;0;0;1;0;0;0;0;0;1;1;0;24;0
Sphere;`' '` constructor;0;1;1;0;0;1;0;0;0;1;0;0;1;0;0;0;0;0;1;1;1;24;1;0.9880597014925374
Sphere;`=` operator;0;1;1;0;0;1;0;0;0;1;0;0;1;0;0;0;0;0;1;1;1;24;1;0.9880597014925374
Sphere;`" "` constructor;0;1;1;0;0;1;0;0;0;1;0;0;1;0;0;0;0;0;1;1;1;24;1;0.9880597014925374
Sphere;`str()` function;0;1;1;0;0;1;0;0;0;1;0;0;1;0;0;0;0;0;1;0;0;24;1;0.9200000000000002
Sphere;Floats;0;1;1;0;0;1;0;0;0;1;0;0;1;0;0;0;0;0;1;0;0;24;1;0.9854545454545456
Sphere;`+=` float operator;0;1;1;0;0;1;0;0;0;1;0;0;1;0;0;0;0;0;1;0;0;24;1;0.8
Sphere;Built-in Functions;0;1;1;0;0;1;0;0;0;1;0;0;1;0;0;0;0;0;1;0;0;24;0;1e-08
Sphere;`+=` integer operator;0;1;1;0;0;1;0;0;0;1;0;0;1;0;0;0;0;0;1;0;0;24;1;0.9880597014925374
Sphere;Secondary Memory;0;1;1;0;0;1;0;0;0;1;0;0;1;0;0;0;0;0;1;0;0;24;1;0.8
Sphere;`*=` float operator;0;1;1;0;0;1;0;0;0;1;0;0;1;0;0;0;0;0;1;0;0;24;1;0.8
Sphere;Conditionals;0;1;1;0;0;1;0;0;0;1;0;0;1;0;0;0;0;0;1;0;0;24;0;0.2
Sphere;Addition;0;1;1;0;0;1;0;0;0;1;0;0;1;0;0;0;0;0;1;0;0;24;0;1e-08
Sphere;Compilers;0;1;1;0;0;1;0;0;0;1;0;0;1;0;0;0;0;0;1;0;0;24;1;0.8
Sphere;`range()` function;0;1;1;0;0;1;0;0;0;1;0;0;1;0;0;0;0;0;1;0;0;24;0;1e-08
Sphere;`%=` integer operator;0;1;1;0;0;1;0;0;0;1;0;0;1;0;0;0;0;0;1;0;0;24;1;0.9200000000000002
Sphere;Interpreters;0;1;1;0;0;1;0;0;0;1;0;0;1;0;0;0;0;0;1;0;0;24;1;0.8
Sphere;Booleans;0;1;1;0;0;1;0;0;0;1;0;0;1;0;0;0;0;0;1;0;0;24;1;0.9875
Sphere;`%` float operator;0;1;1;0;0;1;0;0;0;1;0;0;1;0;0;0;0;0;1;0;0;24;1;0.9200000000000002
Sphere;`elif` keyword;0;1;1;0;0;1;0;0;0;1;0;0;1;0;0;0;0;0;1;0;0;24;0;0.2
Sphere;`<=` float operator;0;1;1;0;0;1;0;0;0;1;0;0;1;0;0;0;0;0;1;0;0;24;0;0.8
Sphere;`<` float operator;0;1;1;0;0;1;0;0;0;1;0;0;1;0;0;0;0;0;1;0;0;24;1;0.8
Sphere;Assignment;0;1;1;0;0;1;0;0;0;1;0;0;1;0;0;0;0;0;1;0;0;24;1;0.9880597014925374
Sphere;`continue` keyword;0;1;1;0;0;1;0;0;0;1;0;0;1;0;0;0;0;0;1;0;0;24;0;1e-08
Sphere;`+` string operator;0;1;1;0;0;1;0;0;0;1;0;0;1;0;0;0;0;0;1;0;0;24;1;0.9880597014925374
Sphere;`lower()` method;0;1;1;0;0;1;0;0;0;1;0;0;1;0;0;0;0;0;1;0;0;24;1;0.9862068965517241
Sphere;`else` keyword;0;1;1;0;0;1;0;0;0;1;0;0;1;0;0;0;0;0;1;0;0;24;1;0.9875
Sphere;`-=` integer operator;0;1;1;0;0;1;0;0;0;1;0;0;1;0;0;0;0;0;1;0;0;24;1;0.8
Sphere;`or` operator;0;1;1;0;0;1;0;0;0;1;0;0;1;0;0;0;0;0;1;0;0;24;1;0.8
Sphere;`!=` float operator;0;1;1;0;0;1;0;0;0;1;0;0;1;0;0;0;0;0;1;0;0;24;0;0.8
Sphere;`<` string operator;0;1;1;0;0;1;0;0;0;1;0;0;1;0;0;0;0;0;1;0;0;24;1;0.9813953488372094
Sphere;`<` integer operator;0;1;1;0;0;1;0;0;0;1;0;0;1;0;0;0;0;0;1;0;0;24;1;0.8
Sphere;Floating point equality;0;1;1;0;0;1;0;0;0;1;0;0;1;0;0;0;0;0;1;0;0;24;1;0.8
Sphere;Comparison;0;1;1;0;0;1;0;0;0;1;0;0;1;0;0;0;0;0;1;0;0;24;0;1e-08
Sphere;`type()` function;0;1;1;0;0;1;0;0;0;1;0;0;1;0;0;0;0;0;1;0;0;24;1;0.9714285714285715
Sphere;Functions;0;1;1;0;0;1;0;0;0;1;0;0;1;0;0;0;0;0;1;0;0;24;1;0.9854545454545456
Sphere;Contracted `if`;0;1;1;0;0;1;0;0;0;1;0;0;1;0;0;0;0;0;1;0;0;24;0;0.2
Sphere;Automatic Conversion;0;1;1;0;0;1;0;0;0;1;0;0;1;0;0;0;0;0;1;0;0;24;1;0.9578947368421054
Sphere;`+` float operator;0;1;1;0;0;1;0;0;0;1;0;0;1;0;0;0;0;0;1;0;0;24;1;0.9854545454545456
Sphere;`>=` integer operator;0;1;1;0;0;1;0;0;0;1;0;0;1;0;0;0;0;0;1;0;0;24;1;0.9854545454545456
Sphere;`break` keyword;0;1;1;0;0;1;0;0;0;1;0;0;1;0;0;0;0;0;1;0;0;24;0;1e-08
Sphere;CPU functionality;0;1;1;0;0;1;0;0;0;1;0;0;1;0;0;0;0;0;1;0;0;24;1;0.8
Sphere;Self Assignment;0;1;1;0;0;1;0;0;0;1;0;0;1;0;0;0;0;0;1;0;0;24;1;0.9384615384615385
Sphere;`*=` integer operator;0;1;1;0;0;1;0;0;0;1;0;0;1;0;0;0;0;0;1;0;0;24;1;0.8
Sphere;`//` float operator;0;1;1;0;0;1;0;0;0;1;0;0;1;0;0;0;0;0;1;0;0;24;1;0.9200000000000002
Sphere;`""" """` constructor;0;1;1;0;0;1;0;0;0;1;0;0;1;0;0;0;0;0;1;0;0;24;1;0.9813953488372094
Sphere;`join()` method;0;1;1;0;0;1;0;0;0;1;0;0;1;0;0;0;0;0;1;0;0;24;1;0.9862068965517241
Sphere;`/` integer operator;0;1;1;0;0;1;0;0;0;1;0;0;1;0;0;0;0;0;1;0;0;24;1;0.9880597014925374
Sphere;Repetition;0;1;1;0;0;1;0;0;0;1;0;0;1;0;0;0;0;0;1;0;0;24;0;1e-08
Sphere;`//=` float operator;0;1;1;0;0;1;0;0;0;1;0;0;1;0;0;0;0;0;1;0;0;24;1;0.9200000000000002
Sphere;Control Flow;0;1;1;0;0;1;0;0;0;1;0;0;1;0;0;0;0;0;1;0;0;24;0;1e-08
Sphere;Loops;0;1;1;0;0;1;0;0;0;1;0;0;1;0;0;0;0;0;1;0;0;24;0;1e-08
Sphere;Integers;0;1;1;0;0;1;0;0;0;1;0;0;1;0;0;0;0;0;1;0;0;24;1;0.9854545454545456
Sphere;`%=` float operator;0;1;1;0;0;1;0;0;0;1;0;0;1;0;0;0;0;0;1;0;0;24;1;0.9200000000000002
Sphere;Concatenation;0;1;1;0;0;1;0;0;0;1;0;0;1;0;0;0;0;0;1;0;0;24;0;1e-08
Sphere;`*` string operator;0;1;1;0;0;1;0;0;0;1;0;0;1;0;0;0;0;0;1;0;0;24;1;0.9880597014925374
Sphere;`-=` float operator;0;1;1;0;0;1;0;0;0;1;0;0;1;0;0;0;0;0;1;0;0;24;1;0.8
Sphere;`//` integer operator;0;1;1;0;0;1;0;0;0;1;0;0;1;0;0;0;0;0;1;0;0;24;1;0.9714285714285715
Sphere;`*` float operator;0;1;1;0;0;1;0;0;0;1;0;0;1;0;0;0;0;0;1;0;0;24;1;0.9854545454545456
Sphere;Atomic Data Types;0;1;1;0;0;1;0;0;0;1;0;0;1;0;0;0;0;0;1;0;0;24;0;1e-08
Sphere;Subtraction;0;1;1;0;0;1;0;0;0;1;0;0;1;0;0;0;0;0;1;0;0;24;0;1e-08
Sphere;Type Casting;0;1;1;0;0;1;0;0;0;1;0;0;1;0;0;0;0;0;1;0;0;24;0;1e-08
Sphere;`not` operator;0;1;1;0;0;1;0;0;0;1;0;0;1;0;0;0;0;0;1;0;0;24;1;0.8
Sphere;String Slicing;0;1;1;0;0;1;0;0;0;1;0;0;1;0;0;0;0;0;1;0;0;24;1;0.9862068965517241
Sphere;`and` operator;0;1;1;0;0;1;0;0;0;1;0;0;1;0;0;0;0;0;1;0;0;24;1;0.8
Sphere;`/=` integer operator;0;1;1;0;0;1;0;0;0;1;0;0;1;0;0;0;0;0;1;0;0;24;1;0.8
Sphere;Multiplication;0;1;1;0;0;1;0;0;0;1;0;0;1;0;0;0;0;0;1;0;0;24;0;1e-08
Sphere;`*` integer operator;0;1;1;0;0;1;0;0;0;1;0;0;1;0;0;0;0;0;1;0;0;24;1;0.9880597014925374
Sphere;`input()` function;0;1;1;0;0;1;0;0;0;1;0;0;1;0;0;0;0;0;1;0;0;24;1;0.9813953488372094
Sphere;`return` keyword;0;1;1;0;0;1;0;0;0;1;0;0;1;0;0;0;0;0;1;0;0;24;1;0.9854545454545456
Sphere;Indexing;0;1;1;0;0;1;0;0;0;1;0;0;1;0;0;0;0;0;1;0;0;24;0;1e-08
Sphere;Ordered Data Structures;0;1;1;0;0;1;0;0;0;1;0;0;1;0;0;0;0;0;1;0;0;24;0;1e-08
Sphere;`+` integer operator;0;1;1;0;0;1;0;0;0;1;0;0;1;0;0;0;0;0;1;0;0;24;1;0.9880597014925374
Sphere;Formatted Strings;0;1;1;0;0;1;0;0;0;1;0;0;1;0;0;0;0;0;1;0;0;24;1;0.9880597014925374
Sphere;Division;0;1;1;0;0;1;0;0;0;1;0;0;1;0;0;0;0;0;1;0;0;24;0;1e-08
Sphere;`if` keyword;0;1;1;0;0;1;0;0;0;1;0;0;1;0;0;0;0;0;1;0;0;24;1;0.9875
Sphere;Equality;0;1;1;0;0;1;0;0;0;1;0;0;1;0;0;0;0;0;1;0;0;24;0;1e-08
Sphere;Strings;0;1;1;0;0;1;0;0;0;1;0;0;1;0;0;0;0;0;1;0;0;24;1;0.9880597014925374
Sphere;`==` integer operator;0;1;1;0;0;1;0;0;0;1;0;0;1;0;0;0;0;0;1;0;0;24;1;0.9854545454545456
Sphere;`-` integer operator;0;1;1;0;0;1;0;0;0;1;0;0;1;0;0;0;0;0;1;0;0;24;1;0.9880597014925374
Sphere;`!=` string operator;0;1;1;0;0;1;0;0;0;1;0;0;1;0;0;0;0;0;1;0;0;24;1;0.9813953488372094
Sphere;String Indexing;0;1;1;0;0;1;0;0;0;1;0;0;1;0;0;0;0;0;1;0;0;24;1;0.9862068965517241
Sphere;Operator Chaining;0;1;1;0;0;1;0;0;0;1;0;0;1;0;0;0;0;0;1;0;0;24;1;0.9854545454545456
Sphere;Comments;0;1;1;0;0;1;0;0;0;1;0;0;1;0;0;0;0;0;1;0;0;24;1;0.8857142857142859
Sphere;`/` float operator;0;1;1;0;0;1;0;0;0;1;0;0;1;0;0;0;0;0;1;0;0;24;1;0.8857142857142859
Sphere;`upper()` method;0;1;1;0;0;1;0;0;0;1;0;0;1;0;0;0;0;0;1;0;0;24;1;0.9862068965517241
Sphere;`try` keyword;0;1;1;0;0;1;0;0;0;1;0;0;1;0;0;0;0;0;1;0;0;24;0;1e-08
Sphere;`>` float operator;0;1;1;0;0;1;0;0;0;1;0;0;1;0;0;0;0;0;1;0;0;24;1;0.9854545454545456
Sphere;`==` string operator;0;1;1;0;0;1;0;0;0;1;0;0;1;0;0;0;0;0;1;0;0;24;1;0.9813953488372094
Sphere;`for` loops;0;1;1;0;0;1;0;0;0;1;0;0;1;0;0;0;0;0;1;0;0;24;0;1e-08
Sphere;`int()` function;0;1;1;0;0;1;0;0;0;1;0;0;1;0;0;0;0;0;1;0;0;24;1;0.9578947368421054
Sphere;`replace()` method;0;1;1;0;0;1;0;0;0;1;0;0;1;0;0;0;0;0;1;0;0;24;1;0.9813953488372094
Sphere;Integer Division;0;1;1;0;0;1;0;0;0;1;0;0;1;0;0;0;0;0;1;0;0;24;0;1e-08
Sphere;`%` integer operator;0;1;1;0;0;1;0;0;0;1;0;0;1;0;0;0;0;0;1;0;0;24;1;0.9714285714285715
Sphere;`print()` function;0;1;1;0;0;1;0;0;0;1;0;0;1;0;0;0;0;0;1;0;0;24;1;0.9813953488372094
Sphere;Order of Operations;0;1;1;0;0;1;0;0;0;1;0;0;1;0;0;0;0;0;1;0;0;24;1;0.9854545454545456
Sphere;`len()` string function;0;1;1;0;0;1;0;0;0;1;0;0;1;0;0;0;0;0;1;0;0;24;1;0.9813953488372094
Sphere;`<=` integer operator;0;1;1;0;0;1;0;0;0;1;0;0;1;0;0;0;0;0;1;0;0;24;1;0.8
Sphere;RAM functionality;0;1;1;0;0;1;0;0;0;1;0;0;1;0;0;0;0;0;1;0;0;24;1;0.8
Sphere;`>` string operator;0;1;1;0;0;1;0;0;0;1;0;0;1;0;0;0;0;0;1;0;0;24;1;0.9813953488372094
Sphere;`/=` float operator;0;1;1;0;0;1;0;0;0;1;0;0;1;0;0;0;0;0;1;0;0;24;1;0.8
Sphere;`-` float operator;0;1;1;0;0;1;0;0;0;1;0;0;1;0;0;0;0;0;1;0;0;24;1;0.9854545454545456
Sphere;`float()` function;0;1;1;0;0;1;0;0;0;1;0;0;1;0;0;0;0;0;1;0;0;24;1;0.9384615384615385
Sphere;Slicing;0;1;1;0;0;1;0;0;0;1;0;0;1;0;0;0;0;0;1;0;0;24;0;1e-08
Sphere;Modulus;0;1;1;0;0;1;0;0;0;1;0;0;1;0;0;0;0;0;1;0;0;24;0;1e-08
Sphere;`!=` integer operator;0;1;1;0;0;1;0;0;0;1;0;0;1;0;0;0;0;0;1;0;0;24;1;0.8
Sphere;`>` integer operator;0;1;1;0;0;1;0;0;0;1;0;0;1;0;0;0;0;0;1;0;0;24;1;0.9854545454545456
Sphere;`while` loops;0;1;1;0;0;1;0;0;0;1;0;0;1;0;0;0;0;0;1;0;0;24;1;0.9854545454545456
Sphere;Methods;0;1;1;0;0;1;0;0;0;1;0;0;1;0;0;0;0;0;1;0;0;24;0;1e-08
Sphere;`>=` float operator;0;1;1;0;0;1;0;0;0;1;0;0;1;0;0;0;0;0;1;0;0;24;1;0.8
Sphere;Machine Code;0;1;1;0;0;1;0;0;0;1;0;0;1;0;0;0;0;0;1;0;0;24;1;0.8
Sphere;Variables;0;1;1;0;0;1;0;0;0;1;0;0;1;0;0;0;0;0;1;0;0;24;1;0.9880597014925374
Sphere;Program Definition;0;1;1;0;0;1;0;0;0;1;0;0;1;0;0;0;0;0;1;0;0;24;1;0.8
Sphere;`//=` integer operator;0;1;1;0;0;1;0;0;0;1;0;0;1;0;0;0;0;0;1;0;0;24;1;0.9200000000000002
Sphere;`def` constructor;0;1;1;0;0;1;0;0;0;1;0;0;1;0;0;0;0;0;1;0;0;24;1;0.9854545454545456
Sphere;`capitalize()` method;0;1;1;0;0;1;0;0;0;1;0;0;1;0;0;0;0;0;1;0;0;24;1;0.9862068965517241
==::==::==
Question;81;0
Question;20;0
Question;5;0
Question;18;0
Question;8;0
Question;53;0
Question;84;0
Question;11;0
Question;83;0
Question;9;0
Question;93;0
Question;15;0
Question;82;0
Question;85;0
Question;91;0
Question;19;0
Question;79;0
Question;48;0
Question;17;0
Question;12;0
Question;90;0
Question;14;0
Question;13;0
Question;7;0
Answer;58;0
Answer;305;0
Answer;315;0
Answer;50;0
Answer;21;0
Answer;27;0
Answer;209;0
Answer;217;0
Answer;210;0
Answer;56;0
Answer;218;0
Answer;213;0
Answer;316;0
Answer;304;0
Answer;223;0
Answer;314;0
Answer;130;0
Answer;61;0
Answer;36;0
Answer;220;0
Answer;216;0
Answer;208;0
Answer;211;0
Answer;225;0
Answer;33;0
Answer;49;0
Answer;141;0
Answer;224;0
Answer;206;0
Answer;19;0
Answer;37;0
Answer;303;0
Answer;222;0
Answer;42;0
Answer;47;0
Answer;57;0
Answer;214;0
Answer;29;0
Answer;215;0
Answer;53;0
Answer;219;0
Answer;277;0
Answer;44;0
Answer;32;0
Answer;28;0
Answer;221;0
Answer;43;0
Answer;48;0
Answer;46;0
Answer;201;0
Answer;131;0
Answer;308;0
Answer;307;0
Answer;200;0
Answer;51;0
Answer;35;0
Answer;54;0
Answer;60;0
Answer;64;0
Answer;30;0
Answer;198;0
Answer;20;0
Answer;18;0
Answer;31;0
Answer;63;0
Answer;199;0
Answer;45;0
Answer;313;0
Answer;207;0
Answer;212;0
Answer;62;0
Answer;306;0
Answer;34;0
Answer;55;0
Answer;26;0
Answer;52;0
Answer;276;0
Answer;-1;0
Mis;`<` is `not >`;0;1;1;0;0;1;0;0;0;1;0;0;1;0;0;0;0;0;0;1;0;25;0
Mis;Backwards chaining;0;1;1;0;0;1;0;0;0;1;0;0;1;0;0;0;0;0;0;0;0;25;0
Mis;`print()` needs input;0;1;1;0;0;1;0;0;0;1;0;0;1;0;0;0;0;0;0;0;0;25;0
Mis;Blank last slice non-inclusive;0;1;1;0;0;1;0;0;0;1;0;0;1;0;0;0;0;0;0;0;0;25;0
Mis;Return frame bypass;0;1;1;0;0;1;0;0;0;1;0;0;1;0;0;0;0;0;0;0;0;25;0
Mis;Functions must have input;0;1;1;0;0;1;0;0;0;1;0;0;1;0;0;0;0;0;0;0;0;25;0
Mis;No Boolean literals;0;1;1;0;0;1;0;0;0;1;0;0;1;0;0;0;0;0;0;1;0;25;0
Mis;String equality isn't case sensitive;0;1;1;0;0;1;0;0;0;1;0;0;1;0;0;0;0;0;0;1;0;25;0
Mis;Single letter variables;0;1;1;0;0;1;0;0;0;1;0;0;1;0;0;0;0;0;0;0;0;25;0
Mis;`return` on `def` indentation level;0;1;1;0;0;1;0;0;0;1;0;0;1;0;0;0;0;0;0;1;0;25;0
Mis;Iterable repetition interleaves;0;1;1;0;0;1;0;0;0;1;0;0;1;0;0;0;0;0;0;0;0;25;0
Mis;Sequenced conditionals;0;1;1;0;0;1;0;0;0;1;0;0;1;0;0;0;0;0;0;1;0;25;0
Mis;`input()` includes newline;0;1;1;0;0;1;0;0;0;1;0;0;1;0;0;0;0;0;0;0;0;25;0
Mis;Concat with single element;0;1;1;0;0;1;0;0;0;1;0;0;1;0;0;0;0;0;0;0;0;25;0
Mis;Extending strings adds space;0;1;1;0;0;1;0;0;0;1;0;0;1;0;0;0;0;0;0;1;0;25;0
Mis;Variables cannot be assigned twice;0;1;1;0;0;1;0;0;0;1;0;0;1;0;0;0;0;0;0;1;0;25;0
Mis;No `and` on objects;0;1;1;0;0;1;0;0;0;1;0;0;1;0;0;0;0;0;0;0;0;25;0
Mis;`range()` only has one input;0;1;1;0;0;1;0;0;0;1;0;0;1;0;0;0;0;0;0;0;0;25;0
Mis;Linear Order of Operations;0;1;1;0;0;1;0;0;0;1;0;0;1;0;0;0;0;0;0;1;0;25;0
Mis;`%` percentage operator;0;1;1;0;0;1;0;0;0;1;0;0;1;0;0;0;0;0;0;0;0;25;0
Mis;`self` has no value;0;1;1;0;0;1;0;0;0;1;0;0;1;0;0;0;0;0;0;1;0;25;0
Mis;Characters are strings;0;1;1;0;0;1;0;0;0;1;0;0;1;0;0;0;0;0;0;0;0;25;0
Mis;Keyword functions;0;1;1;0;0;1;0;0;0;1;0;0;1;0;0;0;0;0;0;0;0;25;0
Mis;Floating point equality okay;0;1;1;0;0;1;0;0;0;1;0;0;1;0;0;0;0;0;0;1;0;25;0
Mis;Lazy assignment;0;1;1;0;0;1;0;0;0;1;0;0;1;0;0;0;0;0;0;0;0;25;0
Mis;Index -1 is start of list;0;1;1;0;0;1;0;0;0;1;0;0;1;0;0;0;0;0;0;1;0;25;0
Mis;No variable functions;0;1;1;0;0;1;0;0;0;1;0;0;1;0;0;0;0;0;0;1;0;25;0
Mis;Multi-line strings with `' '`;0;1;1;0;0;1;0;0;0;1;0;0;1;0;0;0;0;0;0;1;0;25;0
Mis;No variable methods;0;1;1;0;0;1;0;0;0;1;0;0;1;0;0;0;0;0;0;0;0;25;0
Mis;Iterable repeition multiplies by constant;0;1;1;0;0;1;0;0;0;1;0;0;1;0;0;0;0;0;0;0;0;25;0
Mis;String methods mutate;0;1;1;0;0;1;0;0;0;1;0;0;1;0;0;0;0;0;0;0;0;25;0
Mis;No short circuit;0;1;1;0;0;1;0;0;0;1;0;0;1;0;0;0;0;0;0;1;0;25;0
Mis;Slice exclusive of first index;0;1;1;0;0;1;0;0;0;1;0;0;1;0;0;0;0;0;0;0;0;25;0
Mis;`print()` non-terminating return;0;1;1;0;0;1;0;0;0;1;0;0;1;0;0;0;0;0;0;0;0;25;0
Mis;No floating point limit;0;1;1;0;0;1;0;0;0;1;0;0;1;0;0;0;0;0;0;1;0;25;0
Mis;`>` is `not <`;0;1;1;0;0;1;0;0;0;1;0;0;1;0;0;0;0;0;0;1;0;25;0
Mis;`try` without `except`;0;1;1;0;0;1;0;0;0;1;0;0;1;0;0;0;0;0;0;1;0;25;0
Mis;Inline Function Definition;0;1;1;0;0;1;0;0;0;1;0;0;1;0;0;0;0;0;0;1;0;25;0
Mis;`print()` no newline;0;1;1;0;0;1;0;0;0;1;0;0;1;0;0;0;0;0;0;0;0;25;0
Mis;`range()` starts at 1;0;1;1;0;0;1;0;0;0;1;0;0;1;0;0;0;0;0;0;1;0;25;0
Mis;Blank slice is empty;0;1;1;0;0;1;0;0;0;1;0;0;1;0;0;0;0;0;0;0;0;25;0
Mis;`-` works on strings;0;1;1;0;0;1;0;0;0;1;0;0;1;0;0;0;0;0;0;1;0;25;0
Mis;No constructor method chain;0;1;1;0;0;1;0;0;0;1;0;0;1;0;0;0;0;0;0;0;0;25;0
Mis;`#` is an operator;0;1;1;0;0;1;0;0;0;1;0;0;1;0;0;0;0;0;0;1;0;25;0
Mis;No escape sequences;0;1;1;0;0;1;0;0;0;1;0;0;1;0;0;0;0;0;0;0;0;25;0
Mis;Methods must have input;0;1;1;0;0;1;0;0;0;1;0;0;1;0;0;0;0;0;0;0;0;25;0
Mis;Assignment duplicates;0;1;1;0;0;1;0;0;0;1;0;0;1;0;0;0;0;0;0;0;0;25;0
Mis;`=` comparison;0;1;1;0;0;1;0;0;0;1;0;0;1;0;0;0;0;0;0;1;0;25;0
Mis;No tuple return;0;1;1;0;0;1;0;0;0;1;0;0;1;0;0;0;0;0;0;0;0;25;0
Mis;`for` is `while`;0;1;1;0;0;1;0;0;0;1;0;0;1;0;0;0;0;0;0;0;0;25;0
Mis;Curly brackets stay;0;1;1;0;0;1;0;0;0;1;0;0;1;0;0;0;0;0;0;0;0;25;0
Mis;`/` is modulus;0;1;1;0;0;1;0;0;0;1;0;0;1;0;0;0;0;0;0;1;0;25;0
Mis;No implicit void functions;0;1;1;0;0;1;0;0;0;1;0;0;1;0;0;0;0;0;0;0;0;25;0
Mis;Operators cannot be chained;0;1;1;0;0;1;0;0;0;1;0;0;1;0;0;0;0;0;0;1;0;25;0
Mis;Functions must return;0;1;1;0;0;1;0;0;0;1;0;0;1;0;0;0;0;0;0;0;0;25;0
Mis;No `not` on objects;0;1;1;0;0;1;0;0;0;1;0;0;1;0;0;0;0;0;0;0;0;25;0
Mis;Ternary Boolean return;0;1;1;0;0;1;0;0;0;1;0;0;1;0;0;0;0;0;0;0;0;25;0
Mis;`if` loop;0;1;1;0;0;1;0;0;0;1;0;0;1;0;0;0;0;0;0;1;0;25;0
Mis;`range()` includes the final value;0;1;1;0;0;1;0;0;0;1;0;0;1;0;0;0;0;0;0;0;0;25;0
Mis;Methods can have no arguments;0;1;1;0;0;1;0;0;0;1;0;0;1;0;0;0;0;0;0;0;0;25;0
Mis;No string constructor method chain;0;1;1;0;0;1;0;0;0;1;0;0;1;0;0;0;0;0;0;0;0;25;0
Mis;`return` continues;0;1;1;0;0;1;0;0;0;1;0;0;1;0;0;0;0;0;0;0;0;25;0
Mis;String equality not `==`;0;1;1;0;0;1;0;0;0;1;0;0;1;0;0;0;0;0;0;0;0;25;0
Mis;String repetition adds space;0;1;1;0;0;1;0;0;0;1;0;0;1;0;0;0;0;0;0;0;0;25;0
Mis;Automatic Integer Conversion;0;1;1;0;0;1;0;0;0;1;0;0;1;0;0;0;0;0;0;1;0;25;0
Mis;Slices include last value;0;1;1;0;0;1;0;0;0;1;0;0;1;0;0;0;0;0;0;0;0;25;0
Mis;Integers limit;0;1;1;0;0;1;0;0;0;1;0;0;1;0;0;0;0;0;0;1;0;25;0
Mis;Confused string assignment;0;1;1;0;0;1;0;0;0;1;0;0;1;0;0;0;0;0;0;0;0;25;0
Mis;Lowercase Booleans;0;1;1;0;0;1;0;0;0;1;0;0;1;0;0;0;0;0;0;0;0;25;0
Mis;`pass` is `continue`;0;1;1;0;0;1;0;0;0;1;0;0;1;0;0;0;0;0;0;1;0;25;0
Mis;`print()` returns;0;1;1;0;0;1;0;0;0;1;0;0;1;0;0;0;0;0;0;1;0;25;0
Mis;`print()` only accepts one input;0;1;1;0;0;1;0;0;0;1;0;0;1;0;0;0;0;0;0;0;0;25;0
Mis;Secondary memory data loss;0;1;1;0;0;1;0;0;0;1;0;0;1;0;0;0;0;0;0;1;0;25;0
Mis;Transitive Assignment;0;1;1;0;0;1;0;0;0;1;0;0;1;0;0;0;0;0;0;1;0;25;0
Mis;No literal return;0;1;1;0;0;1;0;0;0;1;0;0;1;0;0;0;0;0;0;0;0;25;0
Mis;`input()` return value;0;1;1;0;0;1;0;0;0;1;0;0;1;0;0;0;0;0;0;1;0;25;0
Mis;Floating point `range()`;0;1;1;0;0;1;0;0;0;1;0;0;1;0;0;0;0;0;0;0;0;25;0
Mis;No `or` on objects;0;1;1;0;0;1;0;0;0;1;0;0;1;0;0;0;0;0;0;0;0;25;0
Mis;`print()` always has a newline;0;1;1;0;0;1;0;0;0;1;0;0;1;0;0;0;0;0;0;0;0;25;0
Mis;`print()` only string;0;1;1;0;0;1;0;0;0;1;0;0;1;0;0;0;0;0;0;0;0;25;0
Mis;`/` is integer division;0;1;1;0;0;1;0;0;0;1;0;0;1;0;0;0;0;0;0;1;0;25;0
Mis;`input()` requires function input;0;1;1;0;0;1;0;0;0;1;0;0;1;0;0;0;0;0;0;0;0;25;0
Mis;No method chain;0;1;1;0;0;1;0;0;0;1;0;0;1;0;0;0;0;0;0;0;0;25;0
Mis;`int()` rounds up floats;0;1;1;0;0;1;0;0;0;1;0;0;1;0;0;0;0;0;0;1;0;25;0
Mis;Multi-line strings with `" "`;0;1;1;0;0;1;0;0;0;1;0;0;1;0;0;0;0;0;0;1;0;25;0
Mis;List concat vector addition;0;1;1;0;0;1;0;0;0;1;0;0;1;0;0;0;0;0;0;1;0;25;0
Mis;`/` works on strings;0;1;1;0;0;1;0;0;0;1;0;0;1;0;0;0;0;0;0;1;0;25;0
Mis;Strings are mutable;0;1;1;0;0;1;0;0;0;1;0;0;1;0;0;0;0;0;0;0;0;25;0
Mis;No loop termination;0;1;1;0;0;1;0;0;0;1;0;0;1;0;0;0;0;0;0;1;0;25;0
Mis;Conditional Boolean return;0;1;1;0;0;1;0;0;0;1;0;0;1;0;0;0;0;0;0;0;0;25;0
Mis;Slices require indices;0;1;1;0;0;1;0;0;0;1;0;0;1;0;0;0;0;0;0;1;0;25;0
Mis;Parenthesized return;0;1;1;0;0;1;0;0;0;1;0;0;1;0;0;0;0;0;0;0;0;25;0
Mis;`%` is division;0;1;1;0;0;1;0;0;0;1;0;0;1;0;0;0;0;0;0;0;0;25;0
Mis;Iterable repetition repeated constant multiplication;0;1;1;0;0;1;0;0;0;1;0;0;1;0;0;0;0;0;0;1;0;25;0
Mis;`//` divides;0;1;1;0;0;1;0;0;0;1;0;0;1;0;0;0;0;0;0;0;0;25;0
Mis;Cannot mix index sign in slice;0;1;1;0;0;1;0;0;0;1;0;0;1;0;0;0;0;0;0;0;0;25;0
Mis;`//` is modulus;0;1;1;0;0;1;0;0;0;1;0;0;1;0;0;0;0;0;0;0;0;25;0
Mis;Slice removes;0;1;1;0;0;1;0;0;0;1;0;0;1;0;0;0;0;0;0;0;0;25;0
Mis;No nesting loops;0;1;1;0;0;1;0;0;0;1;0;0;1;0;0;0;0;0;0;0;0;25;0
Mis;Literals don't have a data type;0;1;1;0;0;1;0;0;0;1;0;0;1;0;0;0;0;0;0;1;0;25;0
Mis;`%` is integer division;0;1;1;0;0;1;0;0;0;1;0;0;1;0;0;0;0;0;0;1;0;25;0
Mis;No formatted string;0;1;1;0;0;1;0;0;0;1;0;0;1;0;0;0;0;0;0;1;0;25;0
Mis;`for` stops before last element;0;1;1;0;0;1;0;0;0;1;0;0;1;0;0;0;0;0;0;1;0;25;0
Mis;`int()` rounds floats;0;1;1;0;0;1;0;0;0;1;0;0;1;0;0;0;0;0;0;0;0;25;0
Mis;Implied repetition over logical operator;0;1;1;0;0;1;0;0;0;1;0;0;1;0;0;0;0;0;0;0;0;25;0
Mis;`for` only with `range()`;0;1;1;0;0;1;0;0;0;1;0;0;1;0;0;0;0;0;0;0;0;25;0
Mis;`while` tests after loop;0;1;1;0;0;1;0;0;0;1;0;0;1;0;0;0;0;0;0;1;0;25;0
Mis;Multi-value return;0;1;1;0;0;1;0;0;0;1;0;0;1;0;0;0;0;0;0;0;0;25;0
Mis;Strings are not objects;0;1;1;0;0;1;0;0;0;1;0;0;1;0;0;0;0;0;0;1;0;25;0
Sphere;`str()` function;0;1;1;0;0;1;0;0;0;1;0;0;1;0;0;0;0;0;0;0;0;25;1;0.9200000000000002
Sphere;Floats;0;1;1;0;0;1;0;0;0;1;0;0;1;0;0;0;0;0;0;0;0;25;1;0.9854545454545456
Sphere;`+=` float operator;0;1;1;0;0;1;0;0;0;1;0;0;1;0;0;0;0;0;0;0;0;25;1;0.8
Sphere;Built-in Functions;0;1;1;0;0;1;0;0;0;1;0;0;1;0;0;0;0;0;0;0;0;25;0;1e-08
Sphere;`+=` integer operator;0;1;1;0;0;1;0;0;0;1;0;0;1;0;0;0;0;0;0;0;0;25;1;0.9880597014925374
Sphere;Secondary Memory;0;1;1;0;0;1;0;0;0;1;0;0;1;0;0;0;0;0;0;0;0;25;1;0.8
Sphere;`*=` float operator;0;1;1;0;0;1;0;0;0;1;0;0;1;0;0;0;0;0;0;0;0;25;1;0.8
Sphere;Conditionals;0;1;1;0;0;1;0;0;0;1;0;0;1;0;0;0;0;0;0;0;0;25;0;0.2
Sphere;Addition;0;1;1;0;0;1;0;0;0;1;0;0;1;0;0;0;0;0;0;0;0;25;0;1e-08
Sphere;Compilers;0;1;1;0;0;1;0;0;0;1;0;0;1;0;0;0;0;0;0;0;0;25;1;0.8
Sphere;`range()` function;0;1;1;0;0;1;0;0;0;1;0;0;1;0;0;0;0;0;0;0;0;25;0;1e-08
Sphere;`%=` integer operator;0;1;1;0;0;1;0;0;0;1;0;0;1;0;0;0;0;0;0;0;0;25;1;0.9200000000000002
Sphere;Interpreters;0;1;1;0;0;1;0;0;0;1;0;0;1;0;0;0;0;0;0;0;0;25;1;0.8
Sphere;Booleans;0;1;1;0;0;1;0;0;0;1;0;0;1;0;0;0;0;0;0;0;0;25;1;0.9875
Sphere;`%` float operator;0;1;1;0;0;1;0;0;0;1;0;0;1;0;0;0;0;0;0;0;0;25;1;0.9200000000000002
Sphere;`elif` keyword;0;1;1;0;0;1;0;0;0;1;0;0;1;0;0;0;0;0;0;0;0;25;0;0.2
Sphere;`<=` float operator;0;1;1;0;0;1;0;0;0;1;0;0;1;0;0;0;0;0;0;0;0;25;0;0.8
Sphere;`<` float operator;0;1;1;0;0;1;0;0;0;1;0;0;1;0;0;0;0;0;0;0;0;25;1;0.8
Sphere;Assignment;0;1;1;0;0;1;0;0;0;1;0;0;1;0;0;0;0;0;0;0;0;25;1;0.9880597014925374
Sphere;`continue` keyword;0;1;1;0;0;1;0;0;0;1;0;0;1;0;0;0;0;0;0;0;0;25;0;1e-08
Sphere;`+` string operator;0;1;1;0;0;1;0;0;0;1;0;0;1;0;0;0;0;0;0;0;0;25;1;0.9880597014925374
Sphere;`lower()` method;0;1;1;0;0;1;0;0;0;1;0;0;1;0;0;0;0;0;0;0;0;25;1;0.9862068965517241
Sphere;`else` keyword;0;1;1;0;0;1;0;0;0;1;0;0;1;0;0;0;0;0;0;0;0;25;1;0.9875
Sphere;`-=` integer operator;0;1;1;0;0;1;0;0;0;1;0;0;1;0;0;0;0;0;0;0;0;25;1;0.8
Sphere;`or` operator;0;1;1;0;0;1;0;0;0;1;0;0;1;0;0;0;0;0;0;0;0;25;1;0.8
Sphere;`!=` float operator;0;1;1;0;0;1;0;0;0;1;0;0;1;0;0;0;0;0;0;0;0;25;0;0.8
Sphere;`<` string operator;0;1;1;0;0;1;0;0;0;1;0;0;1;0;0;0;0;0;0;0;0;25;1;0.9813953488372094
Sphere;`<` integer operator;0;1;1;0;0;1;0;0;0;1;0;0;1;0;0;0;0;0;0;0;0;25;1;0.8
Sphere;Floating point equality;0;1;1;0;0;1;0;0;0;1;0;0;1;0;0;0;0;0;0;0;0;25;1;0.8
Sphere;Comparison;0;1;1;0;0;1;0;0;0;1;0;0;1;0;0;0;0;0;0;0;0;25;0;1e-08
Sphere;`type()` function;0;1;1;0;0;1;0;0;0;1;0;0;1;0;0;0;0;0;0;0;0;25;1;0.9714285714285715
Sphere;Functions;0;1;1;0;0;1;0;0;0;1;0;0;1;0;0;0;0;0;0;0;0;25;1;0.9854545454545456
Sphere;Contracted `if`;0;1;1;0;0;1;0;0;0;1;0;0;1;0;0;0;0;0;0;0;0;25;0;0.2
Sphere;Automatic Conversion;0;1;1;0;0;1;0;0;0;1;0;0;1;0;0;0;0;0;0;0;0;25;1;0.9578947368421054
Sphere;`+` float operator;0;1;1;0;0;1;0;0;0;1;0;0;1;0;0;0;0;0;0;0;0;25;1;0.9854545454545456
Sphere;`>=` integer operator;0;1;1;0;0;1;0;0;0;1;0;0;1;0;0;0;0;0;0;0;0;25;1;0.9854545454545456
Sphere;`break` keyword;0;1;1;0;0;1;0;0;0;1;0;0;1;0;0;0;0;0;0;0;0;25;0;1e-08
Sphere;CPU functionality;0;1;1;0;0;1;0;0;0;1;0;0;1;0;0;0;0;0;0;0;0;25;1;0.8
Sphere;Self Assignment;0;1;1;0;0;1;0;0;0;1;0;0;1;0;0;0;0;0;0;0;0;25;1;0.9384615384615385
Sphere;`*=` integer operator;0;1;1;0;0;1;0;0;0;1;0;0;1;0;0;0;0;0;0;0;0;25;1;0.8
Sphere;`//` float operator;0;1;1;0;0;1;0;0;0;1;0;0;1;0;0;0;0;0;0;0;0;25;1;0.9200000000000002
Sphere;`' '` constructor;0;1;1;0;0;1;0;0;0;1;0;0;1;0;0;0;0;0;0;0;0;25;1;0.9880597014925374
Sphere;`""" """` constructor;0;1;1;0;0;1;0;0;0;1;0;0;1;0;0;0;0;0;0;0;0;25;1;0.9813953488372094
Sphere;`join()` method;0;1;1;0;0;1;0;0;0;1;0;0;1;0;0;0;0;0;0;0;0;25;1;0.9862068965517241
Sphere;`/` integer operator;0;1;1;0;0;1;0;0;0;1;0;0;1;0;0;0;0;0;0;0;0;25;1;0.9880597014925374
Sphere;Repetition;0;1;1;0;0;1;0;0;0;1;0;0;1;0;0;0;0;0;0;0;0;25;0;1e-08
Sphere;`//=` float operator;0;1;1;0;0;1;0;0;0;1;0;0;1;0;0;0;0;0;0;0;0;25;1;0.9200000000000002
Sphere;Control Flow;0;1;1;0;0;1;0;0;0;1;0;0;1;0;0;0;0;0;0;0;0;25;0;1e-08
Sphere;Loops;0;1;1;0;0;1;0;0;0;1;0;0;1;0;0;0;0;0;0;0;0;25;0;1e-08
Sphere;Integers;0;1;1;0;0;1;0;0;0;1;0;0;1;0;0;0;0;0;0;0;0;25;1;0.9854545454545456
Sphere;`%=` float operator;0;1;1;0;0;1;0;0;0;1;0;0;1;0;0;0;0;0;0;0;0;25;1;0.9200000000000002
Sphere;Concatenation;0;1;1;0;0;1;0;0;0;1;0;0;1;0;0;0;0;0;0;0;0;25;0;1e-08
Sphere;`*` string operator;0;1;1;0;0;1;0;0;0;1;0;0;1;0;0;0;0;0;0;0;0;25;1;0.9880597014925374
Sphere;`-=` float operator;0;1;1;0;0;1;0;0;0;1;0;0;1;0;0;0;0;0;0;0;0;25;1;0.8
Sphere;`//` integer operator;0;1;1;0;0;1;0;0;0;1;0;0;1;0;0;0;0;0;0;0;0;25;1;0.9714285714285715
Sphere;`*` float operator;0;1;1;0;0;1;0;0;0;1;0;0;1;0;0;0;0;0;0;0;0;25;1;0.9854545454545456
Sphere;Atomic Data Types;0;1;1;0;0;1;0;0;0;1;0;0;1;0;0;0;0;0;0;0;0;25;0;1e-08
Sphere;Subtraction;0;1;1;0;0;1;0;0;0;1;0;0;1;0;0;0;0;0;0;0;0;25;0;1e-08
Sphere;Type Casting;0;1;1;0;0;1;0;0;0;1;0;0;1;0;0;0;0;0;0;0;0;25;0;1e-08
Sphere;`not` operator;0;1;1;0;0;1;0;0;0;1;0;0;1;0;0;0;0;0;0;0;0;25;1;0.8
Sphere;String Slicing;0;1;1;0;0;1;0;0;0;1;0;0;1;0;0;0;0;0;0;0;0;25;1;0.9862068965517241
Sphere;`and` operator;0;1;1;0;0;1;0;0;0;1;0;0;1;0;0;0;0;0;0;0;0;25;1;0.8
Sphere;`/=` integer operator;0;1;1;0;0;1;0;0;0;1;0;0;1;0;0;0;0;0;0;0;0;25;1;0.8
Sphere;Multiplication;0;1;1;0;0;1;0;0;0;1;0;0;1;0;0;0;0;0;0;0;0;25;0;1e-08
Sphere;`*` integer operator;0;1;1;0;0;1;0;0;0;1;0;0;1;0;0;0;0;0;0;0;0;25;1;0.9880597014925374
Sphere;`input()` function;0;1;1;0;0;1;0;0;0;1;0;0;1;0;0;0;0;0;0;0;0;25;1;0.9813953488372094
Sphere;`return` keyword;0;1;1;0;0;1;0;0;0;1;0;0;1;0;0;0;0;0;0;0;0;25;1;0.9854545454545456
Sphere;Indexing;0;1;1;0;0;1;0;0;0;1;0;0;1;0;0;0;0;0;0;0;0;25;0;1e-08
Sphere;Ordered Data Structures;0;1;1;0;0;1;0;0;0;1;0;0;1;0;0;0;0;0;0;0;0;25;0;1e-08
Sphere;`+` integer operator;0;1;1;0;0;1;0;0;0;1;0;0;1;0;0;0;0;0;0;0;0;25;1;0.9880597014925374
Sphere;Formatted Strings;0;1;1;0;0;1;0;0;0;1;0;0;1;0;0;0;0;0;0;0;0;25;1;0.9880597014925374
Sphere;Division;0;1;1;0;0;1;0;0;0;1;0;0;1;0;0;0;0;0;0;0;0;25;0;1e-08
Sphere;`if` keyword;0;1;1;0;0;1;0;0;0;1;0;0;1;0;0;0;0;0;0;0;0;25;1;0.9875
Sphere;Equality;0;1;1;0;0;1;0;0;0;1;0;0;1;0;0;0;0;0;0;0;0;25;0;1e-08
Sphere;Strings;0;1;1;0;0;1;0;0;0;1;0;0;1;0;0;0;0;0;0;0;0;25;1;0.9880597014925374
Sphere;`==` integer operator;0;1;1;0;0;1;0;0;0;1;0;0;1;0;0;0;0;0;0;0;0;25;1;0.9854545454545456
Sphere;`-` integer operator;0;1;1;0;0;1;0;0;0;1;0;0;1;0;0;0;0;0;0;0;0;25;1;0.9880597014925374
Sphere;`!=` string operator;0;1;1;0;0;1;0;0;0;1;0;0;1;0;0;0;0;0;0;0;0;25;1;0.9813953488372094
Sphere;String Indexing;0;1;1;0;0;1;0;0;0;1;0;0;1;0;0;0;0;0;0;0;0;25;1;0.9862068965517241
Sphere;Operator Chaining;0;1;1;0;0;1;0;0;0;1;0;0;1;0;0;0;0;0;0;0;0;25;1;0.9854545454545456
Sphere;Comments;0;1;1;0;0;1;0;0;0;1;0;0;1;0;0;0;0;0;0;0;0;25;1;0.8857142857142859
Sphere;`/` float operator;0;1;1;0;0;1;0;0;0;1;0;0;1;0;0;0;0;0;0;0;0;25;1;0.8857142857142859
Sphere;`upper()` method;0;1;1;0;0;1;0;0;0;1;0;0;1;0;0;0;0;0;0;0;0;25;1;0.9862068965517241
Sphere;`try` keyword;0;1;1;0;0;1;0;0;0;1;0;0;1;0;0;0;0;0;0;0;0;25;0;1e-08
Sphere;`>` float operator;0;1;1;0;0;1;0;0;0;1;0;0;1;0;0;0;0;0;0;0;0;25;1;0.9854545454545456
Sphere;`==` string operator;0;1;1;0;0;1;0;0;0;1;0;0;1;0;0;0;0;0;0;0;0;25;1;0.9813953488372094
Sphere;`for` loops;0;1;1;0;0;1;0;0;0;1;0;0;1;0;0;0;0;0;0;0;0;25;0;1e-08
Sphere;`" "` constructor;0;1;1;0;0;1;0;0;0;1;0;0;1;0;0;0;0;0;0;0;0;25;1;0.9880597014925374
Sphere;`int()` function;0;1;1;0;0;1;0;0;0;1;0;0;1;0;0;0;0;0;0;0;0;25;1;0.9578947368421054
Sphere;`replace()` method;0;1;1;0;0;1;0;0;0;1;0;0;1;0;0;0;0;0;0;0;0;25;1;0.9813953488372094
Sphere;Integer Division;0;1;1;0;0;1;0;0;0;1;0;0;1;0;0;0;0;0;0;0;0;25;0;1e-08
Sphere;`%` integer operator;0;1;1;0;0;1;0;0;0;1;0;0;1;0;0;0;0;0;0;0;0;25;1;0.9714285714285715
Sphere;`print()` function;0;1;1;0;0;1;0;0;0;1;0;0;1;0;0;0;0;0;0;0;0;25;1;0.9813953488372094
Sphere;Order of Operations;0;1;1;0;0;1;0;0;0;1;0;0;1;0;0;0;0;0;0;0;0;25;1;0.9854545454545456
Sphere;`len()` string function;0;1;1;0;0;1;0;0;0;1;0;0;1;0;0;0;0;0;0;0;0;25;1;0.9813953488372094
Sphere;`<=` integer operator;0;1;1;0;0;1;0;0;0;1;0;0;1;0;0;0;0;0;0;0;0;25;1;0.8
Sphere;RAM functionality;0;1;1;0;0;1;0;0;0;1;0;0;1;0;0;0;0;0;0;0;0;25;1;0.8
Sphere;`>` string operator;0;1;1;0;0;1;0;0;0;1;0;0;1;0;0;0;0;0;0;0;0;25;1;0.9813953488372094
Sphere;`/=` float operator;0;1;1;0;0;1;0;0;0;1;0;0;1;0;0;0;0;0;0;0;0;25;1;0.8
Sphere;`-` float operator;0;1;1;0;0;1;0;0;0;1;0;0;1;0;0;0;0;0;0;0;0;25;1;0.9854545454545456
Sphere;`float()` function;0;1;1;0;0;1;0;0;0;1;0;0;1;0;0;0;0;0;0;0;0;25;1;0.9384615384615385
Sphere;Slicing;0;1;1;0;0;1;0;0;0;1;0;0;1;0;0;0;0;0;0;0;0;25;0;1e-08
Sphere;`=` operator;0;1;1;0;0;1;0;0;0;1;0;0;1;0;0;0;0;0;0;0;0;25;1;0.9880597014925374
Sphere;Modulus;0;1;1;0;0;1;0;0;0;1;0;0;1;0;0;0;0;0;0;0;0;25;0;1e-08
Sphere;`!=` integer operator;0;1;1;0;0;1;0;0;0;1;0;0;1;0;0;0;0;0;0;0;0;25;1;0.8
Sphere;`>` integer operator;0;1;1;0;0;1;0;0;0;1;0;0;1;0;0;0;0;0;0;0;0;25;1;0.9854545454545456
Sphere;`while` loops;0;1;1;0;0;1;0;0;0;1;0;0;1;0;0;0;0;0;0;0;0;25;1;0.9854545454545456
Sphere;Methods;0;1;1;0;0;1;0;0;0;1;0;0;1;0;0;0;0;0;0;0;0;25;0;1e-08
Sphere;`>=` float operator;0;1;1;0;0;1;0;0;0;1;0;0;1;0;0;0;0;0;0;0;0;25;1;0.8
Sphere;Machine Code;0;1;1;0;0;1;0;0;0;1;0;0;1;0;0;0;0;0;0;0;0;25;1;0.8
Sphere;Variables;0;1;1;0;0;1;0;0;0;1;0;0;1;0;0;0;0;0;0;0;0;25;1;0.9880597014925374
Sphere;Program Definition;0;1;1;0;0;1;0;0;0;1;0;0;1;0;0;0;0;0;0;0;0;25;1;0.8
Sphere;`//=` integer operator;0;1;1;0;0;1;0;0;0;1;0;0;1;0;0;0;0;0;0;0;0;25;1;0.9200000000000002
Sphere;`def` constructor;0;1;1;0;0;1;0;0;0;1;0;0;1;0;0;0;0;0;0;0;0;25;1;0.9854545454545456
Sphere;`capitalize()` method;0;1;1;0;0;1;0;0;0;1;0;0;1;0;0;0;0;0;0;0;0;25;1;0.9862068965517241
==::==::==
Question;81;0
Question;20;0
Question;5;0
Question;18;0
Question;8;0
Question;53;0
Question;84;0
Question;11;0
Question;83;0
Question;9;0
Question;93;0
Question;15;0
Question;82;0
Question;85;0
Question;91;0
Question;19;0
Question;79;0
Question;48;0
Question;17;0
Question;12;0
Question;90;0
Question;14;0
Question;13;0
Question;7;0
Answer;58;0
Answer;305;0
Answer;315;0
Answer;50;0
Answer;21;0
Answer;27;0
Answer;209;0
Answer;217;0
Answer;210;0
Answer;56;0
Answer;218;0
Answer;213;0
Answer;316;0
Answer;304;0
Answer;223;0
Answer;314;0
Answer;130;0
Answer;61;0
Answer;36;0
Answer;220;0
Answer;216;0
Answer;208;0
Answer;211;0
Answer;225;0
Answer;33;0
Answer;49;0
Answer;141;0
Answer;224;0
Answer;206;0
Answer;19;0
Answer;37;0
Answer;303;0
Answer;222;0
Answer;42;0
Answer;47;0
Answer;57;0
Answer;214;0
Answer;29;0
Answer;215;0
Answer;53;0
Answer;219;0
Answer;277;0
Answer;44;0
Answer;32;0
Answer;28;0
Answer;221;0
Answer;43;0
Answer;48;0
Answer;46;0
Answer;201;0
Answer;131;0
Answer;308;0
Answer;307;0
Answer;200;0
Answer;51;0
Answer;35;0
Answer;54;0
Answer;60;0
Answer;64;0
Answer;30;0
Answer;198;0
Answer;20;0
Answer;18;0
Answer;31;0
Answer;63;0
Answer;199;0
Answer;45;0
Answer;313;0
Answer;207;0
Answer;212;0
Answer;62;0
Answer;306;0
Answer;34;0
Answer;55;0
Answer;26;0
Answer;52;0
Answer;276;0
Answer;-1;0
Mis;`<` is `not >`;0;1;1;0;0;1;0;0;0;1;0;0;1;0;0;0;0;0;0;1;0;26;0
Mis;Backwards chaining;0;1;1;0;0;1;0;0;0;1;0;0;1;0;0;0;0;0;0;0;0;26;0
Mis;`print()` needs input;0;1;1;0;0;1;0;0;0;1;0;0;1;0;0;0;0;0;0;0;0;26;0
Mis;Blank last slice non-inclusive;0;1;1;0;0;1;0;0;0;1;0;0;1;0;0;0;0;0;0;0;0;26;0
Mis;Return frame bypass;0;1;1;0;0;1;0;0;0;1;0;0;1;0;0;0;0;0;0;0;0;26;0
Mis;Functions must have input;0;1;1;0;0;1;0;0;0;1;0;0;1;0;0;0;0;0;0;0;0;26;0
Mis;No Boolean literals;0;1;1;0;0;1;0;0;0;1;0;0;1;0;0;0;0;0;0;1;0;26;0
Mis;String equality isn't case sensitive;0;1;1;0;0;1;0;0;0;1;0;0;1;0;0;0;0;0;0;1;0;26;0
Mis;Single letter variables;0;1;1;0;0;1;0;0;0;1;0;0;1;0;0;0;0;0;0;0;0;26;0
Mis;`return` on `def` indentation level;0;1;1;0;0;1;0;0;0;1;0;0;1;0;0;0;0;0;0;1;0;26;0
Mis;Iterable repetition interleaves;0;1;1;0;0;1;0;0;0;1;0;0;1;0;0;0;0;0;0;0;0;26;0
Mis;Sequenced conditionals;0;1;1;0;0;1;0;0;0;1;0;0;1;0;0;0;0;0;0;1;0;26;0
Mis;`input()` includes newline;0;1;1;0;0;1;0;0;0;1;0;0;1;0;0;0;0;0;0;0;0;26;0
Mis;Concat with single element;0;1;1;0;0;1;0;0;0;1;0;0;1;0;0;0;0;0;0;0;0;26;0
Mis;Extending strings adds space;0;1;1;0;0;1;0;0;0;1;0;0;1;0;0;0;0;0;0;1;0;26;0
Mis;Variables cannot be assigned twice;0;1;1;0;0;1;0;0;0;1;0;0;1;0;0;0;0;0;0;1;0;26;0
Mis;No `and` on objects;0;1;1;0;0;1;0;0;0;1;0;0;1;0;0;0;0;0;0;0;0;26;0
Mis;`range()` only has one input;0;1;1;0;0;1;0;0;0;1;0;0;1;0;0;0;0;0;0;0;0;26;0
Mis;Linear Order of Operations;0;1;1;0;0;1;0;0;0;1;0;0;1;0;0;0;0;0;0;1;0;26;0
Mis;`%` percentage operator;0;1;1;0;0;1;0;0;0;1;0;0;1;0;0;0;0;0;0;0;0;26;0
Mis;`self` has no value;0;1;1;0;0;1;0;0;0;1;0;0;1;0;0;0;0;0;0;1;0;26;0
Mis;Characters are strings;0;1;1;0;0;1;0;0;0;1;0;0;1;0;0;0;0;0;0;0;0;26;0
Mis;Keyword functions;0;1;1;0;0;1;0;0;0;1;0;0;1;0;0;0;0;0;0;0;0;26;0
Mis;Floating point equality okay;0;1;1;0;0;1;0;0;0;1;0;0;1;0;0;0;0;0;0;1;0;26;0
Mis;Lazy assignment;0;1;1;0;0;1;0;0;0;1;0;0;1;0;0;0;0;0;0;0;0;26;0
Mis;Index -1 is start of list;0;1;1;0;0;1;0;0;0;1;0;0;1;0;0;0;0;0;0;1;0;26;0
Mis;No variable functions;0;1;1;0;0;1;0;0;0;1;0;0;1;0;0;0;0;0;0;1;0;26;0
Mis;Multi-line strings with `' '`;0;1;1;0;0;1;0;0;0;1;0;0;1;0;0;0;0;0;0;1;0;26;0
Mis;No variable methods;0;1;1;0;0;1;0;0;0;1;0;0;1;0;0;0;0;0;0;0;0;26;0
Mis;Iterable repeition multiplies by constant;0;1;1;0;0;1;0;0;0;1;0;0;1;0;0;0;0;0;0;0;0;26;0
Mis;String methods mutate;0;1;1;0;0;1;0;0;0;1;0;0;1;0;0;0;0;0;0;0;0;26;0
Mis;No short circuit;0;1;1;0;0;1;0;0;0;1;0;0;1;0;0;0;0;0;0;1;0;26;0
Mis;Slice exclusive of first index;0;1;1;0;0;1;0;0;0;1;0;0;1;0;0;0;0;0;0;0;0;26;0
Mis;`print()` non-terminating return;0;1;1;0;0;1;0;0;0;1;0;0;1;0;0;0;0;0;0;0;0;26;0
Mis;No floating point limit;0;1;1;0;0;1;0;0;0;1;0;0;1;0;0;0;0;0;0;1;0;26;0
Mis;`>` is `not <`;0;1;1;0;0;1;0;0;0;1;0;0;1;0;0;0;0;0;0;1;0;26;0
Mis;`try` without `except`;0;1;1;0;0;1;0;0;0;1;0;0;1;0;0;0;0;0;0;1;0;26;0
Mis;Inline Function Definition;0;1;1;0;0;1;0;0;0;1;0;0;1;0;0;0;0;0;0;1;0;26;0
Mis;`print()` no newline;0;1;1;0;0;1;0;0;0;1;0;0;1;0;0;0;0;0;0;0;0;26;0
Mis;`range()` starts at 1;0;1;1;0;0;1;0;0;0;1;0;0;1;0;0;0;0;0;0;1;0;26;0
Mis;Blank slice is empty;0;1;1;0;0;1;0;0;0;1;0;0;1;0;0;0;0;0;0;0;0;26;0
Mis;`-` works on strings;0;1;1;0;0;1;0;0;0;1;0;0;1;0;0;0;0;0;0;1;0;26;0
Mis;No constructor method chain;0;1;1;0;0;1;0;0;0;1;0;0;1;0;0;0;0;0;0;0;0;26;0
Mis;`#` is an operator;0;1;1;0;0;1;0;0;0;1;0;0;1;0;0;0;0;0;0;1;0;26;0
Mis;No escape sequences;0;1;1;0;0;1;0;0;0;1;0;0;1;0;0;0;0;0;0;0;0;26;0
Mis;Methods must have input;0;1;1;0;0;1;0;0;0;1;0;0;1;0;0;0;0;0;0;0;0;26;0
Mis;Assignment duplicates;0;1;1;0;0;1;0;0;0;1;0;0;1;0;0;0;0;0;0;0;0;26;0
Mis;`=` comparison;0;1;1;0;0;1;0;0;0;1;0;0;1;0;0;0;0;0;0;1;0;26;0
Mis;No tuple return;0;1;1;0;0;1;0;0;0;1;0;0;1;0;0;0;0;0;0;0;0;26;0
Mis;`for` is `while`;0;1;1;0;0;1;0;0;0;1;0;0;1;0;0;0;0;0;0;0;0;26;0
Mis;Curly brackets stay;0;1;1;0;0;1;0;0;0;1;0;0;1;0;0;0;0;0;0;0;0;26;0
Mis;`/` is modulus;0;1;1;0;0;1;0;0;0;1;0;0;1;0;0;0;0;0;0;1;0;26;0
Mis;No implicit void functions;0;1;1;0;0;1;0;0;0;1;0;0;1;0;0;0;0;0;0;0;0;26;0
Mis;Operators cannot be chained;0;1;1;0;0;1;0;0;0;1;0;0;1;0;0;0;0;0;0;1;0;26;0
Mis;Functions must return;0;1;1;0;0;1;0;0;0;1;0;0;1;0;0;0;0;0;0;0;0;26;0
Mis;No `not` on objects;0;1;1;0;0;1;0;0;0;1;0;0;1;0;0;0;0;0;0;0;0;26;0
Mis;Ternary Boolean return;0;1;1;0;0;1;0;0;0;1;0;0;1;0;0;0;0;0;0;0;0;26;0
Mis;`if` loop;0;1;1;0;0;1;0;0;0;1;0;0;1;0;0;0;0;0;0;1;0;26;0
Mis;`range()` includes the final value;0;1;1;0;0;1;0;0;0;1;0;0;1;0;0;0;0;0;0;0;0;26;0
Mis;Methods can have no arguments;0;1;1;0;0;1;0;0;0;1;0;0;1;0;0;0;0;0;0;0;0;26;0
Mis;No string constructor method chain;0;1;1;0;0;1;0;0;0;1;0;0;1;0;0;0;0;0;0;0;0;26;0
Mis;`return` continues;0;1;1;0;0;1;0;0;0;1;0;0;1;0;0;0;0;0;0;0;0;26;0
Mis;String equality not `==`;0;1;1;0;0;1;0;0;0;1;0;0;1;0;0;0;0;0;0;0;0;26;0
Mis;String repetition adds space;0;1;1;0;0;1;0;0;0;1;0;0;1;0;0;0;0;0;0;0;0;26;0
Mis;Automatic Integer Conversion;0;1;1;0;0;1;0;0;0;1;0;0;1;0;0;0;0;0;0;1;0;26;0
Mis;Slices include last value;0;1;1;0;0;1;0;0;0;1;0;0;1;0;0;0;0;0;0;0;0;26;0
Mis;Integers limit;0;1;1;0;0;1;0;0;0;1;0;0;1;0;0;0;0;0;0;1;0;26;0
Mis;Confused string assignment;0;1;1;0;0;1;0;0;0;1;0;0;1;0;0;0;0;0;0;0;0;26;0
Mis;Lowercase Booleans;0;1;1;0;0;1;0;0;0;1;0;0;1;0;0;0;0;0;0;0;0;26;0
Mis;`pass` is `continue`;0;1;1;0;0;1;0;0;0;1;0;0;1;0;0;0;0;0;0;1;0;26;0
Mis;`print()` returns;0;1;1;0;0;1;0;0;0;1;0;0;1;0;0;0;0;0;0;1;0;26;0
Mis;`print()` only accepts one input;0;1;1;0;0;1;0;0;0;1;0;0;1;0;0;0;0;0;0;0;0;26;0
Mis;Secondary memory data loss;0;1;1;0;0;1;0;0;0;1;0;0;1;0;0;0;0;0;0;1;0;26;0
Mis;Transitive Assignment;0;1;1;0;0;1;0;0;0;1;0;0;1;0;0;0;0;0;0;1;0;26;0
Mis;No literal return;0;1;1;0;0;1;0;0;0;1;0;0;1;0;0;0;0;0;0;0;0;26;0
Mis;`input()` return value;0;1;1;0;0;1;0;0;0;1;0;0;1;0;0;0;0;0;0;1;0;26;0
Mis;Floating point `range()`;0;1;1;0;0;1;0;0;0;1;0;0;1;0;0;0;0;0;0;0;0;26;0
Mis;No `or` on objects;0;1;1;0;0;1;0;0;0;1;0;0;1;0;0;0;0;0;0;0;0;26;0
Mis;`print()` always has a newline;0;1;1;0;0;1;0;0;0;1;0;0;1;0;0;0;0;0;0;0;0;26;0
Mis;`print()` only string;0;1;1;0;0;1;0;0;0;1;0;0;1;0;0;0;0;0;0;0;0;26;0
Mis;`/` is integer division;0;1;1;0;0;1;0;0;0;1;0;0;1;0;0;0;0;0;0;1;0;26;0
Mis;`input()` requires function input;0;1;1;0;0;1;0;0;0;1;0;0;1;0;0;0;0;0;0;0;0;26;0
Mis;No method chain;0;1;1;0;0;1;0;0;0;1;0;0;1;0;0;0;0;0;0;0;0;26;0
Mis;`int()` rounds up floats;0;1;1;0;0;1;0;0;0;1;0;0;1;0;0;0;0;0;0;1;0;26;0
Mis;Multi-line strings with `" "`;0;1;1;0;0;1;0;0;0;1;0;0;1;0;0;0;0;0;0;1;0;26;0
Mis;List concat vector addition;0;1;1;0;0;1;0;0;0;1;0;0;1;0;0;0;0;0;0;1;0;26;0
Mis;`/` works on strings;0;1;1;0;0;1;0;0;0;1;0;0;1;0;0;0;0;0;0;1;0;26;0
Mis;Strings are mutable;0;1;1;0;0;1;0;0;0;1;0;0;1;0;0;0;0;0;0;0;0;26;0
Mis;No loop termination;0;1;1;0;0;1;0;0;0;1;0;0;1;0;0;0;0;0;0;1;0;26;0
Mis;Conditional Boolean return;0;1;1;0;0;1;0;0;0;1;0;0;1;0;0;0;0;0;0;0;0;26;0
Mis;Slices require indices;0;1;1;0;0;1;0;0;0;1;0;0;1;0;0;0;0;0;0;1;0;26;0
Mis;Parenthesized return;0;1;1;0;0;1;0;0;0;1;0;0;1;0;0;0;0;0;0;0;0;26;0
Mis;`%` is division;0;1;1;0;0;1;0;0;0;1;0;0;1;0;0;0;0;0;0;0;0;26;0
Mis;Iterable repetition repeated constant multiplication;0;1;1;0;0;1;0;0;0;1;0;0;1;0;0;0;0;0;0;1;0;26;0
Mis;`//` divides;0;1;1;0;0;1;0;0;0;1;0;0;1;0;0;0;0;0;0;0;0;26;0
Mis;Cannot mix index sign in slice;0;1;1;0;0;1;0;0;0;1;0;0;1;0;0;0;0;0;0;0;0;26;0
Mis;`//` is modulus;0;1;1;0;0;1;0;0;0;1;0;0;1;0;0;0;0;0;0;0;0;26;0
Mis;Slice removes;0;1;1;0;0;1;0;0;0;1;0;0;1;0;0;0;0;0;0;0;0;26;0
Mis;No nesting loops;0;1;1;0;0;1;0;0;0;1;0;0;1;0;0;0;0;0;0;0;0;26;0
Mis;Literals don't have a data type;0;1;1;0;0;1;0;0;0;1;0;0;1;0;0;0;0;0;0;1;0;26;0
Mis;`%` is integer division;0;1;1;0;0;1;0;0;0;1;0;0;1;0;0;0;0;0;0;1;0;26;0
Mis;No formatted string;0;1;1;0;0;1;0;0;0;1;0;0;1;0;0;0;0;0;0;1;0;26;0
Mis;`for` stops before last element;0;1;1;0;0;1;0;0;0;1;0;0;1;0;0;0;0;0;0;1;0;26;0
Mis;`int()` rounds floats;0;1;1;0;0;1;0;0;0;1;0;0;1;0;0;0;0;0;0;0;0;26;0
Mis;Implied repetition over logical operator;0;1;1;0;0;1;0;0;0;1;0;0;1;0;0;0;0;0;0;0;0;26;0
Mis;`for` only with `range()`;0;1;1;0;0;1;0;0;0;1;0;0;1;0;0;0;0;0;0;0;0;26;0
Mis;`while` tests after loop;0;1;1;0;0;1;0;0;0;1;0;0;1;0;0;0;0;0;0;1;0;26;0
Mis;Multi-value return;0;1;1;0;0;1;0;0;0;1;0;0;1;0;0;0;0;0;0;0;0;26;0
Mis;Strings are not objects;0;1;1;0;0;1;0;0;0;1;0;0;1;0;0;0;0;0;0;1;0;26;0
Sphere;`str()` function;0;1;1;0;0;1;0;0;0;1;0;0;1;0;0;0;0;0;0;0;0;26;1;0.9200000000000002
Sphere;Floats;0;1;1;0;0;1;0;0;0;1;0;0;1;0;0;0;0;0;0;0;0;26;1;0.9854545454545456
Sphere;`+=` float operator;0;1;1;0;0;1;0;0;0;1;0;0;1;0;0;0;0;0;0;0;0;26;1;0.8
Sphere;Built-in Functions;0;1;1;0;0;1;0;0;0;1;0;0;1;0;0;0;0;0;0;0;0;26;0;1e-08
Sphere;`+=` integer operator;0;1;1;0;0;1;0;0;0;1;0;0;1;0;0;0;0;0;0;0;0;26;1;0.9880597014925374
Sphere;Secondary Memory;0;1;1;0;0;1;0;0;0;1;0;0;1;0;0;0;0;0;0;0;0;26;1;0.8
Sphere;`*=` float operator;0;1;1;0;0;1;0;0;0;1;0;0;1;0;0;0;0;0;0;0;0;26;1;0.8
Sphere;Conditionals;0;1;1;0;0;1;0;0;0;1;0;0;1;0;0;0;0;0;0;0;0;26;0;0.2
Sphere;Addition;0;1;1;0;0;1;0;0;0;1;0;0;1;0;0;0;0;0;0;0;0;26;0;1e-08
Sphere;Compilers;0;1;1;0;0;1;0;0;0;1;0;0;1;0;0;0;0;0;0;0;0;26;1;0.8
Sphere;`range()` function;0;1;1;0;0;1;0;0;0;1;0;0;1;0;0;0;0;0;0;0;0;26;0;1e-08
Sphere;`%=` integer operator;0;1;1;0;0;1;0;0;0;1;0;0;1;0;0;0;0;0;0;0;0;26;1;0.9200000000000002
Sphere;Interpreters;0;1;1;0;0;1;0;0;0;1;0;0;1;0;0;0;0;0;0;0;0;26;1;0.8
Sphere;Booleans;0;1;1;0;0;1;0;0;0;1;0;0;1;0;0;0;0;0;0;0;0;26;1;0.9875
Sphere;`%` float operator;0;1;1;0;0;1;0;0;0;1;0;0;1;0;0;0;0;0;0;0;0;26;1;0.9200000000000002
Sphere;`elif` keyword;0;1;1;0;0;1;0;0;0;1;0;0;1;0;0;0;0;0;0;0;0;26;0;0.2
Sphere;`<=` float operator;0;1;1;0;0;1;0;0;0;1;0;0;1;0;0;0;0;0;0;0;0;26;0;0.8
Sphere;`<` float operator;0;1;1;0;0;1;0;0;0;1;0;0;1;0;0;0;0;0;0;0;0;26;1;0.8
Sphere;Assignment;0;1;1;0;0;1;0;0;0;1;0;0;1;0;0;0;0;0;0;0;0;26;1;0.9880597014925374
Sphere;`continue` keyword;0;1;1;0;0;1;0;0;0;1;0;0;1;0;0;0;0;0;0;0;0;26;0;1e-08
Sphere;`+` string operator;0;1;1;0;0;1;0;0;0;1;0;0;1;0;0;0;0;0;0;0;0;26;1;0.9880597014925374
Sphere;`lower()` method;0;1;1;0;0;1;0;0;0;1;0;0;1;0;0;0;0;0;0;0;0;26;1;0.9862068965517241
Sphere;`else` keyword;0;1;1;0;0;1;0;0;0;1;0;0;1;0;0;0;0;0;0;0;0;26;1;0.9875
Sphere;`-=` integer operator;0;1;1;0;0;1;0;0;0;1;0;0;1;0;0;0;0;0;0;0;0;26;1;0.8
Sphere;`or` operator;0;1;1;0;0;1;0;0;0;1;0;0;1;0;0;0;0;0;0;0;0;26;1;0.8
Sphere;`!=` float operator;0;1;1;0;0;1;0;0;0;1;0;0;1;0;0;0;0;0;0;0;0;26;0;0.8
Sphere;`<` string operator;0;1;1;0;0;1;0;0;0;1;0;0;1;0;0;0;0;0;0;0;0;26;1;0.9813953488372094
Sphere;`<` integer operator;0;1;1;0;0;1;0;0;0;1;0;0;1;0;0;0;0;0;0;0;0;26;1;0.8
Sphere;Floating point equality;0;1;1;0;0;1;0;0;0;1;0;0;1;0;0;0;0;0;0;0;0;26;1;0.8
Sphere;Comparison;0;1;1;0;0;1;0;0;0;1;0;0;1;0;0;0;0;0;0;0;0;26;0;1e-08
Sphere;`type()` function;0;1;1;0;0;1;0;0;0;1;0;0;1;0;0;0;0;0;0;0;0;26;1;0.9714285714285715
Sphere;Functions;0;1;1;0;0;1;0;0;0;1;0;0;1;0;0;0;0;0;0;0;0;26;1;0.9854545454545456
Sphere;Contracted `if`;0;1;1;0;0;1;0;0;0;1;0;0;1;0;0;0;0;0;0;0;0;26;0;0.2
Sphere;Automatic Conversion;0;1;1;0;0;1;0;0;0;1;0;0;1;0;0;0;0;0;0;0;0;26;1;0.9578947368421054
Sphere;`+` float operator;0;1;1;0;0;1;0;0;0;1;0;0;1;0;0;0;0;0;0;0;0;26;1;0.9854545454545456
Sphere;`>=` integer operator;0;1;1;0;0;1;0;0;0;1;0;0;1;0;0;0;0;0;0;0;0;26;1;0.9854545454545456
Sphere;`break` keyword;0;1;1;0;0;1;0;0;0;1;0;0;1;0;0;0;0;0;0;0;0;26;0;1e-08
Sphere;CPU functionality;0;1;1;0;0;1;0;0;0;1;0;0;1;0;0;0;0;0;0;0;0;26;1;0.8
Sphere;Self Assignment;0;1;1;0;0;1;0;0;0;1;0;0;1;0;0;0;0;0;0;0;0;26;1;0.9384615384615385
Sphere;`*=` integer operator;0;1;1;0;0;1;0;0;0;1;0;0;1;0;0;0;0;0;0;0;0;26;1;0.8
Sphere;`//` float operator;0;1;1;0;0;1;0;0;0;1;0;0;1;0;0;0;0;0;0;0;0;26;1;0.9200000000000002
Sphere;`' '` constructor;0;1;1;0;0;1;0;0;0;1;0;0;1;0;0;0;0;0;0;0;0;26;1;0.9880597014925374
Sphere;`""" """` constructor;0;1;1;0;0;1;0;0;0;1;0;0;1;0;0;0;0;0;0;0;0;26;1;0.9813953488372094
Sphere;`join()` method;0;1;1;0;0;1;0;0;0;1;0;0;1;0;0;0;0;0;0;0;0;26;1;0.9862068965517241
Sphere;`/` integer operator;0;1;1;0;0;1;0;0;0;1;0;0;1;0;0;0;0;0;0;0;0;26;1;0.9880597014925374
Sphere;Repetition;0;1;1;0;0;1;0;0;0;1;0;0;1;0;0;0;0;0;0;0;0;26;0;1e-08
Sphere;`//=` float operator;0;1;1;0;0;1;0;0;0;1;0;0;1;0;0;0;0;0;0;0;0;26;1;0.9200000000000002
Sphere;Control Flow;0;1;1;0;0;1;0;0;0;1;0;0;1;0;0;0;0;0;0;0;0;26;0;1e-08
Sphere;Loops;0;1;1;0;0;1;0;0;0;1;0;0;1;0;0;0;0;0;0;0;0;26;0;1e-08
Sphere;Integers;0;1;1;0;0;1;0;0;0;1;0;0;1;0;0;0;0;0;0;0;0;26;1;0.9854545454545456
Sphere;`%=` float operator;0;1;1;0;0;1;0;0;0;1;0;0;1;0;0;0;0;0;0;0;0;26;1;0.9200000000000002
Sphere;Concatenation;0;1;1;0;0;1;0;0;0;1;0;0;1;0;0;0;0;0;0;0;0;26;0;1e-08
Sphere;`*` string operator;0;1;1;0;0;1;0;0;0;1;0;0;1;0;0;0;0;0;0;0;0;26;1;0.9880597014925374
Sphere;`-=` float operator;0;1;1;0;0;1;0;0;0;1;0;0;1;0;0;0;0;0;0;0;0;26;1;0.8
Sphere;`//` integer operator;0;1;1;0;0;1;0;0;0;1;0;0;1;0;0;0;0;0;0;0;0;26;1;0.9714285714285715
Sphere;`*` float operator;0;1;1;0;0;1;0;0;0;1;0;0;1;0;0;0;0;0;0;0;0;26;1;0.9854545454545456
Sphere;Atomic Data Types;0;1;1;0;0;1;0;0;0;1;0;0;1;0;0;0;0;0;0;0;0;26;0;1e-08
Sphere;Subtraction;0;1;1;0;0;1;0;0;0;1;0;0;1;0;0;0;0;0;0;0;0;26;0;1e-08
Sphere;Type Casting;0;1;1;0;0;1;0;0;0;1;0;0;1;0;0;0;0;0;0;0;0;26;0;1e-08
Sphere;`not` operator;0;1;1;0;0;1;0;0;0;1;0;0;1;0;0;0;0;0;0;0;0;26;1;0.8
Sphere;String Slicing;0;1;1;0;0;1;0;0;0;1;0;0;1;0;0;0;0;0;0;0;0;26;1;0.9862068965517241
Sphere;`and` operator;0;1;1;0;0;1;0;0;0;1;0;0;1;0;0;0;0;0;0;0;0;26;1;0.8
Sphere;`/=` integer operator;0;1;1;0;0;1;0;0;0;1;0;0;1;0;0;0;0;0;0;0;0;26;1;0.8
Sphere;Multiplication;0;1;1;0;0;1;0;0;0;1;0;0;1;0;0;0;0;0;0;0;0;26;0;1e-08
Sphere;`*` integer operator;0;1;1;0;0;1;0;0;0;1;0;0;1;0;0;0;0;0;0;0;0;26;1;0.9880597014925374
Sphere;`input()` function;0;1;1;0;0;1;0;0;0;1;0;0;1;0;0;0;0;0;0;0;0;26;1;0.9813953488372094
Sphere;`return` keyword;0;1;1;0;0;1;0;0;0;1;0;0;1;0;0;0;0;0;0;0;0;26;1;0.9854545454545456
Sphere;Indexing;0;1;1;0;0;1;0;0;0;1;0;0;1;0;0;0;0;0;0;0;0;26;0;1e-08
Sphere;Ordered Data Structures;0;1;1;0;0;1;0;0;0;1;0;0;1;0;0;0;0;0;0;0;0;26;0;1e-08
Sphere;`+` integer operator;0;1;1;0;0;1;0;0;0;1;0;0;1;0;0;0;0;0;0;0;0;26;1;0.9880597014925374
Sphere;Formatted Strings;0;1;1;0;0;1;0;0;0;1;0;0;1;0;0;0;0;0;0;0;0;26;1;0.9880597014925374
Sphere;Division;0;1;1;0;0;1;0;0;0;1;0;0;1;0;0;0;0;0;0;0;0;26;0;1e-08
Sphere;`if` keyword;0;1;1;0;0;1;0;0;0;1;0;0;1;0;0;0;0;0;0;0;0;26;1;0.9875
Sphere;Equality;0;1;1;0;0;1;0;0;0;1;0;0;1;0;0;0;0;0;0;0;0;26;0;1e-08
Sphere;Strings;0;1;1;0;0;1;0;0;0;1;0;0;1;0;0;0;0;0;0;0;0;26;1;0.9880597014925374
Sphere;`==` integer operator;0;1;1;0;0;1;0;0;0;1;0;0;1;0;0;0;0;0;0;0;0;26;1;0.9854545454545456
Sphere;`-` integer operator;0;1;1;0;0;1;0;0;0;1;0;0;1;0;0;0;0;0;0;0;0;26;1;0.9880597014925374
Sphere;`!=` string operator;0;1;1;0;0;1;0;0;0;1;0;0;1;0;0;0;0;0;0;0;0;26;1;0.9813953488372094
Sphere;String Indexing;0;1;1;0;0;1;0;0;0;1;0;0;1;0;0;0;0;0;0;0;0;26;1;0.9862068965517241
Sphere;Operator Chaining;0;1;1;0;0;1;0;0;0;1;0;0;1;0;0;0;0;0;0;0;0;26;1;0.9854545454545456
Sphere;Comments;0;1;1;0;0;1;0;0;0;1;0;0;1;0;0;0;0;0;0;0;0;26;1;0.8857142857142859
Sphere;`/` float operator;0;1;1;0;0;1;0;0;0;1;0;0;1;0;0;0;0;0;0;0;0;26;1;0.8857142857142859
Sphere;`upper()` method;0;1;1;0;0;1;0;0;0;1;0;0;1;0;0;0;0;0;0;0;0;26;1;0.9862068965517241
Sphere;`try` keyword;0;1;1;0;0;1;0;0;0;1;0;0;1;0;0;0;0;0;0;0;0;26;0;1e-08
Sphere;`>` float operator;0;1;1;0;0;1;0;0;0;1;0;0;1;0;0;0;0;0;0;0;0;26;1;0.9854545454545456
Sphere;`==` string operator;0;1;1;0;0;1;0;0;0;1;0;0;1;0;0;0;0;0;0;0;0;26;1;0.9813953488372094
Sphere;`for` loops;0;1;1;0;0;1;0;0;0;1;0;0;1;0;0;0;0;0;0;0;0;26;0;1e-08
Sphere;`" "` constructor;0;1;1;0;0;1;0;0;0;1;0;0;1;0;0;0;0;0;0;0;0;26;1;0.9880597014925374
Sphere;`int()` function;0;1;1;0;0;1;0;0;0;1;0;0;1;0;0;0;0;0;0;0;0;26;1;0.9578947368421054
Sphere;`replace()` method;0;1;1;0;0;1;0;0;0;1;0;0;1;0;0;0;0;0;0;0;0;26;1;0.9813953488372094
Sphere;Integer Division;0;1;1;0;0;1;0;0;0;1;0;0;1;0;0;0;0;0;0;0;0;26;0;1e-08
Sphere;`%` integer operator;0;1;1;0;0;1;0;0;0;1;0;0;1;0;0;0;0;0;0;0;0;26;1;0.9714285714285715
Sphere;`print()` function;0;1;1;0;0;1;0;0;0;1;0;0;1;0;0;0;0;0;0;0;0;26;1;0.9813953488372094
Sphere;Order of Operations;0;1;1;0;0;1;0;0;0;1;0;0;1;0;0;0;0;0;0;0;0;26;1;0.9854545454545456
Sphere;`len()` string function;0;1;1;0;0;1;0;0;0;1;0;0;1;0;0;0;0;0;0;0;0;26;1;0.9813953488372094
Sphere;`<=` integer operator;0;1;1;0;0;1;0;0;0;1;0;0;1;0;0;0;0;0;0;0;0;26;1;0.8
Sphere;RAM functionality;0;1;1;0;0;1;0;0;0;1;0;0;1;0;0;0;0;0;0;0;0;26;1;0.8
Sphere;`>` string operator;0;1;1;0;0;1;0;0;0;1;0;0;1;0;0;0;0;0;0;0;0;26;1;0.9813953488372094
Sphere;`/=` float operator;0;1;1;0;0;1;0;0;0;1;0;0;1;0;0;0;0;0;0;0;0;26;1;0.8
Sphere;`-` float operator;0;1;1;0;0;1;0;0;0;1;0;0;1;0;0;0;0;0;0;0;0;26;1;0.9854545454545456
Sphere;`float()` function;0;1;1;0;0;1;0;0;0;1;0;0;1;0;0;0;0;0;0;0;0;26;1;0.9384615384615385
Sphere;Slicing;0;1;1;0;0;1;0;0;0;1;0;0;1;0;0;0;0;0;0;0;0;26;0;1e-08
Sphere;`=` operator;0;1;1;0;0;1;0;0;0;1;0;0;1;0;0;0;0;0;0;0;0;26;1;0.9880597014925374
Sphere;Modulus;0;1;1;0;0;1;0;0;0;1;0;0;1;0;0;0;0;0;0;0;0;26;0;1e-08
Sphere;`!=` integer operator;0;1;1;0;0;1;0;0;0;1;0;0;1;0;0;0;0;0;0;0;0;26;1;0.8
Sphere;`>` integer operator;0;1;1;0;0;1;0;0;0;1;0;0;1;0;0;0;0;0;0;0;0;26;1;0.9854545454545456
Sphere;`while` loops;0;1;1;0;0;1;0;0;0;1;0;0;1;0;0;0;0;0;0;0;0;26;1;0.9854545454545456
Sphere;Methods;0;1;1;0;0;1;0;0;0;1;0;0;1;0;0;0;0;0;0;0;0;26;0;1e-08
Sphere;`>=` float operator;0;1;1;0;0;1;0;0;0;1;0;0;1;0;0;0;0;0;0;0;0;26;1;0.8
Sphere;Machine Code;0;1;1;0;0;1;0;0;0;1;0;0;1;0;0;0;0;0;0;0;0;26;1;0.8
Sphere;Variables;0;1;1;0;0;1;0;0;0;1;0;0;1;0;0;0;0;0;0;0;0;26;1;0.9880597014925374
Sphere;Program Definition;0;1;1;0;0;1;0;0;0;1;0;0;1;0;0;0;0;0;0;0;0;26;1;0.8
Sphere;`//=` integer operator;0;1;1;0;0;1;0;0;0;1;0;0;1;0;0;0;0;0;0;0;0;26;1;0.9200000000000002
Sphere;`def` constructor;0;1;1;0;0;1;0;0;0;1;0;0;1;0;0;0;0;0;0;0;0;26;1;0.9854545454545456
Sphere;`capitalize()` method;0;1;1;0;0;1;0;0;0;1;0;0;1;0;0;0;0;0;0;0;0;26;1;0.9862068965517241
==::==::==
Question;81;0
Question;20;0
Question;5;0
Question;18;0
Question;8;0
Question;53;0
Question;84;0
Question;11;0
Question;83;0
Question;9;0
Question;93;0
Question;15;0
Question;82;0
Question;85;0
Question;91;0
Question;19;0
Question;79;0
Question;48;0
Question;17;0
Question;12;0
Question;90;0
Question;14;0
Question;13;0
Question;7;0
Answer;58;0
Answer;305;0
Answer;315;0
Answer;50;0
Answer;21;0
Answer;27;0
Answer;209;0
Answer;217;0
Answer;210;0
Answer;56;0
Answer;218;0
Answer;213;0
Answer;316;0
Answer;304;0
Answer;223;0
Answer;314;0
Answer;130;0
Answer;61;0
Answer;36;0
Answer;220;0
Answer;216;0
Answer;208;0
Answer;211;0
Answer;225;0
Answer;33;0
Answer;49;0
Answer;141;0
Answer;224;0
Answer;206;0
Answer;19;0
Answer;37;0
Answer;303;0
Answer;222;0
Answer;42;0
Answer;47;0
Answer;57;0
Answer;214;0
Answer;29;0
Answer;215;0
Answer;53;0
Answer;219;0
Answer;277;0
Answer;44;0
Answer;32;0
Answer;28;0
Answer;221;0
Answer;43;0
Answer;48;0
Answer;46;0
Answer;201;0
Answer;131;0
Answer;308;0
Answer;307;0
Answer;200;0
Answer;51;0
Answer;35;0
Answer;54;0
Answer;60;0
Answer;64;0
Answer;30;0
Answer;198;0
Answer;20;0
Answer;18;0
Answer;31;0
Answer;63;0
Answer;199;0
Answer;45;0
Answer;313;0
Answer;207;0
Answer;212;0
Answer;62;0
Answer;306;0
Answer;34;0
Answer;55;0
Answer;26;0
Answer;52;0
Answer;276;0
Answer;-1;0
Mis;`<` is `not >`;0;1;1;0;0;1;0;0;0;1;0;0;1;0;0;1;0;0;0;1;0;27;0
Mis;Backwards chaining;0;1;1;0;0;1;0;0;0;1;0;0;1;0;0;1;0;0;0;0;0;27;0
Mis;`print()` needs input;0;1;1;0;0;1;0;0;0;1;0;0;1;0;0;1;0;0;0;0;0;27;0
Mis;Blank last slice non-inclusive;0;1;1;0;0;1;0;0;0;1;0;0;1;0;0;1;0;0;0;0;0;27;0
Mis;Return frame bypass;0;1;1;0;0;1;0;0;0;1;0;0;1;0;0;1;0;0;0;0;0;27;0
Mis;Functions must have input;0;1;1;0;0;1;0;0;0;1;0;0;1;0;0;1;0;0;0;0;0;27;0
Mis;No Boolean literals;0;1;1;0;0;1;0;0;0;1;0;0;1;0;0;1;0;0;0;1;0;27;0
Mis;String equality isn't case sensitive;0;1;1;0;0;1;0;0;0;1;0;0;1;0;0;1;0;0;0;1;0;27;0
Mis;Single letter variables;0;1;1;0;0;1;0;0;0;1;0;0;1;0;0;1;0;0;0;0;0;27;0
Mis;`return` on `def` indentation level;0;1;1;0;0;1;0;0;0;1;0;0;1;0;0;1;0;0;0;1;0;27;0
Mis;Iterable repetition interleaves;0;1;1;0;0;1;0;0;0;1;0;0;1;0;0;1;0;0;0;0;0;27;0
Mis;Sequenced conditionals;0;1;1;0;0;1;0;0;0;1;0;0;1;0;0;1;0;0;0;1;0;27;0
Mis;`input()` includes newline;0;1;1;0;0;1;0;0;0;1;0;0;1;0;0;1;0;0;0;0;0;27;0
Mis;Concat with single element;0;1;1;0;0;1;0;0;0;1;0;0;1;0;0;1;0;0;0;0;0;27;0
Mis;Extending strings adds space;0;1;1;0;0;1;0;0;0;1;0;0;1;0;0;1;0;0;0;1;0;27;0
Mis;Variables cannot be assigned twice;0;1;1;0;0;1;0;0;0;1;0;0;1;0;0;1;0;0;0;1;0;27;0
Mis;No `and` on objects;0;1;1;0;0;1;0;0;0;1;0;0;1;0;0;1;0;0;0;0;0;27;0
Mis;`range()` only has one input;0;1;1;0;0;1;0;0;0;1;0;0;1;0;0;1;0;0;0;0;0;27;0
Mis;Linear Order of Operations;0;1;1;0;0;1;0;0;0;1;0;0;1;0;0;1;0;0;0;1;0;27;0
Mis;`%` percentage operator;0;1;1;0;0;1;0;0;0;1;0;0;1;0;0;1;0;0;0;0;0;27;0
Mis;`self` has no value;0;1;1;0;0;1;0;0;0;1;0;0;1;0;0;1;0;0;0;1;0;27;0
Mis;Characters are strings;0;1;1;0;0;1;0;0;0;1;0;0;1;0;0;1;0;0;0;0;0;27;0
Mis;Keyword functions;0;1;1;0;0;1;0;0;0;1;0;0;1;0;0;1;0;0;0;0;0;27;0
Mis;Floating point equality okay;0;1;1;0;0;1;0;0;0;1;0;0;1;0;0;1;0;0;0;1;0;27;0
Mis;Lazy assignment;0;1;1;0;0;1;0;0;0;1;0;0;1;0;0;1;0;0;0;0;0;27;0
Mis;Index -1 is start of list;0;1;1;0;0;1;0;0;0;1;0;0;1;0;0;1;0;0;0;1;0;27;0
Mis;No variable functions;0;1;1;0;0;1;0;0;0;1;0;0;1;0;0;1;0;0;0;1;0;27;0
Mis;Multi-line strings with `' '`;0;1;1;0;0;1;0;0;0;1;0;0;1;0;0;1;0;0;0;1;0;27;0
Mis;No variable methods;0;1;1;0;0;1;0;0;0;1;0;0;1;0;0;1;0;0;0;0;0;27;0
Mis;Iterable repeition multiplies by constant;0;1;1;0;0;1;0;0;0;1;0;0;1;0;0;1;0;0;0;0;0;27;0
Mis;String methods mutate;0;1;1;0;0;1;0;0;0;1;0;0;1;0;0;1;0;0;0;0;0;27;0
Mis;No short circuit;0;1;1;0;0;1;0;0;0;1;0;0;1;0;0;1;0;0;0;1;0;27;0
Mis;Slice exclusive of first index;0;1;1;0;0;1;0;0;0;1;0;0;1;0;0;1;0;0;0;0;0;27;0
Mis;`print()` non-terminating return;0;1;1;0;0;1;0;0;0;1;0;0;1;0;0;1;0;0;0;0;0;27;0
Mis;No floating point limit;0;1;1;0;0;1;0;0;0;1;0;0;1;0;0;1;0;0;0;1;0;27;0
Mis;`>` is `not <`;0;1;1;0;0;1;0;0;0;1;0;0;1;0;0;1;0;0;0;1;0;27;0
Mis;`try` without `except`;0;1;1;0;0;1;0;0;0;1;0;0;1;0;0;1;0;0;0;1;0;27;0
Mis;Inline Function Definition;0;1;1;0;0;1;0;0;0;1;0;0;1;0;0;1;0;0;0;1;0;27;0
Mis;`print()` no newline;0;1;1;0;0;1;0;0;0;1;0;0;1;0;0;1;0;0;0;0;0;27;0
Mis;`range()` starts at 1;0;1;1;0;0;1;0;0;0;1;0;0;1;0;0;1;0;0;0;1;0;27;0
Mis;Blank slice is empty;0;1;1;0;0;1;0;0;0;1;0;0;1;0;0;1;0;0;0;0;0;27;0
Mis;`-` works on strings;0;1;1;0;0;1;0;0;0;1;0;0;1;0;0;1;0;0;0;1;0;27;0
Mis;No constructor method chain;0;1;1;0;0;1;0;0;0;1;0;0;1;0;0;1;0;0;0;0;0;27;0
Mis;`#` is an operator;0;1;1;0;0;1;0;0;0;1;0;0;1;0;0;1;0;0;0;1;0;27;0
Mis;No escape sequences;0;1;1;0;0;1;0;0;0;1;0;0;1;0;0;1;0;0;0;0;0;27;0
Mis;Methods must have input;0;1;1;0;0;1;0;0;0;1;0;0;1;0;0;1;0;0;0;0;0;27;0
Mis;Assignment duplicates;0;1;1;0;0;1;0;0;0;1;0;0;1;0;0;1;0;0;0;0;0;27;0
Mis;`=` comparison;0;1;1;0;0;1;0;0;0;1;0;0;1;0;0;1;0;0;0;1;0;27;0
Mis;No tuple return;0;1;1;0;0;1;0;0;0;1;0;0;1;0;0;1;0;0;0;0;0;27;0
Mis;`for` is `while`;0;1;1;0;0;1;0;0;0;1;0;0;1;0;0;1;0;0;0;0;0;27;0
Mis;Curly brackets stay;0;1;1;0;0;1;0;0;0;1;0;0;1;0;0;1;0;0;0;0;0;27;0
Mis;`/` is modulus;0;1;1;0;0;1;0;0;0;1;0;0;1;0;0;1;0;0;0;1;0;27;0
Mis;No implicit void functions;0;1;1;0;0;1;0;0;0;1;0;0;1;0;0;1;0;0;0;0;0;27;0
Mis;Operators cannot be chained;0;1;1;0;0;1;0;0;0;1;0;0;1;0;0;1;0;0;0;1;0;27;0
Mis;Functions must return;0;1;1;0;0;1;0;0;0;1;0;0;1;0;0;1;0;0;0;0;0;27;0
Mis;No `not` on objects;0;1;1;0;0;1;0;0;0;1;0;0;1;0;0;1;0;0;0;0;0;27;0
Mis;Ternary Boolean return;0;1;1;0;0;1;0;0;0;1;0;0;1;0;0;1;0;0;0;0;0;27;0
Mis;`if` loop;0;1;1;0;0;1;0;0;0;1;0;0;1;0;0;1;0;0;0;1;0;27;0
Mis;`range()` includes the final value;0;1;1;0;0;1;0;0;0;1;0;0;1;0;0;1;0;0;0;0;0;27;0
Mis;Methods can have no arguments;0;1;1;0;0;1;0;0;0;1;0;0;1;0;0;1;0;0;0;0;0;27;0
Mis;No string constructor method chain;0;1;1;0;0;1;0;0;0;1;0;0;1;0;0;1;0;0;0;0;0;27;0
Mis;`return` continues;0;1;1;0;0;1;0;0;0;1;0;0;1;0;0;1;0;0;0;0;0;27;0
Mis;String equality not `==`;0;1;1;0;0;1;0;0;0;1;0;0;1;0;0;1;0;0;0;0;0;27;0
Mis;String repetition adds space;0;1;1;0;0;1;0;0;0;1;0;0;1;0;0;1;0;0;0;0;0;27;0
Mis;Automatic Integer Conversion;0;1;1;0;0;1;0;0;0;1;0;0;1;0;0;1;0;0;0;1;0;27;0
Mis;Slices include last value;0;1;1;0;0;1;0;0;0;1;0;0;1;0;0;1;0;0;0;0;0;27;0
Mis;Integers limit;0;1;1;0;0;1;0;0;0;1;0;0;1;0;0;1;0;0;0;1;0;27;0
Mis;Confused string assignment;0;1;1;0;0;1;0;0;0;1;0;0;1;0;0;1;0;0;0;0;0;27;0
Mis;Lowercase Booleans;0;1;1;0;0;1;0;0;0;1;0;0;1;0;0;1;0;0;0;0;0;27;0
Mis;`pass` is `continue`;0;1;1;0;0;1;0;0;0;1;0;0;1;0;0;1;0;0;0;1;0;27;0
Mis;`print()` returns;0;1;1;0;0;1;0;0;0;1;0;0;1;0;0;1;0;0;0;1;0;27;0
Mis;`print()` only accepts one input;0;1;1;0;0;1;0;0;0;1;0;0;1;0;0;1;0;0;0;0;0;27;0
Mis;Secondary memory data loss;0;1;1;0;0;1;0;0;0;1;0;0;1;0;0;1;0;0;0;1;0;27;0
Mis;Transitive Assignment;0;1;1;0;0;1;0;0;0;1;0;0;1;0;0;1;0;0;0;1;0;27;0
Mis;No literal return;0;1;1;0;0;1;0;0;0;1;0;0;1;0;0;1;0;0;0;0;0;27;0
Mis;`input()` return value;0;1;1;0;0;1;0;0;0;1;0;0;1;0;0;1;0;0;0;1;0;27;0
Mis;Floating point `range()`;0;1;1;0;0;1;0;0;0;1;0;0;1;0;0;1;0;0;0;0;0;27;0
Mis;No `or` on objects;0;1;1;0;0;1;0;0;0;1;0;0;1;0;0;1;0;0;0;0;0;27;0
Mis;`print()` always has a newline;0;1;1;0;0;1;0;0;0;1;0;0;1;0;0;1;0;0;0;0;0;27;0
Mis;`print()` only string;0;1;1;0;0;1;0;0;0;1;0;0;1;0;0;1;0;0;0;0;0;27;0
Mis;`/` is integer division;0;1;1;0;0;1;0;0;0;1;0;0;1;0;0;1;0;0;0;1;0;27;0
Mis;`input()` requires function input;0;1;1;0;0;1;0;0;0;1;0;0;1;0;0;1;0;0;0;0;0;27;0
Mis;No method chain;0;1;1;0;0;1;0;0;0;1;0;0;1;0;0;1;0;0;0;0;0;27;0
Mis;`int()` rounds up floats;0;1;1;0;0;1;0;0;0;1;0;0;1;0;0;1;0;0;0;1;0;27;0
Mis;Multi-line strings with `" "`;0;1;1;0;0;1;0;0;0;1;0;0;1;0;0;1;0;0;0;1;0;27;0
Mis;List concat vector addition;0;1;1;0;0;1;0;0;0;1;0;0;1;0;0;1;0;0;0;1;0;27;0
Mis;`/` works on strings;0;1;1;0;0;1;0;0;0;1;0;0;1;0;0;1;0;0;0;1;0;27;0
Mis;Strings are mutable;0;1;1;0;0;1;0;0;0;1;0;0;1;0;0;1;0;0;0;0;0;27;0
Mis;No loop termination;0;1;1;0;0;1;0;0;0;1;0;0;1;0;0;1;0;0;0;1;0;27;0
Mis;Conditional Boolean return;0;1;1;0;0;1;0;0;0;1;0;0;1;0;0;1;0;0;0;0;0;27;0
Mis;Slices require indices;0;1;1;0;0;1;0;0;0;1;0;0;1;0;0;1;0;0;0;1;0;27;0
Mis;Parenthesized return;0;1;1;0;0;1;0;0;0;1;0;0;1;0;0;1;0;0;0;0;0;27;0
Mis;`%` is division;0;1;1;0;0;1;0;0;0;1;0;0;1;0;0;1;0;0;0;0;0;27;0
Mis;Iterable repetition repeated constant multiplication;0;1;1;0;0;1;0;0;0;1;0;0;1;0;0;1;0;0;0;1;0;27;0
Mis;`//` divides;0;1;1;0;0;1;0;0;0;1;0;0;1;0;0;1;0;0;0;0;0;27;0
Mis;Cannot mix index sign in slice;0;1;1;0;0;1;0;0;0;1;0;0;1;0;0;1;0;0;0;0;0;27;0
Mis;`//` is modulus;0;1;1;0;0;1;0;0;0;1;0;0;1;0;0;1;0;0;0;0;0;27;0
Mis;Slice removes;0;1;1;0;0;1;0;0;0;1;0;0;1;0;0;1;0;0;0;0;0;27;0
Mis;No nesting loops;0;1;1;0;0;1;0;0;0;1;0;0;1;0;0;1;0;0;0;0;0;27;0
Mis;Literals don't have a data type;0;1;1;0;0;1;0;0;0;1;0;0;1;0;0;1;0;0;0;1;0;27;0
Mis;`%` is integer division;0;1;1;0;0;1;0;0;0;1;0;0;1;0;0;1;0;0;0;1;0;27;0
Mis;No formatted string;0;1;1;0;0;1;0;0;0;1;0;0;1;0;0;1;0;0;0;1;0;27;0
Mis;`for` stops before last element;0;1;1;0;0;1;0;0;0;1;0;0;1;0;0;1;0;0;0;1;0;27;0
Mis;`int()` rounds floats;0;1;1;0;0;1;0;0;0;1;0;0;1;0;0;1;0;0;0;0;0;27;0
Mis;Implied repetition over logical operator;0;1;1;0;0;1;0;0;0;1;0;0;1;0;0;1;0;0;0;0;0;27;0
Mis;`for` only with `range()`;0;1;1;0;0;1;0;0;0;1;0;0;1;0;0;1;0;0;0;0;0;27;0
Mis;`while` tests after loop;0;1;1;0;0;1;0;0;0;1;0;0;1;0;0;1;0;0;0;1;0;27;0
Mis;Multi-value return;0;1;1;0;0;1;0;0;0;1;0;0;1;0;0;1;0;0;0;0;0;27;0
Mis;Strings are not objects;0;1;1;0;0;1;0;0;0;1;0;0;1;0;0;1;0;0;0;1;0;27;0
Sphere;Floats;0;1;1;0;0;1;0;0;0;1;0;0;1;0;0;1;0;0;0;1;0;27;1;0.9898734177215192
Sphere;`+=` float operator;0;1;1;0;0;1;0;0;0;1;0;0;1;0;0;1;0;0;0;1;0;27;1;0.9898734177215192
Sphere;`+` integer operator;0;1;1;0;0;1;0;0;0;1;0;0;1;0;0;1;0;0;0;1;0;27;1;0.9898734177215192
Sphere;`+=` integer operator;0;1;1;0;0;1;0;0;0;1;0;0;1;0;0;1;0;0;0;1;0;27;1;0.9898734177215192
Sphere;`*=` float operator;0;1;1;0;0;1;0;0;0;1;0;0;1;0;0;1;0;0;0;1;0;27;1;0.9898734177215192
Sphere;Strings;0;1;1;0;0;1;0;0;0;1;0;0;1;0;0;1;0;0;0;1;0;27;1;0.9898734177215192
Sphere;`-` integer operator;0;1;1;0;0;1;0;0;0;1;0;0;1;0;0;1;0;0;0;1;0;27;1;0.9898734177215192
Sphere;`<=` float operator;0;1;1;0;0;1;0;0;0;1;0;0;1;0;0;1;0;0;0;1;0;27;1;0.9898734177215192
Sphere;Booleans;0;1;1;0;0;1;0;0;0;1;0;0;1;0;0;1;0;0;0;1;0;27;1;0.9898734177215192
Sphere;`/` float operator;0;1;1;0;0;1;0;0;0;1;0;0;1;0;0;1;0;0;0;1;0;27;1;0.9898734177215192
Sphere;Assignment;0;1;1;0;0;1;0;0;0;1;0;0;1;0;0;1;0;0;0;1;0;27;1;0.9898734177215192
Sphere;`-=` integer operator;0;1;1;0;0;1;0;0;0;1;0;0;1;0;0;1;0;0;0;1;0;27;1;0.9898734177215192
Sphere;`or` operator;0;1;1;0;0;1;0;0;0;1;0;0;1;0;0;1;0;0;0;1;0;27;1;0.9898734177215192
Sphere;`int()` function;0;1;1;0;0;1;0;0;0;1;0;0;1;0;0;1;0;0;0;1;0;27;1;0.9898734177215192
Sphere;`!=` float operator;0;1;1;0;0;1;0;0;0;1;0;0;1;0;0;1;0;0;0;1;0;27;1;0.9898734177215192
Sphere;`print()` function;0;1;1;0;0;1;0;0;0;1;0;0;1;0;0;1;0;0;0;1;0;27;1;0.9898734177215192
Sphere;Order of Operations;0;1;1;0;0;1;0;0;0;1;0;0;1;0;0;1;0;0;0;1;0;27;1;0.9898734177215192
Sphere;Automatic Conversion;0;1;1;0;0;1;0;0;0;1;0;0;1;0;0;1;0;0;0;1;0;27;1;0.9898734177215192
Sphere;`<=` integer operator;0;1;1;0;0;1;0;0;0;1;0;0;1;0;0;1;0;0;0;1;0;27;1;0.9898734177215192
Sphere;`+` float operator;0;1;1;0;0;1;0;0;0;1;0;0;1;0;0;1;0;0;0;1;0;27;1;0.9898734177215192
Sphere;`>=` integer operator;0;1;1;0;0;1;0;0;0;1;0;0;1;0;0;1;0;0;0;1;0;27;1;0.9898734177215192
Sphere;Self Assignment;0;1;1;0;0;1;0;0;0;1;0;0;1;0;0;1;0;0;0;1;0;27;1;0.9898734177215192
Sphere;`*=` integer operator;0;1;1;0;0;1;0;0;0;1;0;0;1;0;0;1;0;0;0;1;0;27;1;0.9898734177215192
Sphere;`/=` float operator;0;1;1;0;0;1;0;0;0;1;0;0;1;0;0;1;0;0;0;1;0;27;1;0.9898734177215192
Sphere;`/` integer operator;0;1;1;0;0;1;0;0;0;1;0;0;1;0;0;1;0;0;0;1;0;27;1;0.9898734177215192
Sphere;`-` float operator;0;1;1;0;0;1;0;0;0;1;0;0;1;0;0;1;0;0;0;1;0;27;1;0.9898734177215192
Sphere;`float()` function;0;1;1;0;0;1;0;0;0;1;0;0;1;0;0;1;0;0;0;1;0;27;1;0.9898734177215192
Sphere;Integers;0;1;1;0;0;1;0;0;0;1;0;0;1;0;0;1;0;0;0;1;0;27;1;0.9898734177215192
Sphere;`!=` integer operator;0;1;1;0;0;1;0;0;0;1;0;0;1;0;0;1;0;0;0;1;0;27;1;0.9898734177215192
Sphere;`=` operator;0;1;1;0;0;1;0;0;0;1;0;0;1;0;0;1;0;0;0;1;0;27;1;0.9898734177215192
Sphere;`-=` float operator;0;1;1;0;0;1;0;0;0;1;0;0;1;0;0;1;0;0;0;1;0;27;1;0.9898734177215192
Sphere;`*` float operator;0;1;1;0;0;1;0;0;0;1;0;0;1;0;0;1;0;0;0;1;0;27;1;0.9898734177215192
Sphere;`>=` float operator;0;1;1;0;0;1;0;0;0;1;0;0;1;0;0;1;0;0;0;1;0;27;1;0.9898734177215192
Sphere;`not` operator;0;1;1;0;0;1;0;0;0;1;0;0;1;0;0;1;0;0;0;1;0;27;1;0.9898734177215192
Sphere;Variables;0;1;1;0;0;1;0;0;0;1;0;0;1;0;0;1;0;0;0;1;0;27;1;0.9898734177215192
Sphere;`and` operator;0;1;1;0;0;1;0;0;0;1;0;0;1;0;0;1;0;0;0;1;0;27;1;0.9898734177215192
Sphere;`/=` integer operator;0;1;1;0;0;1;0;0;0;1;0;0;1;0;0;1;0;0;0;1;0;27;1;0.9898734177215192
Sphere;`*` integer operator;0;1;1;0;0;1;0;0;0;1;0;0;1;0;0;1;0;0;0;1;0;27;1;0.9898734177215192
Sphere;`input()` function;0;1;1;0;0;1;0;0;0;1;0;0;1;0;0;1;0;0;0;1;0;27;1;0.9898734177215192
Sphere;`<` float operator;0;1;1;0;0;1;0;0;0;1;0;0;1;0;0;1;0;0;0;1;0;27;1;0.9898734177215192
Sphere;`>` float operator;0;1;1;0;0;1;0;0;0;1;0;0;1;0;0;1;0;0;0;1;0;27;1;0.9898734177215192
Sphere;`==` integer operator;0;1;1;0;0;1;0;0;0;1;0;0;1;0;0;1;0;0;0;1;0;27;1;0.9898734177215192
Sphere;`<` integer operator;0;1;1;0;0;1;0;0;0;1;0;0;1;0;0;1;0;0;0;1;0;27;1;0.9898734177215192
Sphere;Floating point equality;0;1;1;0;0;1;0;0;0;1;0;0;1;0;0;1;0;0;0;1;0;27;1;0.9898734177215192
Sphere;Operator Chaining;0;1;1;0;0;1;0;0;0;1;0;0;1;0;0;1;0;0;0;1;0;27;1;0.9898734177215192
Sphere;`>` integer operator;0;1;1;0;0;1;0;0;0;1;0;0;1;0;0;1;0;0;0;1;0;27;1;0.9898734177215192
Sphere;`str()` function;0;1;1;0;0;1;0;0;0;1;0;0;1;0;0;1;0;0;0;0;0;27;1;0.9200000000000002
Sphere;Built-in Functions;0;1;1;0;0;1;0;0;0;1;0;0;1;0;0;1;0;0;0;0;0;27;0;1e-08
Sphere;Secondary Memory;0;1;1;0;0;1;0;0;0;1;0;0;1;0;0;1;0;0;0;0;0;27;1;0.8
Sphere;Conditionals;0;1;1;0;0;1;0;0;0;1;0;0;1;0;0;1;0;0;0;0;0;27;0;0.2
Sphere;Addition;0;1;1;0;0;1;0;0;0;1;0;0;1;0;0;1;0;0;0;0;0;27;0;1e-08
Sphere;Compilers;0;1;1;0;0;1;0;0;0;1;0;0;1;0;0;1;0;0;0;0;0;27;1;0.8
Sphere;`range()` function;0;1;1;0;0;1;0;0;0;1;0;0;1;0;0;1;0;0;0;0;0;27;0;1e-08
Sphere;`%=` integer operator;0;1;1;0;0;1;0;0;0;1;0;0;1;0;0;1;0;0;0;0;0;27;1;0.9200000000000002
Sphere;Interpreters;0;1;1;0;0;1;0;0;0;1;0;0;1;0;0;1;0;0;0;0;0;27;1;0.8
Sphere;`%` float operator;0;1;1;0;0;1;0;0;0;1;0;0;1;0;0;1;0;0;0;0;0;27;1;0.9200000000000002
Sphere;`elif` keyword;0;1;1;0;0;1;0;0;0;1;0;0;1;0;0;1;0;0;0;0;0;27;0;0.2
Sphere;`continue` keyword;0;1;1;0;0;1;0;0;0;1;0;0;1;0;0;1;0;0;0;0;0;27;0;1e-08
Sphere;`+` string operator;0;1;1;0;0;1;0;0;0;1;0;0;1;0;0;1;0;0;0;0;0;27;1;0.9880597014925374
Sphere;`lower()` method;0;1;1;0;0;1;0;0;0;1;0;0;1;0;0;1;0;0;0;0;0;27;1;0.9862068965517241
Sphere;`else` keyword;0;1;1;0;0;1;0;0;0;1;0;0;1;0;0;1;0;0;0;0;0;27;1;0.9875
Sphere;`<` string operator;0;1;1;0;0;1;0;0;0;1;0;0;1;0;0;1;0;0;0;0;0;27;1;0.9813953488372094
Sphere;Comparison;0;1;1;0;0;1;0;0;0;1;0;0;1;0;0;1;0;0;0;0;0;27;0;1e-08
Sphere;`type()` function;0;1;1;0;0;1;0;0;0;1;0;0;1;0;0;1;0;0;0;0;0;27;1;0.9714285714285715
Sphere;Functions;0;1;1;0;0;1;0;0;0;1;0;0;1;0;0;1;0;0;0;0;0;27;1;0.9854545454545456
Sphere;Contracted `if`;0;1;1;0;0;1;0;0;0;1;0;0;1;0;0;1;0;0;0;0;0;27;0;0.2
Sphere;`break` keyword;0;1;1;0;0;1;0;0;0;1;0;0;1;0;0;1;0;0;0;0;0;27;0;1e-08
Sphere;CPU functionality;0;1;1;0;0;1;0;0;0;1;0;0;1;0;0;1;0;0;0;0;0;27;1;0.8
Sphere;`//` float operator;0;1;1;0;0;1;0;0;0;1;0;0;1;0;0;1;0;0;0;0;0;27;1;0.9200000000000002
Sphere;`' '` constructor;0;1;1;0;0;1;0;0;0;1;0;0;1;0;0;1;0;0;0;0;0;27;1;0.9880597014925374
Sphere;`""" """` constructor;0;1;1;0;0;1;0;0;0;1;0;0;1;0;0;1;0;0;0;0;0;27;1;0.9813953488372094
Sphere;`join()` method;0;1;1;0;0;1;0;0;0;1;0;0;1;0;0;1;0;0;0;0;0;27;1;0.9862068965517241
Sphere;Repetition;0;1;1;0;0;1;0;0;0;1;0;0;1;0;0;1;0;0;0;0;0;27;0;1e-08
Sphere;`//=` float operator;0;1;1;0;0;1;0;0;0;1;0;0;1;0;0;1;0;0;0;0;0;27;1;0.9200000000000002
Sphere;Control Flow;0;1;1;0;0;1;0;0;0;1;0;0;1;0;0;1;0;0;0;0;0;27;0;1e-08
Sphere;Loops;0;1;1;0;0;1;0;0;0;1;0;0;1;0;0;1;0;0;0;0;0;27;0;1e-08
Sphere;`%=` float operator;0;1;1;0;0;1;0;0;0;1;0;0;1;0;0;1;0;0;0;0;0;27;1;0.9200000000000002
Sphere;Concatenation;0;1;1;0;0;1;0;0;0;1;0;0;1;0;0;1;0;0;0;0;0;27;0;1e-08
Sphere;`*` string operator;0;1;1;0;0;1;0;0;0;1;0;0;1;0;0;1;0;0;0;0;0;27;1;0.9880597014925374
Sphere;`//` integer operator;0;1;1;0;0;1;0;0;0;1;0;0;1;0;0;1;0;0;0;0;0;27;1;0.9714285714285715
Sphere;Atomic Data Types;0;1;1;0;0;1;0;0;0;1;0;0;1;0;0;1;0;0;0;0;0;27;0;1e-08
Sphere;Subtraction;0;1;1;0;0;1;0;0;0;1;0;0;1;0;0;1;0;0;0;0;0;27;0;1e-08
Sphere;Type Casting;0;1;1;0;0;1;0;0;0;1;0;0;1;0;0;1;0;0;0;0;0;27;0;1e-08
Sphere;String Slicing;0;1;1;0;0;1;0;0;0;1;0;0;1;0;0;1;0;0;0;0;0;27;1;0.9862068965517241
Sphere;Multiplication;0;1;1;0;0;1;0;0;0;1;0;0;1;0;0;1;0;0;0;0;0;27;0;1e-08
Sphere;`return` keyword;0;1;1;0;0;1;0;0;0;1;0;0;1;0;0;1;0;0;0;0;0;27;1;0.9854545454545456
Sphere;Indexing;0;1;1;0;0;1;0;0;0;1;0;0;1;0;0;1;0;0;0;0;0;27;0;1e-08
Sphere;Ordered Data Structures;0;1;1;0;0;1;0;0;0;1;0;0;1;0;0;1;0;0;0;0;0;27;0;1e-08
Sphere;Formatted Strings;0;1;1;0;0;1;0;0;0;1;0;0;1;0;0;1;0;0;0;0;0;27;1;0.9880597014925374
Sphere;Division;0;1;1;0;0;1;0;0;0;1;0;0;1;0;0;1;0;0;0;0;0;27;0;1e-08
Sphere;`if` keyword;0;1;1;0;0;1;0;0;0;1;0;0;1;0;0;1;0;0;0;0;0;27;1;0.9875
Sphere;Equality;0;1;1;0;0;1;0;0;0;1;0;0;1;0;0;1;0;0;0;0;0;27;0;1e-08
Sphere;`!=` string operator;0;1;1;0;0;1;0;0;0;1;0;0;1;0;0;1;0;0;0;0;0;27;1;0.9813953488372094
Sphere;String Indexing;0;1;1;0;0;1;0;0;0;1;0;0;1;0;0;1;0;0;0;0;0;27;1;0.9862068965517241
Sphere;Comments;0;1;1;0;0;1;0;0;0;1;0;0;1;0;0;1;0;0;0;0;0;27;1;0.8857142857142859
Sphere;`upper()` method;0;1;1;0;0;1;0;0;0;1;0;0;1;0;0;1;0;0;0;0;0;27;1;0.9862068965517241
Sphere;`try` keyword;0;1;1;0;0;1;0;0;0;1;0;0;1;0;0;1;0;0;0;0;0;27;0;1e-08
Sphere;`==` string operator;0;1;1;0;0;1;0;0;0;1;0;0;1;0;0;1;0;0;0;0;0;27;1;0.9813953488372094
Sphere;`for` loops;0;1;1;0;0;1;0;0;0;1;0;0;1;0;0;1;0;0;0;0;0;27;0;1e-08
Sphere;`" "` constructor;0;1;1;0;0;1;0;0;0;1;0;0;1;0;0;1;0;0;0;0;0;27;1;0.9880597014925374
Sphere;`replace()` method;0;1;1;0;0;1;0;0;0;1;0;0;1;0;0;1;0;0;0;0;0;27;1;0.9813953488372094
Sphere;Integer Division;0;1;1;0;0;1;0;0;0;1;0;0;1;0;0;1;0;0;0;0;0;27;0;1e-08
Sphere;`%` integer operator;0;1;1;0;0;1;0;0;0;1;0;0;1;0;0;1;0;0;0;0;0;27;1;0.9714285714285715
Sphere;`len()` string function;0;1;1;0;0;1;0;0;0;1;0;0;1;0;0;1;0;0;0;0;0;27;1;0.9813953488372094
Sphere;RAM functionality;0;1;1;0;0;1;0;0;0;1;0;0;1;0;0;1;0;0;0;0;0;27;1;0.8
Sphere;`>` string operator;0;1;1;0;0;1;0;0;0;1;0;0;1;0;0;1;0;0;0;0;0;27;1;0.9813953488372094
Sphere;Slicing;0;1;1;0;0;1;0;0;0;1;0;0;1;0;0;1;0;0;0;0;0;27;0;1e-08
Sphere;Modulus;0;1;1;0;0;1;0;0;0;1;0;0;1;0;0;1;0;0;0;0;0;27;0;1e-08
Sphere;`while` loops;0;1;1;0;0;1;0;0;0;1;0;0;1;0;0;1;0;0;0;0;0;27;1;0.9854545454545456
Sphere;Methods;0;1;1;0;0;1;0;0;0;1;0;0;1;0;0;1;0;0;0;0;0;27;0;1e-08
Sphere;Machine Code;0;1;1;0;0;1;0;0;0;1;0;0;1;0;0;1;0;0;0;0;0;27;1;0.8
Sphere;Program Definition;0;1;1;0;0;1;0;0;0;1;0;0;1;0;0;1;0;0;0;0;0;27;1;0.8
Sphere;`//=` integer operator;0;1;1;0;0;1;0;0;0;1;0;0;1;0;0;1;0;0;0;0;0;27;1;0.9200000000000002
Sphere;`def` constructor;0;1;1;0;0;1;0;0;0;1;0;0;1;0;0;1;0;0;0;0;0;27;1;0.9854545454545456
Sphere;`capitalize()` method;0;1;1;0;0;1;0;0;0;1;0;0;1;0;0;1;0;0;0;0;0;27;1;0.9862068965517241
==::==::==
Question;81;0
Question;20;0
Question;5;0
Question;18;1
Question;8;0
Question;53;0
Question;84;0
Question;11;0
Question;83;0
Question;9;0
Question;93;0
Question;15;0
Question;82;0
Question;85;0
Question;91;0
Question;19;0
Question;79;0
Question;48;0
Question;17;1
Question;12;0
Question;90;0
Question;14;0
Question;13;0
Question;7;0
Answer;58;0
Answer;305;0
Answer;315;0
Answer;50;0
Answer;21;0
Answer;27;0
Answer;209;0
Answer;217;0
Answer;210;0
Answer;56;0
Answer;218;0
Answer;213;0
Answer;316;0
Answer;304;0
Answer;223;0
Answer;314;0
Answer;130;0
Answer;61;1
Answer;36;0
Answer;220;0
Answer;216;0
Answer;208;0
Answer;211;0
Answer;225;0
Answer;33;0
Answer;49;0
Answer;141;0
Answer;224;0
Answer;206;0
Answer;19;0
Answer;37;0
Answer;303;0
Answer;222;0
Answer;42;0
Answer;47;0
Answer;57;0
Answer;214;0
Answer;29;0
Answer;215;0
Answer;53;0
Answer;219;0
Answer;277;0
Answer;44;0
Answer;32;0
Answer;28;0
Answer;221;0
Answer;43;0
Answer;48;0
Answer;46;0
Answer;201;0
Answer;131;0
Answer;308;0
Answer;307;0
Answer;200;0
Answer;51;0
Answer;35;0
Answer;54;0
Answer;60;1
Answer;64;0
Answer;30;0
Answer;198;0
Answer;20;0
Answer;18;0
Answer;31;0
Answer;63;0
Answer;199;0
Answer;45;0
Answer;313;0
Answer;207;0
Answer;212;0
Answer;62;0
Answer;306;0
Answer;34;0
Answer;55;0
Answer;26;0
Answer;52;0
Answer;276;0
Answer;-1;0
Mis;`<` is `not >`;0;1;1;0;0;1;0;0;0;1;0;0;1;0;0;0;0;1;0;1;0;28;0
Mis;Backwards chaining;0;1;1;0;0;1;0;0;0;1;0;0;1;0;0;0;0;1;0;0;0;28;0
Mis;`print()` needs input;0;1;1;0;0;1;0;0;0;1;0;0;1;0;0;0;0;1;0;0;0;28;0
Mis;Blank last slice non-inclusive;0;1;1;0;0;1;0;0;0;1;0;0;1;0;0;0;0;1;0;0;0;28;0
Mis;Return frame bypass;0;1;1;0;0;1;0;0;0;1;0;0;1;0;0;0;0;1;0;0;0;28;0
Mis;Functions must have input;0;1;1;0;0;1;0;0;0;1;0;0;1;0;0;0;0;1;0;0;0;28;0
Mis;No Boolean literals;0;1;1;0;0;1;0;0;0;1;0;0;1;0;0;0;0;1;0;1;0;28;0
Mis;String equality isn't case sensitive;0;1;1;0;0;1;0;0;0;1;0;0;1;0;0;0;0;1;0;1;0;28;0
Mis;Single letter variables;0;1;1;0;0;1;0;0;0;1;0;0;1;0;0;0;0;1;0;0;0;28;0
Mis;`return` on `def` indentation level;0;1;1;0;0;1;0;0;0;1;0;0;1;0;0;0;0;1;0;1;0;28;0
Mis;Iterable repetition interleaves;0;1;1;0;0;1;0;0;0;1;0;0;1;0;0;0;0;1;0;0;0;28;0
Mis;Sequenced conditionals;0;1;1;0;0;1;0;0;0;1;0;0;1;0;0;0;0;1;0;1;0;28;0
Mis;`input()` includes newline;0;1;1;0;0;1;0;0;0;1;0;0;1;0;0;0;0;1;0;0;0;28;0
Mis;Concat with single element;0;1;1;0;0;1;0;0;0;1;0;0;1;0;0;0;0;1;0;0;0;28;0
Mis;Extending strings adds space;0;1;1;0;0;1;0;0;0;1;0;0;1;0;0;0;0;1;0;1;0;28;0
Mis;Variables cannot be assigned twice;0;1;1;0;0;1;0;0;0;1;0;0;1;0;0;0;0;1;0;1;0;28;0
Mis;No `and` on objects;0;1;1;0;0;1;0;0;0;1;0;0;1;0;0;0;0;1;0;0;0;28;0
Mis;`range()` only has one input;0;1;1;0;0;1;0;0;0;1;0;0;1;0;0;0;0;1;0;0;0;28;0
Mis;Linear Order of Operations;0;1;1;0;0;1;0;0;0;1;0;0;1;0;0;0;0;1;0;1;0;28;0
Mis;`%` percentage operator;0;1;1;0;0;1;0;0;0;1;0;0;1;0;0;0;0;1;0;0;0;28;0
Mis;`self` has no value;0;1;1;0;0;1;0;0;0;1;0;0;1;0;0;0;0;1;0;1;0;28;0
Mis;Characters are strings;0;1;1;0;0;1;0;0;0;1;0;0;1;0;0;0;0;1;0;0;0;28;0
Mis;Keyword functions;0;1;1;0;0;1;0;0;0;1;0;0;1;0;0;0;0;1;0;0;0;28;0
Mis;Floating point equality okay;0;1;1;0;0;1;0;0;0;1;0;0;1;0;0;0;0;1;0;1;0;28;0
Mis;Lazy assignment;0;1;1;0;0;1;0;0;0;1;0;0;1;0;0;0;0;1;0;0;0;28;0
Mis;Index -1 is start of list;0;1;1;0;0;1;0;0;0;1;0;0;1;0;0;0;0;1;0;1;0;28;0
Mis;No variable functions;0;1;1;0;0;1;0;0;0;1;0;0;1;0;0;0;0;1;0;1;0;28;0
Mis;Multi-line strings with `' '`;0;1;1;0;0;1;0;0;0;1;0;0;1;0;0;0;0;1;0;1;0;28;0
Mis;No variable methods;0;1;1;0;0;1;0;0;0;1;0;0;1;0;0;0;0;1;0;0;0;28;0
Mis;Iterable repeition multiplies by constant;0;1;1;0;0;1;0;0;0;1;0;0;1;0;0;0;0;1;0;0;0;28;0
Mis;String methods mutate;0;1;1;0;0;1;0;0;0;1;0;0;1;0;0;0;0;1;0;0;0;28;0
Mis;No short circuit;0;1;1;0;0;1;0;0;0;1;0;0;1;0;0;0;0;1;0;1;0;28;0
Mis;Slice exclusive of first index;0;1;1;0;0;1;0;0;0;1;0;0;1;0;0;0;0;1;0;0;0;28;0
Mis;`print()` non-terminating return;0;1;1;0;0;1;0;0;0;1;0;0;1;0;0;0;0;1;0;0;0;28;0
Mis;No floating point limit;0;1;1;0;0;1;0;0;0;1;0;0;1;0;0;0;0;1;0;1;0;28;0
Mis;`>` is `not <`;0;1;1;0;0;1;0;0;0;1;0;0;1;0;0;0;0;1;0;1;0;28;0
Mis;`try` without `except`;0;1;1;0;0;1;0;0;0;1;0;0;1;0;0;0;0;1;0;1;0;28;0
Mis;Inline Function Definition;0;1;1;0;0;1;0;0;0;1;0;0;1;0;0;0;0;1;0;1;0;28;0
Mis;`print()` no newline;0;1;1;0;0;1;0;0;0;1;0;0;1;0;0;0;0;1;0;0;0;28;0
Mis;`range()` starts at 1;0;1;1;0;0;1;0;0;0;1;0;0;1;0;0;0;0;1;0;1;0;28;0
Mis;Blank slice is empty;0;1;1;0;0;1;0;0;0;1;0;0;1;0;0;0;0;1;0;0;0;28;0
Mis;`-` works on strings;0;1;1;0;0;1;0;0;0;1;0;0;1;0;0;0;0;1;0;1;0;28;0
Mis;No constructor method chain;0;1;1;0;0;1;0;0;0;1;0;0;1;0;0;0;0;1;0;0;0;28;0
Mis;`#` is an operator;0;1;1;0;0;1;0;0;0;1;0;0;1;0;0;0;0;1;0;1;0;28;0
Mis;No escape sequences;0;1;1;0;0;1;0;0;0;1;0;0;1;0;0;0;0;1;0;0;0;28;0
Mis;Methods must have input;0;1;1;0;0;1;0;0;0;1;0;0;1;0;0;0;0;1;0;0;0;28;0
Mis;Assignment duplicates;0;1;1;0;0;1;0;0;0;1;0;0;1;0;0;0;0;1;0;0;0;28;0
Mis;`=` comparison;0;1;1;0;0;1;0;0;0;1;0;0;1;0;0;0;0;1;0;1;0;28;0
Mis;No tuple return;0;1;1;0;0;1;0;0;0;1;0;0;1;0;0;0;0;1;0;0;0;28;0
Mis;`for` is `while`;0;1;1;0;0;1;0;0;0;1;0;0;1;0;0;0;0;1;0;0;0;28;0
Mis;Curly brackets stay;0;1;1;0;0;1;0;0;0;1;0;0;1;0;0;0;0;1;0;0;0;28;0
Mis;`/` is modulus;0;1;1;0;0;1;0;0;0;1;0;0;1;0;0;0;0;1;0;1;0;28;0
Mis;No implicit void functions;0;1;1;0;0;1;0;0;0;1;0;0;1;0;0;0;0;1;0;0;0;28;0
Mis;Operators cannot be chained;0;1;1;0;0;1;0;0;0;1;0;0;1;0;0;0;0;1;0;1;0;28;0
Mis;Functions must return;0;1;1;0;0;1;0;0;0;1;0;0;1;0;0;0;0;1;0;0;0;28;0
Mis;No `not` on objects;0;1;1;0;0;1;0;0;0;1;0;0;1;0;0;0;0;1;0;0;0;28;0
Mis;Ternary Boolean return;0;1;1;0;0;1;0;0;0;1;0;0;1;0;0;0;0;1;0;0;0;28;0
Mis;`if` loop;0;1;1;0;0;1;0;0;0;1;0;0;1;0;0;0;0;1;0;1;0;28;0
Mis;`range()` includes the final value;0;1;1;0;0;1;0;0;0;1;0;0;1;0;0;0;0;1;0;0;0;28;0
Mis;Methods can have no arguments;0;1;1;0;0;1;0;0;0;1;0;0;1;0;0;0;0;1;0;0;0;28;0
Mis;No string constructor method chain;0;1;1;0;0;1;0;0;0;1;0;0;1;0;0;0;0;1;0;0;0;28;0
Mis;`return` continues;0;1;1;0;0;1;0;0;0;1;0;0;1;0;0;0;0;1;0;0;0;28;0
Mis;String equality not `==`;0;1;1;0;0;1;0;0;0;1;0;0;1;0;0;0;0;1;0;0;0;28;0
Mis;String repetition adds space;0;1;1;0;0;1;0;0;0;1;0;0;1;0;0;0;0;1;0;0;0;28;0
Mis;Automatic Integer Conversion;0;1;1;0;0;1;0;0;0;1;0;0;1;0;0;0;0;1;0;1;0;28;0
Mis;Slices include last value;0;1;1;0;0;1;0;0;0;1;0;0;1;0;0;0;0;1;0;0;0;28;0
Mis;Integers limit;0;1;1;0;0;1;0;0;0;1;0;0;1;0;0;0;0;1;0;1;0;28;0
Mis;Confused string assignment;0;1;1;0;0;1;0;0;0;1;0;0;1;0;0;0;0;1;0;0;0;28;0
Mis;Lowercase Booleans;0;1;1;0;0;1;0;0;0;1;0;0;1;0;0;0;0;1;0;0;0;28;0
Mis;`pass` is `continue`;0;1;1;0;0;1;0;0;0;1;0;0;1;0;0;0;0;1;0;1;0;28;0
Mis;`print()` returns;0;1;1;0;0;1;0;0;0;1;0;0;1;0;0;0;0;1;0;1;0;28;0
Mis;`print()` only accepts one input;0;1;1;0;0;1;0;0;0;1;0;0;1;0;0;0;0;1;0;0;0;28;0
Mis;Secondary memory data loss;0;1;1;0;0;1;0;0;0;1;0;0;1;0;0;0;0;1;0;1;0;28;0
Mis;Transitive Assignment;0;1;1;0;0;1;0;0;0;1;0;0;1;0;0;0;0;1;0;1;0;28;0
Mis;No literal return;0;1;1;0;0;1;0;0;0;1;0;0;1;0;0;0;0;1;0;0;0;28;0
Mis;`input()` return value;0;1;1;0;0;1;0;0;0;1;0;0;1;0;0;0;0;1;0;1;0;28;0
Mis;Floating point `range()`;0;1;1;0;0;1;0;0;0;1;0;0;1;0;0;0;0;1;0;0;0;28;0
Mis;No `or` on objects;0;1;1;0;0;1;0;0;0;1;0;0;1;0;0;0;0;1;0;0;0;28;0
Mis;`print()` always has a newline;0;1;1;0;0;1;0;0;0;1;0;0;1;0;0;0;0;1;0;0;0;28;0
Mis;`print()` only string;0;1;1;0;0;1;0;0;0;1;0;0;1;0;0;0;0;1;0;0;0;28;0
Mis;`/` is integer division;0;1;1;0;0;1;0;0;0;1;0;0;1;0;0;0;0;1;0;1;0;28;0
Mis;`input()` requires function input;0;1;1;0;0;1;0;0;0;1;0;0;1;0;0;0;0;1;0;0;0;28;0
Mis;No method chain;0;1;1;0;0;1;0;0;0;1;0;0;1;0;0;0;0;1;0;0;0;28;0
Mis;`int()` rounds up floats;0;1;1;0;0;1;0;0;0;1;0;0;1;0;0;0;0;1;0;1;0;28;0
Mis;Multi-line strings with `" "`;0;1;1;0;0;1;0;0;0;1;0;0;1;0;0;0;0;1;0;1;0;28;0
Mis;List concat vector addition;0;1;1;0;0;1;0;0;0;1;0;0;1;0;0;0;0;1;0;1;0;28;0
Mis;`/` works on strings;0;1;1;0;0;1;0;0;0;1;0;0;1;0;0;0;0;1;0;1;0;28;0
Mis;Strings are mutable;0;1;1;0;0;1;0;0;0;1;0;0;1;0;0;0;0;1;0;0;0;28;0
Mis;No loop termination;0;1;1;0;0;1;0;0;0;1;0;0;1;0;0;0;0;1;0;1;0;28;0
Mis;Conditional Boolean return;0;1;1;0;0;1;0;0;0;1;0;0;1;0;0;0;0;1;0;0;0;28;0
Mis;Slices require indices;0;1;1;0;0;1;0;0;0;1;0;0;1;0;0;0;0;1;0;1;0;28;0
Mis;Parenthesized return;0;1;1;0;0;1;0;0;0;1;0;0;1;0;0;0;0;1;0;0;0;28;0
Mis;`%` is division;0;1;1;0;0;1;0;0;0;1;0;0;1;0;0;0;0;1;0;0;0;28;0
Mis;Iterable repetition repeated constant multiplication;0;1;1;0;0;1;0;0;0;1;0;0;1;0;0;0;0;1;0;1;0;28;0
Mis;`//` divides;0;1;1;0;0;1;0;0;0;1;0;0;1;0;0;0;0;1;0;0;0;28;0
Mis;Cannot mix index sign in slice;0;1;1;0;0;1;0;0;0;1;0;0;1;0;0;0;0;1;0;0;0;28;0
Mis;`//` is modulus;0;1;1;0;0;1;0;0;0;1;0;0;1;0;0;0;0;1;0;0;0;28;0
Mis;Slice removes;0;1;1;0;0;1;0;0;0;1;0;0;1;0;0;0;0;1;0;0;0;28;0
Mis;No nesting loops;0;1;1;0;0;1;0;0;0;1;0;0;1;0;0;0;0;1;0;0;0;28;0
Mis;Literals don't have a data type;0;1;1;0;0;1;0;0;0;1;0;0;1;0;0;0;0;1;0;1;0;28;0
Mis;`%` is integer division;0;1;1;0;0;1;0;0;0;1;0;0;1;0;0;0;0;1;0;1;0;28;0
Mis;No formatted string;0;1;1;0;0;1;0;0;0;1;0;0;1;0;0;0;0;1;0;1;0;28;0
Mis;`for` stops before last element;0;1;1;0;0;1;0;0;0;1;0;0;1;0;0;0;0;1;0;1;0;28;0
Mis;`int()` rounds floats;0;1;1;0;0;1;0;0;0;1;0;0;1;0;0;0;0;1;0;0;0;28;0
Mis;Implied repetition over logical operator;0;1;1;0;0;1;0;0;0;1;0;0;1;0;0;0;0;1;0;0;0;28;0
Mis;`for` only with `range()`;0;1;1;0;0;1;0;0;0;1;0;0;1;0;0;0;0;1;0;0;0;28;0
Mis;`while` tests after loop;0;1;1;0;0;1;0;0;0;1;0;0;1;0;0;0;0;1;0;1;0;28;0
Mis;Multi-value return;0;1;1;0;0;1;0;0;0;1;0;0;1;0;0;0;0;1;0;0;0;28;0
Mis;Strings are not objects;0;1;1;0;0;1;0;0;0;1;0;0;1;0;0;0;0;1;0;1;0;28;0
Sphere;`+` string operator;0;1;1;0;0;1;0;0;0;1;0;0;1;0;0;0;0;1;0;1;1;28;1;0.9902439024390244
Sphere;`" "` constructor;0;1;1;0;0;1;0;0;0;1;0;0;1;0;0;0;0;1;0;1;1;28;1;0.9902439024390244
Sphere;`int()` function;0;1;1;0;0;1;0;0;0;1;0;0;1;0;0;0;0;1;0;1;1;28;1;0.9902439024390244
Sphere;`*` integer operator;0;1;1;0;0;1;0;0;0;1;0;0;1;0;0;0;0;1;0;1;1;28;1;0.9902439024390244
Sphere;`input()` function;0;1;1;0;0;1;0;0;0;1;0;0;1;0;0;0;0;1;0;1;1;28;1;0.9902439024390244
Sphere;`=` operator;0;1;1;0;0;1;0;0;0;1;0;0;1;0;0;0;0;1;0;1;1;28;1;0.9902439024390244
Sphere;`print()` function;0;1;1;0;0;1;0;0;0;1;0;0;1;0;0;0;0;1;0;1;1;28;1;0.9902439024390244
Sphere;Variables;0;1;1;0;0;1;0;0;0;1;0;0;1;0;0;0;0;1;0;1;1;28;1;0.9902439024390244
Sphere;Strings;0;1;1;0;0;1;0;0;0;1;0;0;1;0;0;0;0;1;0;1;1;28;1;0.9902439024390244
Sphere;Integers;0;1;1;0;0;1;0;0;0;1;0;0;1;0;0;0;0;1;0;1;1;28;1;0.9902439024390244
Sphere;Assignment;0;1;1;0;0;1;0;0;0;1;0;0;1;0;0;0;0;1;0;1;1;28;1;0.9902439024390244
Sphere;`str()` function;0;1;1;0;0;1;0;0;0;1;0;0;1;0;0;0;0;1;0;0;0;28;1;0.9200000000000002
Sphere;Floats;0;1;1;0;0;1;0;0;0;1;0;0;1;0;0;0;0;1;0;0;0;28;1;0.9898734177215192
Sphere;`+=` float operator;0;1;1;0;0;1;0;0;0;1;0;0;1;0;0;0;0;1;0;0;0;28;1;0.9898734177215192
Sphere;Built-in Functions;0;1;1;0;0;1;0;0;0;1;0;0;1;0;0;0;0;1;0;0;0;28;0;1e-08
Sphere;`+=` integer operator;0;1;1;0;0;1;0;0;0;1;0;0;1;0;0;0;0;1;0;0;0;28;1;0.9898734177215192
Sphere;Secondary Memory;0;1;1;0;0;1;0;0;0;1;0;0;1;0;0;0;0;1;0;0;0;28;1;0.8
Sphere;`*=` float operator;0;1;1;0;0;1;0;0;0;1;0;0;1;0;0;0;0;1;0;0;0;28;1;0.9898734177215192
Sphere;Conditionals;0;1;1;0;0;1;0;0;0;1;0;0;1;0;0;0;0;1;0;0;0;28;0;0.2
Sphere;Addition;0;1;1;0;0;1;0;0;0;1;0;0;1;0;0;0;0;1;0;0;0;28;0;1e-08
Sphere;Compilers;0;1;1;0;0;1;0;0;0;1;0;0;1;0;0;0;0;1;0;0;0;28;1;0.8
Sphere;`range()` function;0;1;1;0;0;1;0;0;0;1;0;0;1;0;0;0;0;1;0;0;0;28;0;1e-08
Sphere;`%=` integer operator;0;1;1;0;0;1;0;0;0;1;0;0;1;0;0;0;0;1;0;0;0;28;1;0.9200000000000002
Sphere;Interpreters;0;1;1;0;0;1;0;0;0;1;0;0;1;0;0;0;0;1;0;0;0;28;1;0.8
Sphere;Booleans;0;1;1;0;0;1;0;0;0;1;0;0;1;0;0;0;0;1;0;0;0;28;1;0.9898734177215192
Sphere;`%` float operator;0;1;1;0;0;1;0;0;0;1;0;0;1;0;0;0;0;1;0;0;0;28;1;0.9200000000000002
Sphere;`elif` keyword;0;1;1;0;0;1;0;0;0;1;0;0;1;0;0;0;0;1;0;0;0;28;0;0.2
Sphere;`<=` float operator;0;1;1;0;0;1;0;0;0;1;0;0;1;0;0;0;0;1;0;0;0;28;1;0.9898734177215192
Sphere;`<` float operator;0;1;1;0;0;1;0;0;0;1;0;0;1;0;0;0;0;1;0;0;0;28;1;0.9898734177215192
Sphere;`continue` keyword;0;1;1;0;0;1;0;0;0;1;0;0;1;0;0;0;0;1;0;0;0;28;0;1e-08
Sphere;`lower()` method;0;1;1;0;0;1;0;0;0;1;0;0;1;0;0;0;0;1;0;0;0;28;1;0.9862068965517241
Sphere;`else` keyword;0;1;1;0;0;1;0;0;0;1;0;0;1;0;0;0;0;1;0;0;0;28;1;0.9875
Sphere;`-=` integer operator;0;1;1;0;0;1;0;0;0;1;0;0;1;0;0;0;0;1;0;0;0;28;1;0.9898734177215192
Sphere;`or` operator;0;1;1;0;0;1;0;0;0;1;0;0;1;0;0;0;0;1;0;0;0;28;1;0.9898734177215192
Sphere;`!=` float operator;0;1;1;0;0;1;0;0;0;1;0;0;1;0;0;0;0;1;0;0;0;28;1;0.9898734177215192
Sphere;`<` string operator;0;1;1;0;0;1;0;0;0;1;0;0;1;0;0;0;0;1;0;0;0;28;1;0.9813953488372094
Sphere;`<` integer operator;0;1;1;0;0;1;0;0;0;1;0;0;1;0;0;0;0;1;0;0;0;28;1;0.9898734177215192
Sphere;Floating point equality;0;1;1;0;0;1;0;0;0;1;0;0;1;0;0;0;0;1;0;0;0;28;1;0.9898734177215192
Sphere;Comparison;0;1;1;0;0;1;0;0;0;1;0;0;1;0;0;0;0;1;0;0;0;28;0;1e-08
Sphere;`type()` function;0;1;1;0;0;1;0;0;0;1;0;0;1;0;0;0;0;1;0;0;0;28;1;0.9714285714285715
Sphere;Functions;0;1;1;0;0;1;0;0;0;1;0;0;1;0;0;0;0;1;0;0;0;28;1;0.9854545454545456
Sphere;Contracted `if`;0;1;1;0;0;1;0;0;0;1;0;0;1;0;0;0;0;1;0;0;0;28;0;0.2
Sphere;Automatic Conversion;0;1;1;0;0;1;0;0;0;1;0;0;1;0;0;0;0;1;0;0;0;28;1;0.9898734177215192
Sphere;`+` float operator;0;1;1;0;0;1;0;0;0;1;0;0;1;0;0;0;0;1;0;0;0;28;1;0.9898734177215192
Sphere;`>=` integer operator;0;1;1;0;0;1;0;0;0;1;0;0;1;0;0;0;0;1;0;0;0;28;1;0.9898734177215192
Sphere;`break` keyword;0;1;1;0;0;1;0;0;0;1;0;0;1;0;0;0;0;1;0;0;0;28;0;1e-08
Sphere;CPU functionality;0;1;1;0;0;1;0;0;0;1;0;0;1;0;0;0;0;1;0;0;0;28;1;0.8
Sphere;Self Assignment;0;1;1;0;0;1;0;0;0;1;0;0;1;0;0;0;0;1;0;0;0;28;1;0.9898734177215192
Sphere;`*=` integer operator;0;1;1;0;0;1;0;0;0;1;0;0;1;0;0;0;0;1;0;0;0;28;1;0.9898734177215192
Sphere;`//` float operator;0;1;1;0;0;1;0;0;0;1;0;0;1;0;0;0;0;1;0;0;0;28;1;0.9200000000000002
Sphere;`' '` constructor;0;1;1;0;0;1;0;0;0;1;0;0;1;0;0;0;0;1;0;0;0;28;1;0.9880597014925374
Sphere;`""" """` constructor;0;1;1;0;0;1;0;0;0;1;0;0;1;0;0;0;0;1;0;0;0;28;1;0.9813953488372094
Sphere;`join()` method;0;1;1;0;0;1;0;0;0;1;0;0;1;0;0;0;0;1;0;0;0;28;1;0.9862068965517241
Sphere;`/` integer operator;0;1;1;0;0;1;0;0;0;1;0;0;1;0;0;0;0;1;0;0;0;28;1;0.9898734177215192
Sphere;Repetition;0;1;1;0;0;1;0;0;0;1;0;0;1;0;0;0;0;1;0;0;0;28;0;1e-08
Sphere;`//=` float operator;0;1;1;0;0;1;0;0;0;1;0;0;1;0;0;0;0;1;0;0;0;28;1;0.9200000000000002
Sphere;Control Flow;0;1;1;0;0;1;0;0;0;1;0;0;1;0;0;0;0;1;0;0;0;28;0;1e-08
Sphere;Loops;0;1;1;0;0;1;0;0;0;1;0;0;1;0;0;0;0;1;0;0;0;28;0;1e-08
Sphere;`%=` float operator;0;1;1;0;0;1;0;0;0;1;0;0;1;0;0;0;0;1;0;0;0;28;1;0.9200000000000002
Sphere;Concatenation;0;1;1;0;0;1;0;0;0;1;0;0;1;0;0;0;0;1;0;0;0;28;0;1e-08
Sphere;`*` string operator;0;1;1;0;0;1;0;0;0;1;0;0;1;0;0;0;0;1;0;0;0;28;1;0.9880597014925374
Sphere;`-=` float operator;0;1;1;0;0;1;0;0;0;1;0;0;1;0;0;0;0;1;0;0;0;28;1;0.9898734177215192
Sphere;`//` integer operator;0;1;1;0;0;1;0;0;0;1;0;0;1;0;0;0;0;1;0;0;0;28;1;0.9714285714285715
Sphere;`*` float operator;0;1;1;0;0;1;0;0;0;1;0;0;1;0;0;0;0;1;0;0;0;28;1;0.9898734177215192
Sphere;Atomic Data Types;0;1;1;0;0;1;0;0;0;1;0;0;1;0;0;0;0;1;0;0;0;28;0;1e-08
Sphere;Subtraction;0;1;1;0;0;1;0;0;0;1;0;0;1;0;0;0;0;1;0;0;0;28;0;1e-08
Sphere;Type Casting;0;1;1;0;0;1;0;0;0;1;0;0;1;0;0;0;0;1;0;0;0;28;0;1e-08
Sphere;`not` operator;0;1;1;0;0;1;0;0;0;1;0;0;1;0;0;0;0;1;0;0;0;28;1;0.9898734177215192
Sphere;String Slicing;0;1;1;0;0;1;0;0;0;1;0;0;1;0;0;0;0;1;0;0;0;28;1;0.9862068965517241
Sphere;`and` operator;0;1;1;0;0;1;0;0;0;1;0;0;1;0;0;0;0;1;0;0;0;28;1;0.9898734177215192
Sphere;`/=` integer operator;0;1;1;0;0;1;0;0;0;1;0;0;1;0;0;0;0;1;0;0;0;28;1;0.9898734177215192
Sphere;Multiplication;0;1;1;0;0;1;0;0;0;1;0;0;1;0;0;0;0;1;0;0;0;28;0;1e-08
Sphere;`return` keyword;0;1;1;0;0;1;0;0;0;1;0;0;1;0;0;0;0;1;0;0;0;28;1;0.9854545454545456
Sphere;Indexing;0;1;1;0;0;1;0;0;0;1;0;0;1;0;0;0;0;1;0;0;0;28;0;1e-08
Sphere;Ordered Data Structures;0;1;1;0;0;1;0;0;0;1;0;0;1;0;0;0;0;1;0;0;0;28;0;1e-08
Sphere;`+` integer operator;0;1;1;0;0;1;0;0;0;1;0;0;1;0;0;0;0;1;0;0;0;28;1;0.9898734177215192
Sphere;Formatted Strings;0;1;1;0;0;1;0;0;0;1;0;0;1;0;0;0;0;1;0;0;0;28;1;0.9880597014925374
Sphere;Division;0;1;1;0;0;1;0;0;0;1;0;0;1;0;0;0;0;1;0;0;0;28;0;1e-08
Sphere;`if` keyword;0;1;1;0;0;1;0;0;0;1;0;0;1;0;0;0;0;1;0;0;0;28;1;0.9875
Sphere;Equality;0;1;1;0;0;1;0;0;0;1;0;0;1;0;0;0;0;1;0;0;0;28;0;1e-08
Sphere;`==` integer operator;0;1;1;0;0;1;0;0;0;1;0;0;1;0;0;0;0;1;0;0;0;28;1;0.9898734177215192
Sphere;`-` integer operator;0;1;1;0;0;1;0;0;0;1;0;0;1;0;0;0;0;1;0;0;0;28;1;0.9898734177215192
Sphere;`!=` string operator;0;1;1;0;0;1;0;0;0;1;0;0;1;0;0;0;0;1;0;0;0;28;1;0.9813953488372094
Sphere;String Indexing;0;1;1;0;0;1;0;0;0;1;0;0;1;0;0;0;0;1;0;0;0;28;1;0.9862068965517241
Sphere;Operator Chaining;0;1;1;0;0;1;0;0;0;1;0;0;1;0;0;0;0;1;0;0;0;28;1;0.9898734177215192
Sphere;Comments;0;1;1;0;0;1;0;0;0;1;0;0;1;0;0;0;0;1;0;0;0;28;1;0.8857142857142859
Sphere;`/` float operator;0;1;1;0;0;1;0;0;0;1;0;0;1;0;0;0;0;1;0;0;0;28;1;0.9898734177215192
Sphere;`upper()` method;0;1;1;0;0;1;0;0;0;1;0;0;1;0;0;0;0;1;0;0;0;28;1;0.9862068965517241
Sphere;`try` keyword;0;1;1;0;0;1;0;0;0;1;0;0;1;0;0;0;0;1;0;0;0;28;0;1e-08
Sphere;`>` float operator;0;1;1;0;0;1;0;0;0;1;0;0;1;0;0;0;0;1;0;0;0;28;1;0.9898734177215192
Sphere;`==` string operator;0;1;1;0;0;1;0;0;0;1;0;0;1;0;0;0;0;1;0;0;0;28;1;0.9813953488372094
Sphere;`for` loops;0;1;1;0;0;1;0;0;0;1;0;0;1;0;0;0;0;1;0;0;0;28;0;1e-08
Sphere;`replace()` method;0;1;1;0;0;1;0;0;0;1;0;0;1;0;0;0;0;1;0;0;0;28;1;0.9813953488372094
Sphere;Integer Division;0;1;1;0;0;1;0;0;0;1;0;0;1;0;0;0;0;1;0;0;0;28;0;1e-08
Sphere;`%` integer operator;0;1;1;0;0;1;0;0;0;1;0;0;1;0;0;0;0;1;0;0;0;28;1;0.9714285714285715
Sphere;Order of Operations;0;1;1;0;0;1;0;0;0;1;0;0;1;0;0;0;0;1;0;0;0;28;1;0.9898734177215192
Sphere;`len()` string function;0;1;1;0;0;1;0;0;0;1;0;0;1;0;0;0;0;1;0;0;0;28;1;0.9813953488372094
Sphere;`<=` integer operator;0;1;1;0;0;1;0;0;0;1;0;0;1;0;0;0;0;1;0;0;0;28;1;0.9898734177215192
Sphere;RAM functionality;0;1;1;0;0;1;0;0;0;1;0;0;1;0;0;0;0;1;0;0;0;28;1;0.8
Sphere;`>` string operator;0;1;1;0;0;1;0;0;0;1;0;0;1;0;0;0;0;1;0;0;0;28;1;0.9813953488372094
Sphere;`/=` float operator;0;1;1;0;0;1;0;0;0;1;0;0;1;0;0;0;0;1;0;0;0;28;1;0.9898734177215192
Sphere;`-` float operator;0;1;1;0;0;1;0;0;0;1;0;0;1;0;0;0;0;1;0;0;0;28;1;0.9898734177215192
Sphere;`float()` function;0;1;1;0;0;1;0;0;0;1;0;0;1;0;0;0;0;1;0;0;0;28;1;0.9898734177215192
Sphere;Slicing;0;1;1;0;0;1;0;0;0;1;0;0;1;0;0;0;0;1;0;0;0;28;0;1e-08
Sphere;Modulus;0;1;1;0;0;1;0;0;0;1;0;0;1;0;0;0;0;1;0;0;0;28;0;1e-08
Sphere;`!=` integer operator;0;1;1;0;0;1;0;0;0;1;0;0;1;0;0;0;0;1;0;0;0;28;1;0.9898734177215192
Sphere;`>` integer operator;0;1;1;0;0;1;0;0;0;1;0;0;1;0;0;0;0;1;0;0;0;28;1;0.9898734177215192
Sphere;`while` loops;0;1;1;0;0;1;0;0;0;1;0;0;1;0;0;0;0;1;0;0;0;28;1;0.9854545454545456
Sphere;Methods;0;1;1;0;0;1;0;0;0;1;0;0;1;0;0;0;0;1;0;0;0;28;0;1e-08
Sphere;`>=` float operator;0;1;1;0;0;1;0;0;0;1;0;0;1;0;0;0;0;1;0;0;0;28;1;0.9898734177215192
Sphere;Machine Code;0;1;1;0;0;1;0;0;0;1;0;0;1;0;0;0;0;1;0;0;0;28;1;0.8
Sphere;Program Definition;0;1;1;0;0;1;0;0;0;1;0;0;1;0;0;0;0;1;0;0;0;28;1;0.8
Sphere;`//=` integer operator;0;1;1;0;0;1;0;0;0;1;0;0;1;0;0;0;0;1;0;0;0;28;1;0.9200000000000002
Sphere;`def` constructor;0;1;1;0;0;1;0;0;0;1;0;0;1;0;0;0;0;1;0;0;0;28;1;0.9854545454545456
Sphere;`capitalize()` method;0;1;1;0;0;1;0;0;0;1;0;0;1;0;0;0;0;1;0;0;0;28;1;0.9862068965517241
==::==::==
Question;81;0
Question;20;0
Question;5;0
Question;18;1
Question;8;0
Question;53;0
Question;84;0
Question;11;0
Question;83;0
Question;9;0
Question;93;0
Question;15;0
Question;82;0
Question;85;0
Question;91;0
Question;19;0
Question;79;0
Question;48;0
Question;17;1
Question;12;0
Question;90;0
Question;14;0
Question;13;0
Question;7;0
Answer;58;0
Answer;305;0
Answer;315;0
Answer;50;0
Answer;21;0
Answer;27;0
Answer;209;0
Answer;217;0
Answer;210;0
Answer;56;0
Answer;218;0
Answer;213;0
Answer;316;0
Answer;304;0
Answer;223;0
Answer;314;0
Answer;130;0
Answer;61;1
Answer;36;0
Answer;220;0
Answer;216;0
Answer;208;0
Answer;211;0
Answer;225;0
Answer;33;0
Answer;49;0
Answer;141;0
Answer;224;0
Answer;206;0
Answer;19;0
Answer;37;0
Answer;303;0
Answer;222;0
Answer;42;0
Answer;47;0
Answer;57;0
Answer;214;0
Answer;29;0
Answer;215;0
Answer;53;0
Answer;219;0
Answer;277;0
Answer;44;0
Answer;32;0
Answer;28;0
Answer;221;0
Answer;43;0
Answer;48;0
Answer;46;0
Answer;201;0
Answer;131;0
Answer;308;0
Answer;307;0
Answer;200;0
Answer;51;0
Answer;35;0
Answer;54;0
Answer;60;1
Answer;64;0
Answer;30;0
Answer;198;0
Answer;20;0
Answer;18;0
Answer;31;0
Answer;63;0
Answer;199;0
Answer;45;0
Answer;313;0
Answer;207;0
Answer;212;0
Answer;62;0
Answer;306;0
Answer;34;0
Answer;55;0
Answer;26;0
Answer;52;0
Answer;276;0
Answer;-1;0
Mis;`<` is `not >`;0;1;1;0;0;1;0;0;0;1;0;0;1;0;0;0;0;1;0;1;0;29;0
Mis;Backwards chaining;0;1;1;0;0;1;0;0;0;1;0;0;1;0;0;0;0;1;0;0;0;29;0
Mis;`print()` needs input;0;1;1;0;0;1;0;0;0;1;0;0;1;0;0;0;0;1;0;0;0;29;0
Mis;Blank last slice non-inclusive;0;1;1;0;0;1;0;0;0;1;0;0;1;0;0;0;0;1;0;0;0;29;0
Mis;Return frame bypass;0;1;1;0;0;1;0;0;0;1;0;0;1;0;0;0;0;1;0;0;0;29;0
Mis;Functions must have input;0;1;1;0;0;1;0;0;0;1;0;0;1;0;0;0;0;1;0;0;0;29;0
Mis;No Boolean literals;0;1;1;0;0;1;0;0;0;1;0;0;1;0;0;0;0;1;0;1;0;29;0
Mis;String equality isn't case sensitive;0;1;1;0;0;1;0;0;0;1;0;0;1;0;0;0;0;1;0;1;0;29;0
Mis;Single letter variables;0;1;1;0;0;1;0;0;0;1;0;0;1;0;0;0;0;1;0;0;0;29;0
Mis;`return` on `def` indentation level;0;1;1;0;0;1;0;0;0;1;0;0;1;0;0;0;0;1;0;1;0;29;0
Mis;Iterable repetition interleaves;0;1;1;0;0;1;0;0;0;1;0;0;1;0;0;0;0;1;0;0;0;29;0
Mis;Sequenced conditionals;0;1;1;0;0;1;0;0;0;1;0;0;1;0;0;0;0;1;0;1;0;29;0
Mis;`input()` includes newline;0;1;1;0;0;1;0;0;0;1;0;0;1;0;0;0;0;1;0;0;0;29;0
Mis;Concat with single element;0;1;1;0;0;1;0;0;0;1;0;0;1;0;0;0;0;1;0;0;0;29;0
Mis;Extending strings adds space;0;1;1;0;0;1;0;0;0;1;0;0;1;0;0;0;0;1;0;1;0;29;0
Mis;Variables cannot be assigned twice;0;1;1;0;0;1;0;0;0;1;0;0;1;0;0;0;0;1;0;1;0;29;0
Mis;No `and` on objects;0;1;1;0;0;1;0;0;0;1;0;0;1;0;0;0;0;1;0;0;0;29;0
Mis;`range()` only has one input;0;1;1;0;0;1;0;0;0;1;0;0;1;0;0;0;0;1;0;0;0;29;0
Mis;Linear Order of Operations;0;1;1;0;0;1;0;0;0;1;0;0;1;0;0;0;0;1;0;1;0;29;0
Mis;`%` percentage operator;0;1;1;0;0;1;0;0;0;1;0;0;1;0;0;0;0;1;0;0;0;29;0
Mis;`self` has no value;0;1;1;0;0;1;0;0;0;1;0;0;1;0;0;0;0;1;0;1;0;29;0
Mis;Characters are strings;0;1;1;0;0;1;0;0;0;1;0;0;1;0;0;0;0;1;0;0;0;29;0
Mis;Keyword functions;0;1;1;0;0;1;0;0;0;1;0;0;1;0;0;0;0;1;0;0;0;29;0
Mis;Floating point equality okay;0;1;1;0;0;1;0;0;0;1;0;0;1;0;0;0;0;1;0;1;0;29;0
Mis;Lazy assignment;0;1;1;0;0;1;0;0;0;1;0;0;1;0;0;0;0;1;0;0;0;29;0
Mis;Index -1 is start of list;0;1;1;0;0;1;0;0;0;1;0;0;1;0;0;0;0;1;0;1;0;29;0
Mis;No variable functions;0;1;1;0;0;1;0;0;0;1;0;0;1;0;0;0;0;1;0;1;0;29;0
Mis;Multi-line strings with `' '`;0;1;1;0;0;1;0;0;0;1;0;0;1;0;0;0;0;1;0;1;0;29;0
Mis;No variable methods;0;1;1;0;0;1;0;0;0;1;0;0;1;0;0;0;0;1;0;0;0;29;0
Mis;Iterable repeition multiplies by constant;0;1;1;0;0;1;0;0;0;1;0;0;1;0;0;0;0;1;0;0;0;29;0
Mis;String methods mutate;0;1;1;0;0;1;0;0;0;1;0;0;1;0;0;0;0;1;0;0;0;29;0
Mis;No short circuit;0;1;1;0;0;1;0;0;0;1;0;0;1;0;0;0;0;1;0;1;0;29;0
Mis;Slice exclusive of first index;0;1;1;0;0;1;0;0;0;1;0;0;1;0;0;0;0;1;0;0;0;29;0
Mis;`print()` non-terminating return;0;1;1;0;0;1;0;0;0;1;0;0;1;0;0;0;0;1;0;0;0;29;0
Mis;No floating point limit;0;1;1;0;0;1;0;0;0;1;0;0;1;0;0;0;0;1;0;1;0;29;0
Mis;`>` is `not <`;0;1;1;0;0;1;0;0;0;1;0;0;1;0;0;0;0;1;0;1;0;29;0
Mis;`try` without `except`;0;1;1;0;0;1;0;0;0;1;0;0;1;0;0;0;0;1;0;1;0;29;0
Mis;Inline Function Definition;0;1;1;0;0;1;0;0;0;1;0;0;1;0;0;0;0;1;0;1;0;29;0
Mis;`print()` no newline;0;1;1;0;0;1;0;0;0;1;0;0;1;0;0;0;0;1;0;0;0;29;0
Mis;`range()` starts at 1;0;1;1;0;0;1;0;0;0;1;0;0;1;0;0;0;0;1;0;1;0;29;0
Mis;Blank slice is empty;0;1;1;0;0;1;0;0;0;1;0;0;1;0;0;0;0;1;0;0;0;29;0
Mis;`-` works on strings;0;1;1;0;0;1;0;0;0;1;0;0;1;0;0;0;0;1;0;1;0;29;0
Mis;No constructor method chain;0;1;1;0;0;1;0;0;0;1;0;0;1;0;0;0;0;1;0;0;0;29;0
Mis;`#` is an operator;0;1;1;0;0;1;0;0;0;1;0;0;1;0;0;0;0;1;0;1;0;29;0
Mis;No escape sequences;0;1;1;0;0;1;0;0;0;1;0;0;1;0;0;0;0;1;0;0;0;29;0
Mis;Methods must have input;0;1;1;0;0;1;0;0;0;1;0;0;1;0;0;0;0;1;0;0;0;29;0
Mis;Assignment duplicates;0;1;1;0;0;1;0;0;0;1;0;0;1;0;0;0;0;1;0;0;0;29;0
Mis;`=` comparison;0;1;1;0;0;1;0;0;0;1;0;0;1;0;0;0;0;1;0;1;0;29;0
Mis;No tuple return;0;1;1;0;0;1;0;0;0;1;0;0;1;0;0;0;0;1;0;0;0;29;0
Mis;`for` is `while`;0;1;1;0;0;1;0;0;0;1;0;0;1;0;0;0;0;1;0;0;0;29;0
Mis;Curly brackets stay;0;1;1;0;0;1;0;0;0;1;0;0;1;0;0;0;0;1;0;0;0;29;0
Mis;`/` is modulus;0;1;1;0;0;1;0;0;0;1;0;0;1;0;0;0;0;1;0;1;0;29;0
Mis;No implicit void functions;0;1;1;0;0;1;0;0;0;1;0;0;1;0;0;0;0;1;0;0;0;29;0
Mis;Operators cannot be chained;0;1;1;0;0;1;0;0;0;1;0;0;1;0;0;0;0;1;0;1;0;29;0
Mis;Functions must return;0;1;1;0;0;1;0;0;0;1;0;0;1;0;0;0;0;1;0;0;0;29;0
Mis;No `not` on objects;0;1;1;0;0;1;0;0;0;1;0;0;1;0;0;0;0;1;0;0;0;29;0
Mis;Ternary Boolean return;0;1;1;0;0;1;0;0;0;1;0;0;1;0;0;0;0;1;0;0;0;29;0
Mis;`if` loop;0;1;1;0;0;1;0;0;0;1;0;0;1;0;0;0;0;1;0;1;0;29;0
Mis;`range()` includes the final value;0;1;1;0;0;1;0;0;0;1;0;0;1;0;0;0;0;1;0;0;0;29;0
Mis;Methods can have no arguments;0;1;1;0;0;1;0;0;0;1;0;0;1;0;0;0;0;1;0;0;0;29;0
Mis;No string constructor method chain;0;1;1;0;0;1;0;0;0;1;0;0;1;0;0;0;0;1;0;0;0;29;0
Mis;`return` continues;0;1;1;0;0;1;0;0;0;1;0;0;1;0;0;0;0;1;0;0;0;29;0
Mis;String equality not `==`;0;1;1;0;0;1;0;0;0;1;0;0;1;0;0;0;0;1;0;0;0;29;0
Mis;String repetition adds space;0;1;1;0;0;1;0;0;0;1;0;0;1;0;0;0;0;1;0;0;0;29;0
Mis;Automatic Integer Conversion;0;1;1;0;0;1;0;0;0;1;0;0;1;0;0;0;0;1;0;1;0;29;0
Mis;Slices include last value;0;1;1;0;0;1;0;0;0;1;0;0;1;0;0;0;0;1;0;0;0;29;0
Mis;Integers limit;0;1;1;0;0;1;0;0;0;1;0;0;1;0;0;0;0;1;0;1;0;29;0
Mis;Confused string assignment;0;1;1;0;0;1;0;0;0;1;0;0;1;0;0;0;0;1;0;0;0;29;0
Mis;Lowercase Booleans;0;1;1;0;0;1;0;0;0;1;0;0;1;0;0;0;0;1;0;0;0;29;0
Mis;`pass` is `continue`;0;1;1;0;0;1;0;0;0;1;0;0;1;0;0;0;0;1;0;1;0;29;0
Mis;`print()` returns;0;1;1;0;0;1;0;0;0;1;0;0;1;0;0;0;0;1;0;1;0;29;0
Mis;`print()` only accepts one input;0;1;1;0;0;1;0;0;0;1;0;0;1;0;0;0;0;1;0;0;0;29;0
Mis;Secondary memory data loss;0;1;1;0;0;1;0;0;0;1;0;0;1;0;0;0;0;1;0;1;0;29;0
Mis;Transitive Assignment;0;1;1;0;0;1;0;0;0;1;0;0;1;0;0;0;0;1;0;1;0;29;0
Mis;No literal return;0;1;1;0;0;1;0;0;0;1;0;0;1;0;0;0;0;1;0;0;0;29;0
Mis;`input()` return value;0;1;1;0;0;1;0;0;0;1;0;0;1;0;0;0;0;1;0;1;0;29;0
Mis;Floating point `range()`;0;1;1;0;0;1;0;0;0;1;0;0;1;0;0;0;0;1;0;0;0;29;0
Mis;No `or` on objects;0;1;1;0;0;1;0;0;0;1;0;0;1;0;0;0;0;1;0;0;0;29;0
Mis;`print()` always has a newline;0;1;1;0;0;1;0;0;0;1;0;0;1;0;0;0;0;1;0;0;0;29;0
Mis;`print()` only string;0;1;1;0;0;1;0;0;0;1;0;0;1;0;0;0;0;1;0;0;0;29;0
Mis;`/` is integer division;0;1;1;0;0;1;0;0;0;1;0;0;1;0;0;0;0;1;0;1;0;29;0
Mis;`input()` requires function input;0;1;1;0;0;1;0;0;0;1;0;0;1;0;0;0;0;1;0;0;0;29;0
Mis;No method chain;0;1;1;0;0;1;0;0;0;1;0;0;1;0;0;0;0;1;0;0;0;29;0
Mis;`int()` rounds up floats;0;1;1;0;0;1;0;0;0;1;0;0;1;0;0;0;0;1;0;1;0;29;0
Mis;Multi-line strings with `" "`;0;1;1;0;0;1;0;0;0;1;0;0;1;0;0;0;0;1;0;1;0;29;0
Mis;List concat vector addition;0;1;1;0;0;1;0;0;0;1;0;0;1;0;0;0;0;1;0;1;0;29;0
Mis;`/` works on strings;0;1;1;0;0;1;0;0;0;1;0;0;1;0;0;0;0;1;0;1;0;29;0
Mis;Strings are mutable;0;1;1;0;0;1;0;0;0;1;0;0;1;0;0;0;0;1;0;0;0;29;0
Mis;No loop termination;0;1;1;0;0;1;0;0;0;1;0;0;1;0;0;0;0;1;0;1;0;29;0
Mis;Conditional Boolean return;0;1;1;0;0;1;0;0;0;1;0;0;1;0;0;0;0;1;0;0;0;29;0
Mis;Slices require indices;0;1;1;0;0;1;0;0;0;1;0;0;1;0;0;0;0;1;0;1;0;29;0
Mis;Parenthesized return;0;1;1;0;0;1;0;0;0;1;0;0;1;0;0;0;0;1;0;0;0;29;0
Mis;`%` is division;0;1;1;0;0;1;0;0;0;1;0;0;1;0;0;0;0;1;0;0;0;29;0
Mis;Iterable repetition repeated constant multiplication;0;1;1;0;0;1;0;0;0;1;0;0;1;0;0;0;0;1;0;1;0;29;0
Mis;`//` divides;0;1;1;0;0;1;0;0;0;1;0;0;1;0;0;0;0;1;0;0;0;29;0
Mis;Cannot mix index sign in slice;0;1;1;0;0;1;0;0;0;1;0;0;1;0;0;0;0;1;0;0;0;29;0
Mis;`//` is modulus;0;1;1;0;0;1;0;0;0;1;0;0;1;0;0;0;0;1;0;0;0;29;0
Mis;Slice removes;0;1;1;0;0;1;0;0;0;1;0;0;1;0;0;0;0;1;0;0;0;29;0
Mis;No nesting loops;0;1;1;0;0;1;0;0;0;1;0;0;1;0;0;0;0;1;0;0;0;29;0
Mis;Literals don't have a data type;0;1;1;0;0;1;0;0;0;1;0;0;1;0;0;0;0;1;0;1;0;29;0
Mis;`%` is integer division;0;1;1;0;0;1;0;0;0;1;0;0;1;0;0;0;0;1;0;1;0;29;0
Mis;No formatted string;0;1;1;0;0;1;0;0;0;1;0;0;1;0;0;0;0;1;0;1;0;29;0
Mis;`for` stops before last element;0;1;1;0;0;1;0;0;0;1;0;0;1;0;0;0;0;1;0;1;0;29;0
Mis;`int()` rounds floats;0;1;1;0;0;1;0;0;0;1;0;0;1;0;0;0;0;1;0;0;0;29;0
Mis;Implied repetition over logical operator;0;1;1;0;0;1;0;0;0;1;0;0;1;0;0;0;0;1;0;0;0;29;0
Mis;`for` only with `range()`;0;1;1;0;0;1;0;0;0;1;0;0;1;0;0;0;0;1;0;0;0;29;0
Mis;`while` tests after loop;0;1;1;0;0;1;0;0;0;1;0;0;1;0;0;0;0;1;0;1;0;29;0
Mis;Multi-value return;0;1;1;0;0;1;0;0;0;1;0;0;1;0;0;0;0;1;0;0;0;29;0
Mis;Strings are not objects;0;1;1;0;0;1;0;0;0;1;0;0;1;0;0;0;0;1;0;1;0;29;0
Sphere;`+` string operator;0;1;1;0;0;1;0;0;0;1;0;0;1;0;0;0;0;1;0;1;1;29;1;0.990909090909091
Sphere;`" "` constructor;0;1;1;0;0;1;0;0;0;1;0;0;1;0;0;0;0;1;0;1;1;29;1;0.990909090909091
Sphere;`int()` function;0;1;1;0;0;1;0;0;0;1;0;0;1;0;0;0;0;1;0;1;1;29;1;0.990909090909091
Sphere;`*` integer operator;0;1;1;0;0;1;0;0;0;1;0;0;1;0;0;0;0;1;0;1;1;29;1;0.990909090909091
Sphere;`input()` function;0;1;1;0;0;1;0;0;0;1;0;0;1;0;0;0;0;1;0;1;1;29;1;0.990909090909091
Sphere;`=` operator;0;1;1;0;0;1;0;0;0;1;0;0;1;0;0;0;0;1;0;1;1;29;1;0.990909090909091
Sphere;`print()` function;0;1;1;0;0;1;0;0;0;1;0;0;1;0;0;0;0;1;0;1;1;29;1;0.990909090909091
Sphere;Variables;0;1;1;0;0;1;0;0;0;1;0;0;1;0;0;0;0;1;0;1;1;29;1;0.990909090909091
Sphere;Strings;0;1;1;0;0;1;0;0;0;1;0;0;1;0;0;0;0;1;0;1;1;29;1;0.990909090909091
Sphere;Integers;0;1;1;0;0;1;0;0;0;1;0;0;1;0;0;0;0;1;0;1;1;29;1;0.990909090909091
Sphere;Assignment;0;1;1;0;0;1;0;0;0;1;0;0;1;0;0;0;0;1;0;1;1;29;1;0.990909090909091
Sphere;`str()` function;0;1;1;0;0;1;0;0;0;1;0;0;1;0;0;0;0;1;0;0;0;29;1;0.9200000000000002
Sphere;Floats;0;1;1;0;0;1;0;0;0;1;0;0;1;0;0;0;0;1;0;0;0;29;1;0.9898734177215192
Sphere;`+=` float operator;0;1;1;0;0;1;0;0;0;1;0;0;1;0;0;0;0;1;0;0;0;29;1;0.9898734177215192
Sphere;Built-in Functions;0;1;1;0;0;1;0;0;0;1;0;0;1;0;0;0;0;1;0;0;0;29;0;1e-08
Sphere;`+=` integer operator;0;1;1;0;0;1;0;0;0;1;0;0;1;0;0;0;0;1;0;0;0;29;1;0.9898734177215192
Sphere;Secondary Memory;0;1;1;0;0;1;0;0;0;1;0;0;1;0;0;0;0;1;0;0;0;29;1;0.8
Sphere;`*=` float operator;0;1;1;0;0;1;0;0;0;1;0;0;1;0;0;0;0;1;0;0;0;29;1;0.9898734177215192
Sphere;Conditionals;0;1;1;0;0;1;0;0;0;1;0;0;1;0;0;0;0;1;0;0;0;29;0;0.2
Sphere;Addition;0;1;1;0;0;1;0;0;0;1;0;0;1;0;0;0;0;1;0;0;0;29;0;1e-08
Sphere;Compilers;0;1;1;0;0;1;0;0;0;1;0;0;1;0;0;0;0;1;0;0;0;29;1;0.8
Sphere;`range()` function;0;1;1;0;0;1;0;0;0;1;0;0;1;0;0;0;0;1;0;0;0;29;0;1e-08
Sphere;`%=` integer operator;0;1;1;0;0;1;0;0;0;1;0;0;1;0;0;0;0;1;0;0;0;29;1;0.9200000000000002
Sphere;Interpreters;0;1;1;0;0;1;0;0;0;1;0;0;1;0;0;0;0;1;0;0;0;29;1;0.8
Sphere;Booleans;0;1;1;0;0;1;0;0;0;1;0;0;1;0;0;0;0;1;0;0;0;29;1;0.9898734177215192
Sphere;`%` float operator;0;1;1;0;0;1;0;0;0;1;0;0;1;0;0;0;0;1;0;0;0;29;1;0.9200000000000002
Sphere;`elif` keyword;0;1;1;0;0;1;0;0;0;1;0;0;1;0;0;0;0;1;0;0;0;29;0;0.2
Sphere;`<=` float operator;0;1;1;0;0;1;0;0;0;1;0;0;1;0;0;0;0;1;0;0;0;29;1;0.9898734177215192
Sphere;`<` float operator;0;1;1;0;0;1;0;0;0;1;0;0;1;0;0;0;0;1;0;0;0;29;1;0.9898734177215192
Sphere;`continue` keyword;0;1;1;0;0;1;0;0;0;1;0;0;1;0;0;0;0;1;0;0;0;29;0;1e-08
Sphere;`lower()` method;0;1;1;0;0;1;0;0;0;1;0;0;1;0;0;0;0;1;0;0;0;29;1;0.9862068965517241
Sphere;`else` keyword;0;1;1;0;0;1;0;0;0;1;0;0;1;0;0;0;0;1;0;0;0;29;1;0.9875
Sphere;`-=` integer operator;0;1;1;0;0;1;0;0;0;1;0;0;1;0;0;0;0;1;0;0;0;29;1;0.9898734177215192
Sphere;`or` operator;0;1;1;0;0;1;0;0;0;1;0;0;1;0;0;0;0;1;0;0;0;29;1;0.9898734177215192
Sphere;`!=` float operator;0;1;1;0;0;1;0;0;0;1;0;0;1;0;0;0;0;1;0;0;0;29;1;0.9898734177215192
Sphere;`<` string operator;0;1;1;0;0;1;0;0;0;1;0;0;1;0;0;0;0;1;0;0;0;29;1;0.9813953488372094
Sphere;`<` integer operator;0;1;1;0;0;1;0;0;0;1;0;0;1;0;0;0;0;1;0;0;0;29;1;0.9898734177215192
Sphere;Floating point equality;0;1;1;0;0;1;0;0;0;1;0;0;1;0;0;0;0;1;0;0;0;29;1;0.9898734177215192
Sphere;Comparison;0;1;1;0;0;1;0;0;0;1;0;0;1;0;0;0;0;1;0;0;0;29;0;1e-08
Sphere;`type()` function;0;1;1;0;0;1;0;0;0;1;0;0;1;0;0;0;0;1;0;0;0;29;1;0.9714285714285715
Sphere;Functions;0;1;1;0;0;1;0;0;0;1;0;0;1;0;0;0;0;1;0;0;0;29;1;0.9854545454545456
Sphere;Contracted `if`;0;1;1;0;0;1;0;0;0;1;0;0;1;0;0;0;0;1;0;0;0;29;0;0.2
Sphere;Automatic Conversion;0;1;1;0;0;1;0;0;0;1;0;0;1;0;0;0;0;1;0;0;0;29;1;0.9898734177215192
Sphere;`+` float operator;0;1;1;0;0;1;0;0;0;1;0;0;1;0;0;0;0;1;0;0;0;29;1;0.9898734177215192
Sphere;`>=` integer operator;0;1;1;0;0;1;0;0;0;1;0;0;1;0;0;0;0;1;0;0;0;29;1;0.9898734177215192
Sphere;`break` keyword;0;1;1;0;0;1;0;0;0;1;0;0;1;0;0;0;0;1;0;0;0;29;0;1e-08
Sphere;CPU functionality;0;1;1;0;0;1;0;0;0;1;0;0;1;0;0;0;0;1;0;0;0;29;1;0.8
Sphere;Self Assignment;0;1;1;0;0;1;0;0;0;1;0;0;1;0;0;0;0;1;0;0;0;29;1;0.9898734177215192
Sphere;`*=` integer operator;0;1;1;0;0;1;0;0;0;1;0;0;1;0;0;0;0;1;0;0;0;29;1;0.9898734177215192
Sphere;`//` float operator;0;1;1;0;0;1;0;0;0;1;0;0;1;0;0;0;0;1;0;0;0;29;1;0.9200000000000002
Sphere;`' '` constructor;0;1;1;0;0;1;0;0;0;1;0;0;1;0;0;0;0;1;0;0;0;29;1;0.9880597014925374
Sphere;`""" """` constructor;0;1;1;0;0;1;0;0;0;1;0;0;1;0;0;0;0;1;0;0;0;29;1;0.9813953488372094
Sphere;`join()` method;0;1;1;0;0;1;0;0;0;1;0;0;1;0;0;0;0;1;0;0;0;29;1;0.9862068965517241
Sphere;`/` integer operator;0;1;1;0;0;1;0;0;0;1;0;0;1;0;0;0;0;1;0;0;0;29;1;0.9898734177215192
Sphere;Repetition;0;1;1;0;0;1;0;0;0;1;0;0;1;0;0;0;0;1;0;0;0;29;0;1e-08
Sphere;`//=` float operator;0;1;1;0;0;1;0;0;0;1;0;0;1;0;0;0;0;1;0;0;0;29;1;0.9200000000000002
Sphere;Control Flow;0;1;1;0;0;1;0;0;0;1;0;0;1;0;0;0;0;1;0;0;0;29;0;1e-08
Sphere;Loops;0;1;1;0;0;1;0;0;0;1;0;0;1;0;0;0;0;1;0;0;0;29;0;1e-08
Sphere;`%=` float operator;0;1;1;0;0;1;0;0;0;1;0;0;1;0;0;0;0;1;0;0;0;29;1;0.9200000000000002
Sphere;Concatenation;0;1;1;0;0;1;0;0;0;1;0;0;1;0;0;0;0;1;0;0;0;29;0;1e-08
Sphere;`*` string operator;0;1;1;0;0;1;0;0;0;1;0;0;1;0;0;0;0;1;0;0;0;29;1;0.9880597014925374
Sphere;`-=` float operator;0;1;1;0;0;1;0;0;0;1;0;0;1;0;0;0;0;1;0;0;0;29;1;0.9898734177215192
Sphere;`//` integer operator;0;1;1;0;0;1;0;0;0;1;0;0;1;0;0;0;0;1;0;0;0;29;1;0.9714285714285715
Sphere;`*` float operator;0;1;1;0;0;1;0;0;0;1;0;0;1;0;0;0;0;1;0;0;0;29;1;0.9898734177215192
Sphere;Atomic Data Types;0;1;1;0;0;1;0;0;0;1;0;0;1;0;0;0;0;1;0;0;0;29;0;1e-08
Sphere;Subtraction;0;1;1;0;0;1;0;0;0;1;0;0;1;0;0;0;0;1;0;0;0;29;0;1e-08
Sphere;Type Casting;0;1;1;0;0;1;0;0;0;1;0;0;1;0;0;0;0;1;0;0;0;29;0;1e-08
Sphere;`not` operator;0;1;1;0;0;1;0;0;0;1;0;0;1;0;0;0;0;1;0;0;0;29;1;0.9898734177215192
Sphere;String Slicing;0;1;1;0;0;1;0;0;0;1;0;0;1;0;0;0;0;1;0;0;0;29;1;0.9862068965517241
Sphere;`and` operator;0;1;1;0;0;1;0;0;0;1;0;0;1;0;0;0;0;1;0;0;0;29;1;0.9898734177215192
Sphere;`/=` integer operator;0;1;1;0;0;1;0;0;0;1;0;0;1;0;0;0;0;1;0;0;0;29;1;0.9898734177215192
Sphere;Multiplication;0;1;1;0;0;1;0;0;0;1;0;0;1;0;0;0;0;1;0;0;0;29;0;1e-08
Sphere;`return` keyword;0;1;1;0;0;1;0;0;0;1;0;0;1;0;0;0;0;1;0;0;0;29;1;0.9854545454545456
Sphere;Indexing;0;1;1;0;0;1;0;0;0;1;0;0;1;0;0;0;0;1;0;0;0;29;0;1e-08
Sphere;Ordered Data Structures;0;1;1;0;0;1;0;0;0;1;0;0;1;0;0;0;0;1;0;0;0;29;0;1e-08
Sphere;`+` integer operator;0;1;1;0;0;1;0;0;0;1;0;0;1;0;0;0;0;1;0;0;0;29;1;0.9898734177215192
Sphere;Formatted Strings;0;1;1;0;0;1;0;0;0;1;0;0;1;0;0;0;0;1;0;0;0;29;1;0.9880597014925374
Sphere;Division;0;1;1;0;0;1;0;0;0;1;0;0;1;0;0;0;0;1;0;0;0;29;0;1e-08
Sphere;`if` keyword;0;1;1;0;0;1;0;0;0;1;0;0;1;0;0;0;0;1;0;0;0;29;1;0.9875
Sphere;Equality;0;1;1;0;0;1;0;0;0;1;0;0;1;0;0;0;0;1;0;0;0;29;0;1e-08
Sphere;`==` integer operator;0;1;1;0;0;1;0;0;0;1;0;0;1;0;0;0;0;1;0;0;0;29;1;0.9898734177215192
Sphere;`-` integer operator;0;1;1;0;0;1;0;0;0;1;0;0;1;0;0;0;0;1;0;0;0;29;1;0.9898734177215192
Sphere;`!=` string operator;0;1;1;0;0;1;0;0;0;1;0;0;1;0;0;0;0;1;0;0;0;29;1;0.9813953488372094
Sphere;String Indexing;0;1;1;0;0;1;0;0;0;1;0;0;1;0;0;0;0;1;0;0;0;29;1;0.9862068965517241
Sphere;Operator Chaining;0;1;1;0;0;1;0;0;0;1;0;0;1;0;0;0;0;1;0;0;0;29;1;0.9898734177215192
Sphere;Comments;0;1;1;0;0;1;0;0;0;1;0;0;1;0;0;0;0;1;0;0;0;29;1;0.8857142857142859
Sphere;`/` float operator;0;1;1;0;0;1;0;0;0;1;0;0;1;0;0;0;0;1;0;0;0;29;1;0.9898734177215192
Sphere;`upper()` method;0;1;1;0;0;1;0;0;0;1;0;0;1;0;0;0;0;1;0;0;0;29;1;0.9862068965517241
Sphere;`try` keyword;0;1;1;0;0;1;0;0;0;1;0;0;1;0;0;0;0;1;0;0;0;29;0;1e-08
Sphere;`>` float operator;0;1;1;0;0;1;0;0;0;1;0;0;1;0;0;0;0;1;0;0;0;29;1;0.9898734177215192
Sphere;`==` string operator;0;1;1;0;0;1;0;0;0;1;0;0;1;0;0;0;0;1;0;0;0;29;1;0.9813953488372094
Sphere;`for` loops;0;1;1;0;0;1;0;0;0;1;0;0;1;0;0;0;0;1;0;0;0;29;0;1e-08
Sphere;`replace()` method;0;1;1;0;0;1;0;0;0;1;0;0;1;0;0;0;0;1;0;0;0;29;1;0.9813953488372094
Sphere;Integer Division;0;1;1;0;0;1;0;0;0;1;0;0;1;0;0;0;0;1;0;0;0;29;0;1e-08
Sphere;`%` integer operator;0;1;1;0;0;1;0;0;0;1;0;0;1;0;0;0;0;1;0;0;0;29;1;0.9714285714285715
Sphere;Order of Operations;0;1;1;0;0;1;0;0;0;1;0;0;1;0;0;0;0;1;0;0;0;29;1;0.9898734177215192
Sphere;`len()` string function;0;1;1;0;0;1;0;0;0;1;0;0;1;0;0;0;0;1;0;0;0;29;1;0.9813953488372094
Sphere;`<=` integer operator;0;1;1;0;0;1;0;0;0;1;0;0;1;0;0;0;0;1;0;0;0;29;1;0.9898734177215192
Sphere;RAM functionality;0;1;1;0;0;1;0;0;0;1;0;0;1;0;0;0;0;1;0;0;0;29;1;0.8
Sphere;`>` string operator;0;1;1;0;0;1;0;0;0;1;0;0;1;0;0;0;0;1;0;0;0;29;1;0.9813953488372094
Sphere;`/=` float operator;0;1;1;0;0;1;0;0;0;1;0;0;1;0;0;0;0;1;0;0;0;29;1;0.9898734177215192
Sphere;`-` float operator;0;1;1;0;0;1;0;0;0;1;0;0;1;0;0;0;0;1;0;0;0;29;1;0.9898734177215192
Sphere;`float()` function;0;1;1;0;0;1;0;0;0;1;0;0;1;0;0;0;0;1;0;0;0;29;1;0.9898734177215192
Sphere;Slicing;0;1;1;0;0;1;0;0;0;1;0;0;1;0;0;0;0;1;0;0;0;29;0;1e-08
Sphere;Modulus;0;1;1;0;0;1;0;0;0;1;0;0;1;0;0;0;0;1;0;0;0;29;0;1e-08
Sphere;`!=` integer operator;0;1;1;0;0;1;0;0;0;1;0;0;1;0;0;0;0;1;0;0;0;29;1;0.9898734177215192
Sphere;`>` integer operator;0;1;1;0;0;1;0;0;0;1;0;0;1;0;0;0;0;1;0;0;0;29;1;0.9898734177215192
Sphere;`while` loops;0;1;1;0;0;1;0;0;0;1;0;0;1;0;0;0;0;1;0;0;0;29;1;0.9854545454545456
Sphere;Methods;0;1;1;0;0;1;0;0;0;1;0;0;1;0;0;0;0;1;0;0;0;29;0;1e-08
Sphere;`>=` float operator;0;1;1;0;0;1;0;0;0;1;0;0;1;0;0;0;0;1;0;0;0;29;1;0.9898734177215192
Sphere;Machine Code;0;1;1;0;0;1;0;0;0;1;0;0;1;0;0;0;0;1;0;0;0;29;1;0.8
Sphere;Program Definition;0;1;1;0;0;1;0;0;0;1;0;0;1;0;0;0;0;1;0;0;0;29;1;0.8
Sphere;`//=` integer operator;0;1;1;0;0;1;0;0;0;1;0;0;1;0;0;0;0;1;0;0;0;29;1;0.9200000000000002
Sphere;`def` constructor;0;1;1;0;0;1;0;0;0;1;0;0;1;0;0;0;0;1;0;0;0;29;1;0.9854545454545456
Sphere;`capitalize()` method;0;1;1;0;0;1;0;0;0;1;0;0;1;0;0;0;0;1;0;0;0;29;1;0.9862068965517241
==::==::==
Question;81;0
Question;20;0
Question;5;0
Question;18;0
Question;8;0
Question;53;0
Question;84;0
Question;11;0
Question;83;0
Question;9;0
Question;93;0
Question;15;0
Question;82;0
Question;85;0
Question;91;0
Question;19;0
Question;79;0
Question;48;0
Question;17;0
Question;12;0
Question;90;0
Question;14;0
Question;13;0
Question;7;0
Answer;58;0
Answer;305;0
Answer;315;0
Answer;50;0
Answer;21;0
Answer;27;0
Answer;209;0
Answer;217;0
Answer;210;0
Answer;56;0
Answer;218;0
Answer;213;0
Answer;316;0
Answer;304;0
Answer;223;0
Answer;314;0
Answer;130;0
Answer;61;0
Answer;36;0
Answer;220;0
Answer;216;0
Answer;208;0
Answer;211;0
Answer;225;0
Answer;33;0
Answer;49;0
Answer;141;0
Answer;224;0
Answer;206;0
Answer;19;0
Answer;37;0
Answer;303;0
Answer;222;0
Answer;42;0
Answer;47;0
Answer;57;0
Answer;214;0
Answer;29;0
Answer;215;0
Answer;53;0
Answer;219;0
Answer;277;0
Answer;44;0
Answer;32;0
Answer;28;0
Answer;221;0
Answer;43;0
Answer;48;0
Answer;46;0
Answer;201;0
Answer;131;0
Answer;308;0
Answer;307;0
Answer;200;0
Answer;51;0
Answer;35;0
Answer;54;0
Answer;60;0
Answer;64;0
Answer;30;0
Answer;198;0
Answer;20;0
Answer;18;0
Answer;31;0
Answer;63;0
Answer;199;0
Answer;45;0
Answer;313;0
Answer;207;0
Answer;212;0
Answer;62;0
Answer;306;0
Answer;34;0
Answer;55;0
Answer;26;0
Answer;52;0
Answer;276;0
Answer;-1;0
Mis;`<` is `not >`;0;1;1;0;0;1;0;0;0;1;0;0;1;0;1;0;0;0;0;1;0;30;0
Mis;Backwards chaining;0;1;1;0;0;1;0;0;0;1;0;0;1;0;1;0;0;0;0;0;0;30;0
Mis;`print()` needs input;0;1;1;0;0;1;0;0;0;1;0;0;1;0;1;0;0;0;0;0;0;30;0
Mis;Blank last slice non-inclusive;0;1;1;0;0;1;0;0;0;1;0;0;1;0;1;0;0;0;0;0;0;30;0
Mis;Return frame bypass;0;1;1;0;0;1;0;0;0;1;0;0;1;0;1;0;0;0;0;0;0;30;0
Mis;Functions must have input;0;1;1;0;0;1;0;0;0;1;0;0;1;0;1;0;0;0;0;0;0;30;0
Mis;No Boolean literals;0;1;1;0;0;1;0;0;0;1;0;0;1;0;1;0;0;0;0;1;0;30;0
Mis;String equality isn't case sensitive;0;1;1;0;0;1;0;0;0;1;0;0;1;0;1;0;0;0;0;1;0;30;0
Mis;Single letter variables;0;1;1;0;0;1;0;0;0;1;0;0;1;0;1;0;0;0;0;0;0;30;0
Mis;`return` on `def` indentation level;0;1;1;0;0;1;0;0;0;1;0;0;1;0;1;0;0;0;0;1;0;30;0
Mis;Iterable repetition interleaves;0;1;1;0;0;1;0;0;0;1;0;0;1;0;1;0;0;0;0;0;0;30;0
Mis;Sequenced conditionals;0;1;1;0;0;1;0;0;0;1;0;0;1;0;1;0;0;0;0;1;0;30;0
Mis;`input()` includes newline;0;1;1;0;0;1;0;0;0;1;0;0;1;0;1;0;0;0;0;0;0;30;0
Mis;Concat with single element;0;1;1;0;0;1;0;0;0;1;0;0;1;0;1;0;0;0;0;0;0;30;0
Mis;Extending strings adds space;0;1;1;0;0;1;0;0;0;1;0;0;1;0;1;0;0;0;0;1;0;30;0
Mis;Variables cannot be assigned twice;0;1;1;0;0;1;0;0;0;1;0;0;1;0;1;0;0;0;0;1;0;30;0
Mis;No `and` on objects;0;1;1;0;0;1;0;0;0;1;0;0;1;0;1;0;0;0;0;0;0;30;0
Mis;`range()` only has one input;0;1;1;0;0;1;0;0;0;1;0;0;1;0;1;0;0;0;0;0;0;30;0
Mis;Linear Order of Operations;0;1;1;0;0;1;0;0;0;1;0;0;1;0;1;0;0;0;0;1;0;30;0
Mis;`%` percentage operator;0;1;1;0;0;1;0;0;0;1;0;0;1;0;1;0;0;0;0;0;0;30;0
Mis;`self` has no value;0;1;1;0;0;1;0;0;0;1;0;0;1;0;1;0;0;0;0;1;0;30;0
Mis;Characters are strings;0;1;1;0;0;1;0;0;0;1;0;0;1;0;1;0;0;0;0;0;0;30;0
Mis;Keyword functions;0;1;1;0;0;1;0;0;0;1;0;0;1;0;1;0;0;0;0;0;0;30;0
Mis;Floating point equality okay;0;1;1;0;0;1;0;0;0;1;0;0;1;0;1;0;0;0;0;1;0;30;0
Mis;Lazy assignment;0;1;1;0;0;1;0;0;0;1;0;0;1;0;1;0;0;0;0;0;0;30;0
Mis;Index -1 is start of list;0;1;1;0;0;1;0;0;0;1;0;0;1;0;1;0;0;0;0;1;0;30;0
Mis;No variable functions;0;1;1;0;0;1;0;0;0;1;0;0;1;0;1;0;0;0;0;1;0;30;0
Mis;Multi-line strings with `' '`;0;1;1;0;0;1;0;0;0;1;0;0;1;0;1;0;0;0;0;1;0;30;0
Mis;No variable methods;0;1;1;0;0;1;0;0;0;1;0;0;1;0;1;0;0;0;0;0;0;30;0
Mis;Iterable repeition multiplies by constant;0;1;1;0;0;1;0;0;0;1;0;0;1;0;1;0;0;0;0;0;0;30;0
Mis;String methods mutate;0;1;1;0;0;1;0;0;0;1;0;0;1;0;1;0;0;0;0;0;0;30;0
Mis;No short circuit;0;1;1;0;0;1;0;0;0;1;0;0;1;0;1;0;0;0;0;1;0;30;0
Mis;Slice exclusive of first index;0;1;1;0;0;1;0;0;0;1;0;0;1;0;1;0;0;0;0;0;0;30;0
Mis;`print()` non-terminating return;0;1;1;0;0;1;0;0;0;1;0;0;1;0;1;0;0;0;0;0;0;30;0
Mis;No floating point limit;0;1;1;0;0;1;0;0;0;1;0;0;1;0;1;0;0;0;0;1;0;30;0
Mis;`>` is `not <`;0;1;1;0;0;1;0;0;0;1;0;0;1;0;1;0;0;0;0;1;0;30;0
Mis;`try` without `except`;0;1;1;0;0;1;0;0;0;1;0;0;1;0;1;0;0;0;0;1;0;30;0
Mis;Inline Function Definition;0;1;1;0;0;1;0;0;0;1;0;0;1;0;1;0;0;0;0;1;0;30;0
Mis;`print()` no newline;0;1;1;0;0;1;0;0;0;1;0;0;1;0;1;0;0;0;0;0;0;30;0
Mis;`range()` starts at 1;0;1;1;0;0;1;0;0;0;1;0;0;1;0;1;0;0;0;0;1;0;30;0
Mis;Blank slice is empty;0;1;1;0;0;1;0;0;0;1;0;0;1;0;1;0;0;0;0;0;0;30;0
Mis;`-` works on strings;0;1;1;0;0;1;0;0;0;1;0;0;1;0;1;0;0;0;0;1;0;30;0
Mis;No constructor method chain;0;1;1;0;0;1;0;0;0;1;0;0;1;0;1;0;0;0;0;0;0;30;0
Mis;`#` is an operator;0;1;1;0;0;1;0;0;0;1;0;0;1;0;1;0;0;0;0;1;0;30;0
Mis;No escape sequences;0;1;1;0;0;1;0;0;0;1;0;0;1;0;1;0;0;0;0;0;0;30;0
Mis;Methods must have input;0;1;1;0;0;1;0;0;0;1;0;0;1;0;1;0;0;0;0;0;0;30;0
Mis;Assignment duplicates;0;1;1;0;0;1;0;0;0;1;0;0;1;0;1;0;0;0;0;0;0;30;0
Mis;`=` comparison;0;1;1;0;0;1;0;0;0;1;0;0;1;0;1;0;0;0;0;1;0;30;0
Mis;No tuple return;0;1;1;0;0;1;0;0;0;1;0;0;1;0;1;0;0;0;0;0;0;30;0
Mis;`for` is `while`;0;1;1;0;0;1;0;0;0;1;0;0;1;0;1;0;0;0;0;0;0;30;0
Mis;Curly brackets stay;0;1;1;0;0;1;0;0;0;1;0;0;1;0;1;0;0;0;0;0;0;30;0
Mis;`/` is modulus;0;1;1;0;0;1;0;0;0;1;0;0;1;0;1;0;0;0;0;1;0;30;0
Mis;No implicit void functions;0;1;1;0;0;1;0;0;0;1;0;0;1;0;1;0;0;0;0;0;0;30;0
Mis;Operators cannot be chained;0;1;1;0;0;1;0;0;0;1;0;0;1;0;1;0;0;0;0;1;0;30;0
Mis;Functions must return;0;1;1;0;0;1;0;0;0;1;0;0;1;0;1;0;0;0;0;0;0;30;0
Mis;No `not` on objects;0;1;1;0;0;1;0;0;0;1;0;0;1;0;1;0;0;0;0;0;0;30;0
Mis;Ternary Boolean return;0;1;1;0;0;1;0;0;0;1;0;0;1;0;1;0;0;0;0;0;0;30;0
Mis;`if` loop;0;1;1;0;0;1;0;0;0;1;0;0;1;0;1;0;0;0;0;1;0;30;0
Mis;`range()` includes the final value;0;1;1;0;0;1;0;0;0;1;0;0;1;0;1;0;0;0;0;0;0;30;0
Mis;Methods can have no arguments;0;1;1;0;0;1;0;0;0;1;0;0;1;0;1;0;0;0;0;0;0;30;0
Mis;No string constructor method chain;0;1;1;0;0;1;0;0;0;1;0;0;1;0;1;0;0;0;0;0;0;30;0
Mis;`return` continues;0;1;1;0;0;1;0;0;0;1;0;0;1;0;1;0;0;0;0;0;0;30;0
Mis;String equality not `==`;0;1;1;0;0;1;0;0;0;1;0;0;1;0;1;0;0;0;0;0;0;30;0
Mis;String repetition adds space;0;1;1;0;0;1;0;0;0;1;0;0;1;0;1;0;0;0;0;0;0;30;0
Mis;Automatic Integer Conversion;0;1;1;0;0;1;0;0;0;1;0;0;1;0;1;0;0;0;0;1;0;30;0
Mis;Slices include last value;0;1;1;0;0;1;0;0;0;1;0;0;1;0;1;0;0;0;0;0;0;30;0
Mis;Integers limit;0;1;1;0;0;1;0;0;0;1;0;0;1;0;1;0;0;0;0;1;0;30;0
Mis;Confused string assignment;0;1;1;0;0;1;0;0;0;1;0;0;1;0;1;0;0;0;0;0;0;30;0
Mis;Lowercase Booleans;0;1;1;0;0;1;0;0;0;1;0;0;1;0;1;0;0;0;0;0;0;30;0
Mis;`pass` is `continue`;0;1;1;0;0;1;0;0;0;1;0;0;1;0;1;0;0;0;0;1;0;30;0
Mis;`print()` returns;0;1;1;0;0;1;0;0;0;1;0;0;1;0;1;0;0;0;0;1;0;30;0
Mis;`print()` only accepts one input;0;1;1;0;0;1;0;0;0;1;0;0;1;0;1;0;0;0;0;0;0;30;0
Mis;Secondary memory data loss;0;1;1;0;0;1;0;0;0;1;0;0;1;0;1;0;0;0;0;1;0;30;0
Mis;Transitive Assignment;0;1;1;0;0;1;0;0;0;1;0;0;1;0;1;0;0;0;0;1;0;30;0
Mis;No literal return;0;1;1;0;0;1;0;0;0;1;0;0;1;0;1;0;0;0;0;0;0;30;0
Mis;`input()` return value;0;1;1;0;0;1;0;0;0;1;0;0;1;0;1;0;0;0;0;1;0;30;0
Mis;Floating point `range()`;0;1;1;0;0;1;0;0;0;1;0;0;1;0;1;0;0;0;0;0;0;30;0
Mis;No `or` on objects;0;1;1;0;0;1;0;0;0;1;0;0;1;0;1;0;0;0;0;0;0;30;0
Mis;`print()` always has a newline;0;1;1;0;0;1;0;0;0;1;0;0;1;0;1;0;0;0;0;0;0;30;0
Mis;`print()` only string;0;1;1;0;0;1;0;0;0;1;0;0;1;0;1;0;0;0;0;0;0;30;0
Mis;`/` is integer division;0;1;1;0;0;1;0;0;0;1;0;0;1;0;1;0;0;0;0;1;0;30;0
Mis;`input()` requires function input;0;1;1;0;0;1;0;0;0;1;0;0;1;0;1;0;0;0;0;0;0;30;0
Mis;No method chain;0;1;1;0;0;1;0;0;0;1;0;0;1;0;1;0;0;0;0;0;0;30;0
Mis;`int()` rounds up floats;0;1;1;0;0;1;0;0;0;1;0;0;1;0;1;0;0;0;0;1;0;30;0
Mis;Multi-line strings with `" "`;0;1;1;0;0;1;0;0;0;1;0;0;1;0;1;0;0;0;0;1;0;30;0
Mis;List concat vector addition;0;1;1;0;0;1;0;0;0;1;0;0;1;0;1;0;0;0;0;1;0;30;0
Mis;`/` works on strings;0;1;1;0;0;1;0;0;0;1;0;0;1;0;1;0;0;0;0;1;0;30;0
Mis;Strings are mutable;0;1;1;0;0;1;0;0;0;1;0;0;1;0;1;0;0;0;0;0;0;30;0
Mis;No loop termination;0;1;1;0;0;1;0;0;0;1;0;0;1;0;1;0;0;0;0;1;0;30;0
Mis;Conditional Boolean return;0;1;1;0;0;1;0;0;0;1;0;0;1;0;1;0;0;0;0;0;0;30;0
Mis;Slices require indices;0;1;1;0;0;1;0;0;0;1;0;0;1;0;1;0;0;0;0;1;0;30;0
Mis;Parenthesized return;0;1;1;0;0;1;0;0;0;1;0;0;1;0;1;0;0;0;0;0;0;30;0
Mis;`%` is division;0;1;1;0;0;1;0;0;0;1;0;0;1;0;1;0;0;0;0;0;0;30;0
Mis;Iterable repetition repeated constant multiplication;0;1;1;0;0;1;0;0;0;1;0;0;1;0;1;0;0;0;0;1;0;30;0
Mis;`//` divides;0;1;1;0;0;1;0;0;0;1;0;0;1;0;1;0;0;0;0;0;0;30;0
Mis;Cannot mix index sign in slice;0;1;1;0;0;1;0;0;0;1;0;0;1;0;1;0;0;0;0;0;0;30;0
Mis;`//` is modulus;0;1;1;0;0;1;0;0;0;1;0;0;1;0;1;0;0;0;0;0;0;30;0
Mis;Slice removes;0;1;1;0;0;1;0;0;0;1;0;0;1;0;1;0;0;0;0;0;0;30;0
Mis;No nesting loops;0;1;1;0;0;1;0;0;0;1;0;0;1;0;1;0;0;0;0;0;0;30;0
Mis;Literals don't have a data type;0;1;1;0;0;1;0;0;0;1;0;0;1;0;1;0;0;0;0;1;0;30;0
Mis;`%` is integer division;0;1;1;0;0;1;0;0;0;1;0;0;1;0;1;0;0;0;0;1;0;30;0
Mis;No formatted string;0;1;1;0;0;1;0;0;0;1;0;0;1;0;1;0;0;0;0;1;0;30;0
Mis;`for` stops before last element;0;1;1;0;0;1;0;0;0;1;0;0;1;0;1;0;0;0;0;1;0;30;0
Mis;`int()` rounds floats;0;1;1;0;0;1;0;0;0;1;0;0;1;0;1;0;0;0;0;0;0;30;0
Mis;Implied repetition over logical operator;0;1;1;0;0;1;0;0;0;1;0;0;1;0;1;0;0;0;0;0;0;30;0
Mis;`for` only with `range()`;0;1;1;0;0;1;0;0;0;1;0;0;1;0;1;0;0;0;0;0;0;30;0
Mis;`while` tests after loop;0;1;1;0;0;1;0;0;0;1;0;0;1;0;1;0;0;0;0;1;0;30;0
Mis;Multi-value return;0;1;1;0;0;1;0;0;0;1;0;0;1;0;1;0;0;0;0;0;0;30;0
Mis;Strings are not objects;0;1;1;0;0;1;0;0;0;1;0;0;1;0;1;0;0;0;0;1;0;30;0
Sphere;Contracted `if`;0;1;1;0;0;1;0;0;0;1;0;0;1;0;1;0;0;0;0;1;0;30;1;0.9912087912087912
Sphere;`else` keyword;0;1;1;0;0;1;0;0;0;1;0;0;1;0;1;0;0;0;0;1;0;30;1;0.9912087912087912
Sphere;`if` keyword;0;1;1;0;0;1;0;0;0;1;0;0;1;0;1;0;0;0;0;1;0;30;1;0.9912087912087912
Sphere;`or` operator;0;1;1;0;0;1;0;0;0;1;0;0;1;0;1;0;0;0;0;1;0;30;1;0.9912087912087912
Sphere;`not` operator;0;1;1;0;0;1;0;0;0;1;0;0;1;0;1;0;0;0;0;1;0;30;1;0.9912087912087912
Sphere;`and` operator;0;1;1;0;0;1;0;0;0;1;0;0;1;0;1;0;0;0;0;1;0;30;1;0.9912087912087912
Sphere;`elif` keyword;0;1;1;0;0;1;0;0;0;1;0;0;1;0;1;0;0;0;0;1;0;30;1;0.9912087912087912
Sphere;Booleans;0;1;1;0;0;1;0;0;0;1;0;0;1;0;1;0;0;0;0;1;0;30;1;0.9912087912087912
Sphere;`str()` function;0;1;1;0;0;1;0;0;0;1;0;0;1;0;1;0;0;0;0;0;0;30;1;0.9200000000000002
Sphere;Floats;0;1;1;0;0;1;0;0;0;1;0;0;1;0;1;0;0;0;0;0;0;30;1;0.9898734177215192
Sphere;`+=` float operator;0;1;1;0;0;1;0;0;0;1;0;0;1;0;1;0;0;0;0;0;0;30;1;0.9898734177215192
Sphere;Built-in Functions;0;1;1;0;0;1;0;0;0;1;0;0;1;0;1;0;0;0;0;0;0;30;0;1e-08
Sphere;`+=` integer operator;0;1;1;0;0;1;0;0;0;1;0;0;1;0;1;0;0;0;0;0;0;30;1;0.9898734177215192
Sphere;Secondary Memory;0;1;1;0;0;1;0;0;0;1;0;0;1;0;1;0;0;0;0;0;0;30;1;0.8
Sphere;`*=` float operator;0;1;1;0;0;1;0;0;0;1;0;0;1;0;1;0;0;0;0;0;0;30;1;0.9898734177215192
Sphere;Conditionals;0;1;1;0;0;1;0;0;0;1;0;0;1;0;1;0;0;0;0;0;0;30;0;0.2
Sphere;Addition;0;1;1;0;0;1;0;0;0;1;0;0;1;0;1;0;0;0;0;0;0;30;0;1e-08
Sphere;Compilers;0;1;1;0;0;1;0;0;0;1;0;0;1;0;1;0;0;0;0;0;0;30;1;0.8
Sphere;`range()` function;0;1;1;0;0;1;0;0;0;1;0;0;1;0;1;0;0;0;0;0;0;30;0;1e-08
Sphere;`%=` integer operator;0;1;1;0;0;1;0;0;0;1;0;0;1;0;1;0;0;0;0;0;0;30;1;0.9200000000000002
Sphere;Interpreters;0;1;1;0;0;1;0;0;0;1;0;0;1;0;1;0;0;0;0;0;0;30;1;0.8
Sphere;`%` float operator;0;1;1;0;0;1;0;0;0;1;0;0;1;0;1;0;0;0;0;0;0;30;1;0.9200000000000002
Sphere;`<=` float operator;0;1;1;0;0;1;0;0;0;1;0;0;1;0;1;0;0;0;0;0;0;30;1;0.9898734177215192
Sphere;`<` float operator;0;1;1;0;0;1;0;0;0;1;0;0;1;0;1;0;0;0;0;0;0;30;1;0.9898734177215192
Sphere;Assignment;0;1;1;0;0;1;0;0;0;1;0;0;1;0;1;0;0;0;0;0;0;30;1;0.990909090909091
Sphere;`continue` keyword;0;1;1;0;0;1;0;0;0;1;0;0;1;0;1;0;0;0;0;0;0;30;0;1e-08
Sphere;`+` string operator;0;1;1;0;0;1;0;0;0;1;0;0;1;0;1;0;0;0;0;0;0;30;1;0.990909090909091
Sphere;`lower()` method;0;1;1;0;0;1;0;0;0;1;0;0;1;0;1;0;0;0;0;0;0;30;1;0.9862068965517241
Sphere;`-=` integer operator;0;1;1;0;0;1;0;0;0;1;0;0;1;0;1;0;0;0;0;0;0;30;1;0.9898734177215192
Sphere;`!=` float operator;0;1;1;0;0;1;0;0;0;1;0;0;1;0;1;0;0;0;0;0;0;30;1;0.9898734177215192
Sphere;`<` string operator;0;1;1;0;0;1;0;0;0;1;0;0;1;0;1;0;0;0;0;0;0;30;1;0.9813953488372094
Sphere;`<` integer operator;0;1;1;0;0;1;0;0;0;1;0;0;1;0;1;0;0;0;0;0;0;30;1;0.9898734177215192
Sphere;Floating point equality;0;1;1;0;0;1;0;0;0;1;0;0;1;0;1;0;0;0;0;0;0;30;1;0.9898734177215192
Sphere;Comparison;0;1;1;0;0;1;0;0;0;1;0;0;1;0;1;0;0;0;0;0;0;30;0;1e-08
Sphere;`type()` function;0;1;1;0;0;1;0;0;0;1;0;0;1;0;1;0;0;0;0;0;0;30;1;0.9714285714285715
Sphere;Functions;0;1;1;0;0;1;0;0;0;1;0;0;1;0;1;0;0;0;0;0;0;30;1;0.9854545454545456
Sphere;Automatic Conversion;0;1;1;0;0;1;0;0;0;1;0;0;1;0;1;0;0;0;0;0;0;30;1;0.9898734177215192
Sphere;`+` float operator;0;1;1;0;0;1;0;0;0;1;0;0;1;0;1;0;0;0;0;0;0;30;1;0.9898734177215192
Sphere;`>=` integer operator;0;1;1;0;0;1;0;0;0;1;0;0;1;0;1;0;0;0;0;0;0;30;1;0.9898734177215192
Sphere;`break` keyword;0;1;1;0;0;1;0;0;0;1;0;0;1;0;1;0;0;0;0;0;0;30;0;1e-08
Sphere;CPU functionality;0;1;1;0;0;1;0;0;0;1;0;0;1;0;1;0;0;0;0;0;0;30;1;0.8
Sphere;Self Assignment;0;1;1;0;0;1;0;0;0;1;0;0;1;0;1;0;0;0;0;0;0;30;1;0.9898734177215192
Sphere;`*=` integer operator;0;1;1;0;0;1;0;0;0;1;0;0;1;0;1;0;0;0;0;0;0;30;1;0.9898734177215192
Sphere;`//` float operator;0;1;1;0;0;1;0;0;0;1;0;0;1;0;1;0;0;0;0;0;0;30;1;0.9200000000000002
Sphere;`' '` constructor;0;1;1;0;0;1;0;0;0;1;0;0;1;0;1;0;0;0;0;0;0;30;1;0.9880597014925374
Sphere;`""" """` constructor;0;1;1;0;0;1;0;0;0;1;0;0;1;0;1;0;0;0;0;0;0;30;1;0.9813953488372094
Sphere;`join()` method;0;1;1;0;0;1;0;0;0;1;0;0;1;0;1;0;0;0;0;0;0;30;1;0.9862068965517241
Sphere;`/` integer operator;0;1;1;0;0;1;0;0;0;1;0;0;1;0;1;0;0;0;0;0;0;30;1;0.9898734177215192
Sphere;Repetition;0;1;1;0;0;1;0;0;0;1;0;0;1;0;1;0;0;0;0;0;0;30;0;1e-08
Sphere;`//=` float operator;0;1;1;0;0;1;0;0;0;1;0;0;1;0;1;0;0;0;0;0;0;30;1;0.9200000000000002
Sphere;Control Flow;0;1;1;0;0;1;0;0;0;1;0;0;1;0;1;0;0;0;0;0;0;30;0;1e-08
Sphere;Loops;0;1;1;0;0;1;0;0;0;1;0;0;1;0;1;0;0;0;0;0;0;30;0;1e-08
Sphere;Integers;0;1;1;0;0;1;0;0;0;1;0;0;1;0;1;0;0;0;0;0;0;30;1;0.990909090909091
Sphere;`%=` float operator;0;1;1;0;0;1;0;0;0;1;0;0;1;0;1;0;0;0;0;0;0;30;1;0.9200000000000002
Sphere;Concatenation;0;1;1;0;0;1;0;0;0;1;0;0;1;0;1;0;0;0;0;0;0;30;0;1e-08
Sphere;`*` string operator;0;1;1;0;0;1;0;0;0;1;0;0;1;0;1;0;0;0;0;0;0;30;1;0.9880597014925374
Sphere;`-=` float operator;0;1;1;0;0;1;0;0;0;1;0;0;1;0;1;0;0;0;0;0;0;30;1;0.9898734177215192
Sphere;`//` integer operator;0;1;1;0;0;1;0;0;0;1;0;0;1;0;1;0;0;0;0;0;0;30;1;0.9714285714285715
Sphere;`*` float operator;0;1;1;0;0;1;0;0;0;1;0;0;1;0;1;0;0;0;0;0;0;30;1;0.9898734177215192
Sphere;Atomic Data Types;0;1;1;0;0;1;0;0;0;1;0;0;1;0;1;0;0;0;0;0;0;30;0;1e-08
Sphere;Subtraction;0;1;1;0;0;1;0;0;0;1;0;0;1;0;1;0;0;0;0;0;0;30;0;1e-08
Sphere;Type Casting;0;1;1;0;0;1;0;0;0;1;0;0;1;0;1;0;0;0;0;0;0;30;0;1e-08
Sphere;String Slicing;0;1;1;0;0;1;0;0;0;1;0;0;1;0;1;0;0;0;0;0;0;30;1;0.9862068965517241
Sphere;`/=` integer operator;0;1;1;0;0;1;0;0;0;1;0;0;1;0;1;0;0;0;0;0;0;30;1;0.9898734177215192
Sphere;Multiplication;0;1;1;0;0;1;0;0;0;1;0;0;1;0;1;0;0;0;0;0;0;30;0;1e-08
Sphere;`*` integer operator;0;1;1;0;0;1;0;0;0;1;0;0;1;0;1;0;0;0;0;0;0;30;1;0.990909090909091
Sphere;`input()` function;0;1;1;0;0;1;0;0;0;1;0;0;1;0;1;0;0;0;0;0;0;30;1;0.990909090909091
Sphere;`return` keyword;0;1;1;0;0;1;0;0;0;1;0;0;1;0;1;0;0;0;0;0;0;30;1;0.9854545454545456
Sphere;Indexing;0;1;1;0;0;1;0;0;0;1;0;0;1;0;1;0;0;0;0;0;0;30;0;1e-08
Sphere;Ordered Data Structures;0;1;1;0;0;1;0;0;0;1;0;0;1;0;1;0;0;0;0;0;0;30;0;1e-08
Sphere;`+` integer operator;0;1;1;0;0;1;0;0;0;1;0;0;1;0;1;0;0;0;0;0;0;30;1;0.9898734177215192
Sphere;Formatted Strings;0;1;1;0;0;1;0;0;0;1;0;0;1;0;1;0;0;0;0;0;0;30;1;0.9880597014925374
Sphere;Division;0;1;1;0;0;1;0;0;0;1;0;0;1;0;1;0;0;0;0;0;0;30;0;1e-08
Sphere;Equality;0;1;1;0;0;1;0;0;0;1;0;0;1;0;1;0;0;0;0;0;0;30;0;1e-08
Sphere;Strings;0;1;1;0;0;1;0;0;0;1;0;0;1;0;1;0;0;0;0;0;0;30;1;0.990909090909091
Sphere;`==` integer operator;0;1;1;0;0;1;0;0;0;1;0;0;1;0;1;0;0;0;0;0;0;30;1;0.9898734177215192
Sphere;`-` integer operator;0;1;1;0;0;1;0;0;0;1;0;0;1;0;1;0;0;0;0;0;0;30;1;0.9898734177215192
Sphere;`!=` string operator;0;1;1;0;0;1;0;0;0;1;0;0;1;0;1;0;0;0;0;0;0;30;1;0.9813953488372094
Sphere;String Indexing;0;1;1;0;0;1;0;0;0;1;0;0;1;0;1;0;0;0;0;0;0;30;1;0.9862068965517241
Sphere;Operator Chaining;0;1;1;0;0;1;0;0;0;1;0;0;1;0;1;0;0;0;0;0;0;30;1;0.9898734177215192
Sphere;Comments;0;1;1;0;0;1;0;0;0;1;0;0;1;0;1;0;0;0;0;0;0;30;1;0.8857142857142859
Sphere;`/` float operator;0;1;1;0;0;1;0;0;0;1;0;0;1;0;1;0;0;0;0;0;0;30;1;0.9898734177215192
Sphere;`upper()` method;0;1;1;0;0;1;0;0;0;1;0;0;1;0;1;0;0;0;0;0;0;30;1;0.9862068965517241
Sphere;`try` keyword;0;1;1;0;0;1;0;0;0;1;0;0;1;0;1;0;0;0;0;0;0;30;0;1e-08
Sphere;`>` float operator;0;1;1;0;0;1;0;0;0;1;0;0;1;0;1;0;0;0;0;0;0;30;1;0.9898734177215192
Sphere;`==` string operator;0;1;1;0;0;1;0;0;0;1;0;0;1;0;1;0;0;0;0;0;0;30;1;0.9813953488372094
Sphere;`for` loops;0;1;1;0;0;1;0;0;0;1;0;0;1;0;1;0;0;0;0;0;0;30;0;1e-08
Sphere;`" "` constructor;0;1;1;0;0;1;0;0;0;1;0;0;1;0;1;0;0;0;0;0;0;30;1;0.990909090909091
Sphere;`int()` function;0;1;1;0;0;1;0;0;0;1;0;0;1;0;1;0;0;0;0;0;0;30;1;0.990909090909091
Sphere;`replace()` method;0;1;1;0;0;1;0;0;0;1;0;0;1;0;1;0;0;0;0;0;0;30;1;0.9813953488372094
Sphere;Integer Division;0;1;1;0;0;1;0;0;0;1;0;0;1;0;1;0;0;0;0;0;0;30;0;1e-08
Sphere;`%` integer operator;0;1;1;0;0;1;0;0;0;1;0;0;1;0;1;0;0;0;0;0;0;30;1;0.9714285714285715
Sphere;`print()` function;0;1;1;0;0;1;0;0;0;1;0;0;1;0;1;0;0;0;0;0;0;30;1;0.990909090909091
Sphere;Order of Operations;0;1;1;0;0;1;0;0;0;1;0;0;1;0;1;0;0;0;0;0;0;30;1;0.9898734177215192
Sphere;`len()` string function;0;1;1;0;0;1;0;0;0;1;0;0;1;0;1;0;0;0;0;0;0;30;1;0.9813953488372094
Sphere;`<=` integer operator;0;1;1;0;0;1;0;0;0;1;0;0;1;0;1;0;0;0;0;0;0;30;1;0.9898734177215192
Sphere;RAM functionality;0;1;1;0;0;1;0;0;0;1;0;0;1;0;1;0;0;0;0;0;0;30;1;0.8
Sphere;`>` string operator;0;1;1;0;0;1;0;0;0;1;0;0;1;0;1;0;0;0;0;0;0;30;1;0.9813953488372094
Sphere;`/=` float operator;0;1;1;0;0;1;0;0;0;1;0;0;1;0;1;0;0;0;0;0;0;30;1;0.9898734177215192
Sphere;`-` float operator;0;1;1;0;0;1;0;0;0;1;0;0;1;0;1;0;0;0;0;0;0;30;1;0.9898734177215192
Sphere;`float()` function;0;1;1;0;0;1;0;0;0;1;0;0;1;0;1;0;0;0;0;0;0;30;1;0.9898734177215192
Sphere;Slicing;0;1;1;0;0;1;0;0;0;1;0;0;1;0;1;0;0;0;0;0;0;30;0;1e-08
Sphere;`=` operator;0;1;1;0;0;1;0;0;0;1;0;0;1;0;1;0;0;0;0;0;0;30;1;0.990909090909091
Sphere;Modulus;0;1;1;0;0;1;0;0;0;1;0;0;1;0;1;0;0;0;0;0;0;30;0;1e-08
Sphere;`!=` integer operator;0;1;1;0;0;1;0;0;0;1;0;0;1;0;1;0;0;0;0;0;0;30;1;0.9898734177215192
Sphere;`>` integer operator;0;1;1;0;0;1;0;0;0;1;0;0;1;0;1;0;0;0;0;0;0;30;1;0.9898734177215192
Sphere;`while` loops;0;1;1;0;0;1;0;0;0;1;0;0;1;0;1;0;0;0;0;0;0;30;1;0.9854545454545456
Sphere;Methods;0;1;1;0;0;1;0;0;0;1;0;0;1;0;1;0;0;0;0;0;0;30;0;1e-08
Sphere;`>=` float operator;0;1;1;0;0;1;0;0;0;1;0;0;1;0;1;0;0;0;0;0;0;30;1;0.9898734177215192
Sphere;Machine Code;0;1;1;0;0;1;0;0;0;1;0;0;1;0;1;0;0;0;0;0;0;30;1;0.8
Sphere;Variables;0;1;1;0;0;1;0;0;0;1;0;0;1;0;1;0;0;0;0;0;0;30;1;0.990909090909091
Sphere;Program Definition;0;1;1;0;0;1;0;0;0;1;0;0;1;0;1;0;0;0;0;0;0;30;1;0.8
Sphere;`//=` integer operator;0;1;1;0;0;1;0;0;0;1;0;0;1;0;1;0;0;0;0;0;0;30;1;0.9200000000000002
Sphere;`def` constructor;0;1;1;0;0;1;0;0;0;1;0;0;1;0;1;0;0;0;0;0;0;30;1;0.9854545454545456
Sphere;`capitalize()` method;0;1;1;0;0;1;0;0;0;1;0;0;1;0;1;0;0;0;0;0;0;30;1;0.9862068965517241
==::==::==
Question;81;0
Question;20;0
Question;5;0
Question;18;0
Question;8;0
Question;53;0
Question;84;0
Question;11;0
Question;83;0
Question;9;0
Question;93;0
Question;15;0
Question;82;0
Question;85;0
Question;91;0
Question;19;0
Question;79;0
Question;48;0
Question;17;0
Question;12;0
Question;90;0
Question;14;0
Question;13;0
Question;7;0
Answer;58;0
Answer;305;0
Answer;315;0
Answer;50;0
Answer;21;0
Answer;27;0
Answer;209;0
Answer;217;0
Answer;210;0
Answer;56;0
Answer;218;0
Answer;213;0
Answer;316;0
Answer;304;0
Answer;223;0
Answer;314;0
Answer;130;0
Answer;61;0
Answer;36;0
Answer;220;0
Answer;216;0
Answer;208;0
Answer;211;0
Answer;225;0
Answer;33;0
Answer;49;0
Answer;141;0
Answer;224;0
Answer;206;0
Answer;19;0
Answer;37;0
Answer;303;0
Answer;222;0
Answer;42;0
Answer;47;0
Answer;57;0
Answer;214;0
Answer;29;0
Answer;215;0
Answer;53;0
Answer;219;0
Answer;277;0
Answer;44;0
Answer;32;0
Answer;28;0
Answer;221;0
Answer;43;0
Answer;48;0
Answer;46;0
Answer;201;0
Answer;131;0
Answer;308;0
Answer;307;0
Answer;200;0
Answer;51;0
Answer;35;0
Answer;54;0
Answer;60;0
Answer;64;0
Answer;30;0
Answer;198;0
Answer;20;0
Answer;18;0
Answer;31;0
Answer;63;0
Answer;199;0
Answer;45;0
Answer;313;0
Answer;207;0
Answer;212;0
Answer;62;0
Answer;306;0
Answer;34;0
Answer;55;0
Answer;26;0
Answer;52;0
Answer;276;0
Answer;-1;0
Mis;`<` is `not >`;0;1;1;0;0;1;0;0;0;1;0;0;1;0;0;0;0;0;0;1;0;31;0
Mis;Backwards chaining;0;1;1;0;0;1;0;0;0;1;0;0;1;0;0;0;0;0;0;0;0;31;0
Mis;`print()` needs input;0;1;1;0;0;1;0;0;0;1;0;0;1;0;0;0;0;0;0;0;0;31;0
Mis;Blank last slice non-inclusive;0;1;1;0;0;1;0;0;0;1;0;0;1;0;0;0;0;0;0;0;0;31;0
Mis;Return frame bypass;0;1;1;0;0;1;0;0;0;1;0;0;1;0;0;0;0;0;0;0;0;31;0
Mis;Functions must have input;0;1;1;0;0;1;0;0;0;1;0;0;1;0;0;0;0;0;0;0;0;31;0
Mis;No Boolean literals;0;1;1;0;0;1;0;0;0;1;0;0;1;0;0;0;0;0;0;1;0;31;0
Mis;String equality isn't case sensitive;0;1;1;0;0;1;0;0;0;1;0;0;1;0;0;0;0;0;0;1;0;31;0
Mis;Single letter variables;0;1;1;0;0;1;0;0;0;1;0;0;1;0;0;0;0;0;0;0;0;31;0
Mis;`return` on `def` indentation level;0;1;1;0;0;1;0;0;0;1;0;0;1;0;0;0;0;0;0;1;0;31;0
Mis;Iterable repetition interleaves;0;1;1;0;0;1;0;0;0;1;0;0;1;0;0;0;0;0;0;0;0;31;0
Mis;Sequenced conditionals;0;1;1;0;0;1;0;0;0;1;0;0;1;0;0;0;0;0;0;1;0;31;0
Mis;`input()` includes newline;0;1;1;0;0;1;0;0;0;1;0;0;1;0;0;0;0;0;0;0;0;31;0
Mis;Concat with single element;0;1;1;0;0;1;0;0;0;1;0;0;1;0;0;0;0;0;0;0;0;31;0
Mis;Extending strings adds space;0;1;1;0;0;1;0;0;0;1;0;0;1;0;0;0;0;0;0;1;0;31;0
Mis;Variables cannot be assigned twice;0;1;1;0;0;1;0;0;0;1;0;0;1;0;0;0;0;0;0;1;0;31;0
Mis;No `and` on objects;0;1;1;0;0;1;0;0;0;1;0;0;1;0;0;0;0;0;0;0;0;31;0
Mis;`range()` only has one input;0;1;1;0;0;1;0;0;0;1;0;0;1;0;0;0;0;0;0;0;0;31;0
Mis;Linear Order of Operations;0;1;1;0;0;1;0;0;0;1;0;0;1;0;0;0;0;0;0;1;0;31;0
Mis;`%` percentage operator;0;1;1;0;0;1;0;0;0;1;0;0;1;0;0;0;0;0;0;0;0;31;0
Mis;`self` has no value;0;1;1;0;0;1;0;0;0;1;0;0;1;0;0;0;0;0;0;1;0;31;0
Mis;Characters are strings;0;1;1;0;0;1;0;0;0;1;0;0;1;0;0;0;0;0;0;0;0;31;0
Mis;Keyword functions;0;1;1;0;0;1;0;0;0;1;0;0;1;0;0;0;0;0;0;0;0;31;0
Mis;Floating point equality okay;0;1;1;0;0;1;0;0;0;1;0;0;1;0;0;0;0;0;0;1;0;31;0
Mis;Lazy assignment;0;1;1;0;0;1;0;0;0;1;0;0;1;0;0;0;0;0;0;0;0;31;0
Mis;Index -1 is start of list;0;1;1;0;0;1;0;0;0;1;0;0;1;0;0;0;0;0;0;1;0;31;0
Mis;No variable functions;0;1;1;0;0;1;0;0;0;1;0;0;1;0;0;0;0;0;0;1;0;31;0
Mis;Multi-line strings with `' '`;0;1;1;0;0;1;0;0;0;1;0;0;1;0;0;0;0;0;0;1;0;31;0
Mis;No variable methods;0;1;1;0;0;1;0;0;0;1;0;0;1;0;0;0;0;0;0;0;0;31;0
Mis;Iterable repeition multiplies by constant;0;1;1;0;0;1;0;0;0;1;0;0;1;0;0;0;0;0;0;0;0;31;0
Mis;String methods mutate;0;1;1;0;0;1;0;0;0;1;0;0;1;0;0;0;0;0;0;0;0;31;0
Mis;No short circuit;0;1;1;0;0;1;0;0;0;1;0;0;1;0;0;0;0;0;0;1;0;31;0
Mis;Slice exclusive of first index;0;1;1;0;0;1;0;0;0;1;0;0;1;0;0;0;0;0;0;0;0;31;0
Mis;`print()` non-terminating return;0;1;1;0;0;1;0;0;0;1;0;0;1;0;0;0;0;0;0;0;0;31;0
Mis;No floating point limit;0;1;1;0;0;1;0;0;0;1;0;0;1;0;0;0;0;0;0;1;0;31;0
Mis;`>` is `not <`;0;1;1;0;0;1;0;0;0;1;0;0;1;0;0;0;0;0;0;1;0;31;0
Mis;`try` without `except`;0;1;1;0;0;1;0;0;0;1;0;0;1;0;0;0;0;0;0;1;0;31;0
Mis;Inline Function Definition;0;1;1;0;0;1;0;0;0;1;0;0;1;0;0;0;0;0;0;1;0;31;0
Mis;`print()` no newline;0;1;1;0;0;1;0;0;0;1;0;0;1;0;0;0;0;0;0;0;0;31;0
Mis;`range()` starts at 1;0;1;1;0;0;1;0;0;0;1;0;0;1;0;0;0;0;0;0;1;0;31;0
Mis;Blank slice is empty;0;1;1;0;0;1;0;0;0;1;0;0;1;0;0;0;0;0;0;0;0;31;0
Mis;`-` works on strings;0;1;1;0;0;1;0;0;0;1;0;0;1;0;0;0;0;0;0;1;0;31;0
Mis;No constructor method chain;0;1;1;0;0;1;0;0;0;1;0;0;1;0;0;0;0;0;0;0;0;31;0
Mis;`#` is an operator;0;1;1;0;0;1;0;0;0;1;0;0;1;0;0;0;0;0;0;1;0;31;0
Mis;No escape sequences;0;1;1;0;0;1;0;0;0;1;0;0;1;0;0;0;0;0;0;0;0;31;0
Mis;Methods must have input;0;1;1;0;0;1;0;0;0;1;0;0;1;0;0;0;0;0;0;0;0;31;0
Mis;Assignment duplicates;0;1;1;0;0;1;0;0;0;1;0;0;1;0;0;0;0;0;0;0;0;31;0
Mis;`=` comparison;0;1;1;0;0;1;0;0;0;1;0;0;1;0;0;0;0;0;0;1;0;31;0
Mis;No tuple return;0;1;1;0;0;1;0;0;0;1;0;0;1;0;0;0;0;0;0;0;0;31;0
Mis;`for` is `while`;0;1;1;0;0;1;0;0;0;1;0;0;1;0;0;0;0;0;0;0;0;31;0
Mis;Curly brackets stay;0;1;1;0;0;1;0;0;0;1;0;0;1;0;0;0;0;0;0;0;0;31;0
Mis;`/` is modulus;0;1;1;0;0;1;0;0;0;1;0;0;1;0;0;0;0;0;0;1;0;31;0
Mis;No implicit void functions;0;1;1;0;0;1;0;0;0;1;0;0;1;0;0;0;0;0;0;0;0;31;0
Mis;Operators cannot be chained;0;1;1;0;0;1;0;0;0;1;0;0;1;0;0;0;0;0;0;1;0;31;0
Mis;Functions must return;0;1;1;0;0;1;0;0;0;1;0;0;1;0;0;0;0;0;0;0;0;31;0
Mis;No `not` on objects;0;1;1;0;0;1;0;0;0;1;0;0;1;0;0;0;0;0;0;0;0;31;0
Mis;Ternary Boolean return;0;1;1;0;0;1;0;0;0;1;0;0;1;0;0;0;0;0;0;0;0;31;0
Mis;`if` loop;0;1;1;0;0;1;0;0;0;1;0;0;1;0;0;0;0;0;0;1;0;31;0
Mis;`range()` includes the final value;0;1;1;0;0;1;0;0;0;1;0;0;1;0;0;0;0;0;0;0;0;31;0
Mis;Methods can have no arguments;0;1;1;0;0;1;0;0;0;1;0;0;1;0;0;0;0;0;0;0;0;31;0
Mis;No string constructor method chain;0;1;1;0;0;1;0;0;0;1;0;0;1;0;0;0;0;0;0;0;0;31;0
Mis;`return` continues;0;1;1;0;0;1;0;0;0;1;0;0;1;0;0;0;0;0;0;0;0;31;0
Mis;String equality not `==`;0;1;1;0;0;1;0;0;0;1;0;0;1;0;0;0;0;0;0;0;0;31;0
Mis;String repetition adds space;0;1;1;0;0;1;0;0;0;1;0;0;1;0;0;0;0;0;0;0;0;31;0
Mis;Automatic Integer Conversion;0;1;1;0;0;1;0;0;0;1;0;0;1;0;0;0;0;0;0;1;0;31;0
Mis;Slices include last value;0;1;1;0;0;1;0;0;0;1;0;0;1;0;0;0;0;0;0;0;0;31;0
Mis;Integers limit;0;1;1;0;0;1;0;0;0;1;0;0;1;0;0;0;0;0;0;1;0;31;0
Mis;Confused string assignment;0;1;1;0;0;1;0;0;0;1;0;0;1;0;0;0;0;0;0;0;0;31;0
Mis;Lowercase Booleans;0;1;1;0;0;1;0;0;0;1;0;0;1;0;0;0;0;0;0;0;0;31;0
Mis;`pass` is `continue`;0;1;1;0;0;1;0;0;0;1;0;0;1;0;0;0;0;0;0;1;0;31;0
Mis;`print()` returns;0;1;1;0;0;1;0;0;0;1;0;0;1;0;0;0;0;0;0;1;0;31;0
Mis;`print()` only accepts one input;0;1;1;0;0;1;0;0;0;1;0;0;1;0;0;0;0;0;0;0;0;31;0
Mis;Secondary memory data loss;0;1;1;0;0;1;0;0;0;1;0;0;1;0;0;0;0;0;0;1;0;31;0
Mis;Transitive Assignment;0;1;1;0;0;1;0;0;0;1;0;0;1;0;0;0;0;0;0;1;0;31;0
Mis;No literal return;0;1;1;0;0;1;0;0;0;1;0;0;1;0;0;0;0;0;0;0;0;31;0
Mis;`input()` return value;0;1;1;0;0;1;0;0;0;1;0;0;1;0;0;0;0;0;0;1;0;31;0
Mis;Floating point `range()`;0;1;1;0;0;1;0;0;0;1;0;0;1;0;0;0;0;0;0;0;0;31;0
Mis;No `or` on objects;0;1;1;0;0;1;0;0;0;1;0;0;1;0;0;0;0;0;0;0;0;31;0
Mis;`print()` always has a newline;0;1;1;0;0;1;0;0;0;1;0;0;1;0;0;0;0;0;0;0;0;31;0
Mis;`print()` only string;0;1;1;0;0;1;0;0;0;1;0;0;1;0;0;0;0;0;0;0;0;31;0
Mis;`/` is integer division;0;1;1;0;0;1;0;0;0;1;0;0;1;0;0;0;0;0;0;1;0;31;0
Mis;`input()` requires function input;0;1;1;0;0;1;0;0;0;1;0;0;1;0;0;0;0;0;0;0;0;31;0
Mis;No method chain;0;1;1;0;0;1;0;0;0;1;0;0;1;0;0;0;0;0;0;0;0;31;0
Mis;`int()` rounds up floats;0;1;1;0;0;1;0;0;0;1;0;0;1;0;0;0;0;0;0;1;0;31;0
Mis;Multi-line strings with `" "`;0;1;1;0;0;1;0;0;0;1;0;0;1;0;0;0;0;0;0;1;0;31;0
Mis;List concat vector addition;0;1;1;0;0;1;0;0;0;1;0;0;1;0;0;0;0;0;0;1;0;31;0
Mis;`/` works on strings;0;1;1;0;0;1;0;0;0;1;0;0;1;0;0;0;0;0;0;1;0;31;0
Mis;Strings are mutable;0;1;1;0;0;1;0;0;0;1;0;0;1;0;0;0;0;0;0;0;0;31;0
Mis;No loop termination;0;1;1;0;0;1;0;0;0;1;0;0;1;0;0;0;0;0;0;1;0;31;0
Mis;Conditional Boolean return;0;1;1;0;0;1;0;0;0;1;0;0;1;0;0;0;0;0;0;0;0;31;0
Mis;Slices require indices;0;1;1;0;0;1;0;0;0;1;0;0;1;0;0;0;0;0;0;1;0;31;0
Mis;Parenthesized return;0;1;1;0;0;1;0;0;0;1;0;0;1;0;0;0;0;0;0;0;0;31;0
Mis;`%` is division;0;1;1;0;0;1;0;0;0;1;0;0;1;0;0;0;0;0;0;0;0;31;0
Mis;Iterable repetition repeated constant multiplication;0;1;1;0;0;1;0;0;0;1;0;0;1;0;0;0;0;0;0;1;0;31;0
Mis;`//` divides;0;1;1;0;0;1;0;0;0;1;0;0;1;0;0;0;0;0;0;0;0;31;0
Mis;Cannot mix index sign in slice;0;1;1;0;0;1;0;0;0;1;0;0;1;0;0;0;0;0;0;0;0;31;0
Mis;`//` is modulus;0;1;1;0;0;1;0;0;0;1;0;0;1;0;0;0;0;0;0;0;0;31;0
Mis;Slice removes;0;1;1;0;0;1;0;0;0;1;0;0;1;0;0;0;0;0;0;0;0;31;0
Mis;No nesting loops;0;1;1;0;0;1;0;0;0;1;0;0;1;0;0;0;0;0;0;0;0;31;0
Mis;Literals don't have a data type;0;1;1;0;0;1;0;0;0;1;0;0;1;0;0;0;0;0;0;1;0;31;0
Mis;`%` is integer division;0;1;1;0;0;1;0;0;0;1;0;0;1;0;0;0;0;0;0;1;0;31;0
Mis;No formatted string;0;1;1;0;0;1;0;0;0;1;0;0;1;0;0;0;0;0;0;1;0;31;0
Mis;`for` stops before last element;0;1;1;0;0;1;0;0;0;1;0;0;1;0;0;0;0;0;0;1;0;31;0
Mis;`int()` rounds floats;0;1;1;0;0;1;0;0;0;1;0;0;1;0;0;0;0;0;0;0;0;31;0
Mis;Implied repetition over logical operator;0;1;1;0;0;1;0;0;0;1;0;0;1;0;0;0;0;0;0;0;0;31;0
Mis;`for` only with `range()`;0;1;1;0;0;1;0;0;0;1;0;0;1;0;0;0;0;0;0;0;0;31;0
Mis;`while` tests after loop;0;1;1;0;0;1;0;0;0;1;0;0;1;0;0;0;0;0;0;1;0;31;0
Mis;Multi-value return;0;1;1;0;0;1;0;0;0;1;0;0;1;0;0;0;0;0;0;0;0;31;0
Mis;Strings are not objects;0;1;1;0;0;1;0;0;0;1;0;0;1;0;0;0;0;0;0;1;0;31;0
Sphere;`str()` function;0;1;1;0;0;1;0;0;0;1;0;0;1;0;0;0;0;0;0;0;0;31;1;0.9200000000000002
Sphere;Floats;0;1;1;0;0;1;0;0;0;1;0;0;1;0;0;0;0;0;0;0;0;31;1;0.9898734177215192
Sphere;`+=` float operator;0;1;1;0;0;1;0;0;0;1;0;0;1;0;0;0;0;0;0;0;0;31;1;0.9898734177215192
Sphere;Built-in Functions;0;1;1;0;0;1;0;0;0;1;0;0;1;0;0;0;0;0;0;0;0;31;0;1e-08
Sphere;`+=` integer operator;0;1;1;0;0;1;0;0;0;1;0;0;1;0;0;0;0;0;0;0;0;31;1;0.9898734177215192
Sphere;Secondary Memory;0;1;1;0;0;1;0;0;0;1;0;0;1;0;0;0;0;0;0;0;0;31;1;0.8
Sphere;`*=` float operator;0;1;1;0;0;1;0;0;0;1;0;0;1;0;0;0;0;0;0;0;0;31;1;0.9898734177215192
Sphere;Conditionals;0;1;1;0;0;1;0;0;0;1;0;0;1;0;0;0;0;0;0;0;0;31;0;0.2
Sphere;Addition;0;1;1;0;0;1;0;0;0;1;0;0;1;0;0;0;0;0;0;0;0;31;0;1e-08
Sphere;Compilers;0;1;1;0;0;1;0;0;0;1;0;0;1;0;0;0;0;0;0;0;0;31;1;0.8
Sphere;`range()` function;0;1;1;0;0;1;0;0;0;1;0;0;1;0;0;0;0;0;0;0;0;31;0;1e-08
Sphere;`%=` integer operator;0;1;1;0;0;1;0;0;0;1;0;0;1;0;0;0;0;0;0;0;0;31;1;0.9200000000000002
Sphere;Interpreters;0;1;1;0;0;1;0;0;0;1;0;0;1;0;0;0;0;0;0;0;0;31;1;0.8
Sphere;Booleans;0;1;1;0;0;1;0;0;0;1;0;0;1;0;0;0;0;0;0;0;0;31;1;0.9912087912087912
Sphere;`%` float operator;0;1;1;0;0;1;0;0;0;1;0;0;1;0;0;0;0;0;0;0;0;31;1;0.9200000000000002
Sphere;`elif` keyword;0;1;1;0;0;1;0;0;0;1;0;0;1;0;0;0;0;0;0;0;0;31;1;0.9912087912087912
Sphere;`<=` float operator;0;1;1;0;0;1;0;0;0;1;0;0;1;0;0;0;0;0;0;0;0;31;1;0.9898734177215192
Sphere;`<` float operator;0;1;1;0;0;1;0;0;0;1;0;0;1;0;0;0;0;0;0;0;0;31;1;0.9898734177215192
Sphere;Assignment;0;1;1;0;0;1;0;0;0;1;0;0;1;0;0;0;0;0;0;0;0;31;1;0.990909090909091
Sphere;`continue` keyword;0;1;1;0;0;1;0;0;0;1;0;0;1;0;0;0;0;0;0;0;0;31;0;1e-08
Sphere;`+` string operator;0;1;1;0;0;1;0;0;0;1;0;0;1;0;0;0;0;0;0;0;0;31;1;0.990909090909091
Sphere;`lower()` method;0;1;1;0;0;1;0;0;0;1;0;0;1;0;0;0;0;0;0;0;0;31;1;0.9862068965517241
Sphere;`else` keyword;0;1;1;0;0;1;0;0;0;1;0;0;1;0;0;0;0;0;0;0;0;31;1;0.9912087912087912
Sphere;`-=` integer operator;0;1;1;0;0;1;0;0;0;1;0;0;1;0;0;0;0;0;0;0;0;31;1;0.9898734177215192
Sphere;`or` operator;0;1;1;0;0;1;0;0;0;1;0;0;1;0;0;0;0;0;0;0;0;31;1;0.9912087912087912
Sphere;`!=` float operator;0;1;1;0;0;1;0;0;0;1;0;0;1;0;0;0;0;0;0;0;0;31;1;0.9898734177215192
Sphere;`<` string operator;0;1;1;0;0;1;0;0;0;1;0;0;1;0;0;0;0;0;0;0;0;31;1;0.9813953488372094
Sphere;`<` integer operator;0;1;1;0;0;1;0;0;0;1;0;0;1;0;0;0;0;0;0;0;0;31;1;0.9898734177215192
Sphere;Floating point equality;0;1;1;0;0;1;0;0;0;1;0;0;1;0;0;0;0;0;0;0;0;31;1;0.9898734177215192
Sphere;Comparison;0;1;1;0;0;1;0;0;0;1;0;0;1;0;0;0;0;0;0;0;0;31;0;1e-08
Sphere;`type()` function;0;1;1;0;0;1;0;0;0;1;0;0;1;0;0;0;0;0;0;0;0;31;1;0.9714285714285715
Sphere;Functions;0;1;1;0;0;1;0;0;0;1;0;0;1;0;0;0;0;0;0;0;0;31;1;0.9854545454545456
Sphere;Contracted `if`;0;1;1;0;0;1;0;0;0;1;0;0;1;0;0;0;0;0;0;0;0;31;1;0.9912087912087912
Sphere;Automatic Conversion;0;1;1;0;0;1;0;0;0;1;0;0;1;0;0;0;0;0;0;0;0;31;1;0.9898734177215192
Sphere;`+` float operator;0;1;1;0;0;1;0;0;0;1;0;0;1;0;0;0;0;0;0;0;0;31;1;0.9898734177215192
Sphere;`>=` integer operator;0;1;1;0;0;1;0;0;0;1;0;0;1;0;0;0;0;0;0;0;0;31;1;0.9898734177215192
Sphere;`break` keyword;0;1;1;0;0;1;0;0;0;1;0;0;1;0;0;0;0;0;0;0;0;31;0;1e-08
Sphere;CPU functionality;0;1;1;0;0;1;0;0;0;1;0;0;1;0;0;0;0;0;0;0;0;31;1;0.8
Sphere;Self Assignment;0;1;1;0;0;1;0;0;0;1;0;0;1;0;0;0;0;0;0;0;0;31;1;0.9898734177215192
Sphere;`*=` integer operator;0;1;1;0;0;1;0;0;0;1;0;0;1;0;0;0;0;0;0;0;0;31;1;0.9898734177215192
Sphere;`//` float operator;0;1;1;0;0;1;0;0;0;1;0;0;1;0;0;0;0;0;0;0;0;31;1;0.9200000000000002
Sphere;`' '` constructor;0;1;1;0;0;1;0;0;0;1;0;0;1;0;0;0;0;0;0;0;0;31;1;0.9880597014925374
Sphere;`""" """` constructor;0;1;1;0;0;1;0;0;0;1;0;0;1;0;0;0;0;0;0;0;0;31;1;0.9813953488372094
Sphere;`join()` method;0;1;1;0;0;1;0;0;0;1;0;0;1;0;0;0;0;0;0;0;0;31;1;0.9862068965517241
Sphere;`/` integer operator;0;1;1;0;0;1;0;0;0;1;0;0;1;0;0;0;0;0;0;0;0;31;1;0.9898734177215192
Sphere;Repetition;0;1;1;0;0;1;0;0;0;1;0;0;1;0;0;0;0;0;0;0;0;31;0;1e-08
Sphere;`//=` float operator;0;1;1;0;0;1;0;0;0;1;0;0;1;0;0;0;0;0;0;0;0;31;1;0.9200000000000002
Sphere;Control Flow;0;1;1;0;0;1;0;0;0;1;0;0;1;0;0;0;0;0;0;0;0;31;0;1e-08
Sphere;Loops;0;1;1;0;0;1;0;0;0;1;0;0;1;0;0;0;0;0;0;0;0;31;0;1e-08
Sphere;Integers;0;1;1;0;0;1;0;0;0;1;0;0;1;0;0;0;0;0;0;0;0;31;1;0.990909090909091
Sphere;`%=` float operator;0;1;1;0;0;1;0;0;0;1;0;0;1;0;0;0;0;0;0;0;0;31;1;0.9200000000000002
Sphere;Concatenation;0;1;1;0;0;1;0;0;0;1;0;0;1;0;0;0;0;0;0;0;0;31;0;1e-08
Sphere;`*` string operator;0;1;1;0;0;1;0;0;0;1;0;0;1;0;0;0;0;0;0;0;0;31;1;0.9880597014925374
Sphere;`-=` float operator;0;1;1;0;0;1;0;0;0;1;0;0;1;0;0;0;0;0;0;0;0;31;1;0.9898734177215192
Sphere;`//` integer operator;0;1;1;0;0;1;0;0;0;1;0;0;1;0;0;0;0;0;0;0;0;31;1;0.9714285714285715
Sphere;`*` float operator;0;1;1;0;0;1;0;0;0;1;0;0;1;0;0;0;0;0;0;0;0;31;1;0.9898734177215192
Sphere;Atomic Data Types;0;1;1;0;0;1;0;0;0;1;0;0;1;0;0;0;0;0;0;0;0;31;0;1e-08
Sphere;Subtraction;0;1;1;0;0;1;0;0;0;1;0;0;1;0;0;0;0;0;0;0;0;31;0;1e-08
Sphere;Type Casting;0;1;1;0;0;1;0;0;0;1;0;0;1;0;0;0;0;0;0;0;0;31;0;1e-08
Sphere;`not` operator;0;1;1;0;0;1;0;0;0;1;0;0;1;0;0;0;0;0;0;0;0;31;1;0.9912087912087912
Sphere;String Slicing;0;1;1;0;0;1;0;0;0;1;0;0;1;0;0;0;0;0;0;0;0;31;1;0.9862068965517241
Sphere;`and` operator;0;1;1;0;0;1;0;0;0;1;0;0;1;0;0;0;0;0;0;0;0;31;1;0.9912087912087912
Sphere;`/=` integer operator;0;1;1;0;0;1;0;0;0;1;0;0;1;0;0;0;0;0;0;0;0;31;1;0.9898734177215192
Sphere;Multiplication;0;1;1;0;0;1;0;0;0;1;0;0;1;0;0;0;0;0;0;0;0;31;0;1e-08
Sphere;`*` integer operator;0;1;1;0;0;1;0;0;0;1;0;0;1;0;0;0;0;0;0;0;0;31;1;0.990909090909091
Sphere;`input()` function;0;1;1;0;0;1;0;0;0;1;0;0;1;0;0;0;0;0;0;0;0;31;1;0.990909090909091
Sphere;`return` keyword;0;1;1;0;0;1;0;0;0;1;0;0;1;0;0;0;0;0;0;0;0;31;1;0.9854545454545456
Sphere;Indexing;0;1;1;0;0;1;0;0;0;1;0;0;1;0;0;0;0;0;0;0;0;31;0;1e-08
Sphere;Ordered Data Structures;0;1;1;0;0;1;0;0;0;1;0;0;1;0;0;0;0;0;0;0;0;31;0;1e-08
Sphere;`+` integer operator;0;1;1;0;0;1;0;0;0;1;0;0;1;0;0;0;0;0;0;0;0;31;1;0.9898734177215192
Sphere;Formatted Strings;0;1;1;0;0;1;0;0;0;1;0;0;1;0;0;0;0;0;0;0;0;31;1;0.9880597014925374
Sphere;Division;0;1;1;0;0;1;0;0;0;1;0;0;1;0;0;0;0;0;0;0;0;31;0;1e-08
Sphere;`if` keyword;0;1;1;0;0;1;0;0;0;1;0;0;1;0;0;0;0;0;0;0;0;31;1;0.9912087912087912
Sphere;Equality;0;1;1;0;0;1;0;0;0;1;0;0;1;0;0;0;0;0;0;0;0;31;0;1e-08
Sphere;Strings;0;1;1;0;0;1;0;0;0;1;0;0;1;0;0;0;0;0;0;0;0;31;1;0.990909090909091
Sphere;`==` integer operator;0;1;1;0;0;1;0;0;0;1;0;0;1;0;0;0;0;0;0;0;0;31;1;0.9898734177215192
Sphere;`-` integer operator;0;1;1;0;0;1;0;0;0;1;0;0;1;0;0;0;0;0;0;0;0;31;1;0.9898734177215192
Sphere;`!=` string operator;0;1;1;0;0;1;0;0;0;1;0;0;1;0;0;0;0;0;0;0;0;31;1;0.9813953488372094
Sphere;String Indexing;0;1;1;0;0;1;0;0;0;1;0;0;1;0;0;0;0;0;0;0;0;31;1;0.9862068965517241
Sphere;Operator Chaining;0;1;1;0;0;1;0;0;0;1;0;0;1;0;0;0;0;0;0;0;0;31;1;0.9898734177215192
Sphere;Comments;0;1;1;0;0;1;0;0;0;1;0;0;1;0;0;0;0;0;0;0;0;31;1;0.8857142857142859
Sphere;`/` float operator;0;1;1;0;0;1;0;0;0;1;0;0;1;0;0;0;0;0;0;0;0;31;1;0.9898734177215192
Sphere;`upper()` method;0;1;1;0;0;1;0;0;0;1;0;0;1;0;0;0;0;0;0;0;0;31;1;0.9862068965517241
Sphere;`try` keyword;0;1;1;0;0;1;0;0;0;1;0;0;1;0;0;0;0;0;0;0;0;31;0;1e-08
Sphere;`>` float operator;0;1;1;0;0;1;0;0;0;1;0;0;1;0;0;0;0;0;0;0;0;31;1;0.9898734177215192
Sphere;`==` string operator;0;1;1;0;0;1;0;0;0;1;0;0;1;0;0;0;0;0;0;0;0;31;1;0.9813953488372094
Sphere;`for` loops;0;1;1;0;0;1;0;0;0;1;0;0;1;0;0;0;0;0;0;0;0;31;0;1e-08
Sphere;`" "` constructor;0;1;1;0;0;1;0;0;0;1;0;0;1;0;0;0;0;0;0;0;0;31;1;0.990909090909091
Sphere;`int()` function;0;1;1;0;0;1;0;0;0;1;0;0;1;0;0;0;0;0;0;0;0;31;1;0.990909090909091
Sphere;`replace()` method;0;1;1;0;0;1;0;0;0;1;0;0;1;0;0;0;0;0;0;0;0;31;1;0.9813953488372094
Sphere;Integer Division;0;1;1;0;0;1;0;0;0;1;0;0;1;0;0;0;0;0;0;0;0;31;0;1e-08
Sphere;`%` integer operator;0;1;1;0;0;1;0;0;0;1;0;0;1;0;0;0;0;0;0;0;0;31;1;0.9714285714285715
Sphere;`print()` function;0;1;1;0;0;1;0;0;0;1;0;0;1;0;0;0;0;0;0;0;0;31;1;0.990909090909091
Sphere;Order of Operations;0;1;1;0;0;1;0;0;0;1;0;0;1;0;0;0;0;0;0;0;0;31;1;0.9898734177215192
Sphere;`len()` string function;0;1;1;0;0;1;0;0;0;1;0;0;1;0;0;0;0;0;0;0;0;31;1;0.9813953488372094
Sphere;`<=` integer operator;0;1;1;0;0;1;0;0;0;1;0;0;1;0;0;0;0;0;0;0;0;31;1;0.9898734177215192
Sphere;RAM functionality;0;1;1;0;0;1;0;0;0;1;0;0;1;0;0;0;0;0;0;0;0;31;1;0.8
Sphere;`>` string operator;0;1;1;0;0;1;0;0;0;1;0;0;1;0;0;0;0;0;0;0;0;31;1;0.9813953488372094
Sphere;`/=` float operator;0;1;1;0;0;1;0;0;0;1;0;0;1;0;0;0;0;0;0;0;0;31;1;0.9898734177215192
Sphere;`-` float operator;0;1;1;0;0;1;0;0;0;1;0;0;1;0;0;0;0;0;0;0;0;31;1;0.9898734177215192
Sphere;`float()` function;0;1;1;0;0;1;0;0;0;1;0;0;1;0;0;0;0;0;0;0;0;31;1;0.9898734177215192
Sphere;Slicing;0;1;1;0;0;1;0;0;0;1;0;0;1;0;0;0;0;0;0;0;0;31;0;1e-08
Sphere;`=` operator;0;1;1;0;0;1;0;0;0;1;0;0;1;0;0;0;0;0;0;0;0;31;1;0.990909090909091
Sphere;Modulus;0;1;1;0;0;1;0;0;0;1;0;0;1;0;0;0;0;0;0;0;0;31;0;1e-08
Sphere;`!=` integer operator;0;1;1;0;0;1;0;0;0;1;0;0;1;0;0;0;0;0;0;0;0;31;1;0.9898734177215192
Sphere;`>` integer operator;0;1;1;0;0;1;0;0;0;1;0;0;1;0;0;0;0;0;0;0;0;31;1;0.9898734177215192
Sphere;`while` loops;0;1;1;0;0;1;0;0;0;1;0;0;1;0;0;0;0;0;0;0;0;31;1;0.9854545454545456
Sphere;Methods;0;1;1;0;0;1;0;0;0;1;0;0;1;0;0;0;0;0;0;0;0;31;0;1e-08
Sphere;`>=` float operator;0;1;1;0;0;1;0;0;0;1;0;0;1;0;0;0;0;0;0;0;0;31;1;0.9898734177215192
Sphere;Machine Code;0;1;1;0;0;1;0;0;0;1;0;0;1;0;0;0;0;0;0;0;0;31;1;0.8
Sphere;Variables;0;1;1;0;0;1;0;0;0;1;0;0;1;0;0;0;0;0;0;0;0;31;1;0.990909090909091
Sphere;Program Definition;0;1;1;0;0;1;0;0;0;1;0;0;1;0;0;0;0;0;0;0;0;31;1;0.8
Sphere;`//=` integer operator;0;1;1;0;0;1;0;0;0;1;0;0;1;0;0;0;0;0;0;0;0;31;1;0.9200000000000002
Sphere;`def` constructor;0;1;1;0;0;1;0;0;0;1;0;0;1;0;0;0;0;0;0;0;0;31;1;0.9854545454545456
Sphere;`capitalize()` method;0;1;1;0;0;1;0;0;0;1;0;0;1;0;0;0;0;0;0;0;0;31;1;0.9862068965517241
==::==::==
Question;81;0
Question;20;0
Question;5;0
Question;18;0
Question;8;0
Question;53;0
Question;84;0
Question;11;0
Question;83;0
Question;9;0
Question;93;0
Question;15;0
Question;82;0
Question;85;0
Question;91;0
Question;19;0
Question;79;0
Question;48;0
Question;17;0
Question;12;0
Question;90;0
Question;14;0
Question;13;0
Question;7;0
Answer;58;0
Answer;305;0
Answer;315;0
Answer;50;0
Answer;21;0
Answer;27;0
Answer;209;0
Answer;217;0
Answer;210;0
Answer;56;0
Answer;218;0
Answer;213;0
Answer;316;0
Answer;304;0
Answer;223;0
Answer;314;0
Answer;130;0
Answer;61;0
Answer;36;0
Answer;220;0
Answer;216;0
Answer;208;0
Answer;211;0
Answer;225;0
Answer;33;0
Answer;49;0
Answer;141;0
Answer;224;0
Answer;206;0
Answer;19;0
Answer;37;0
Answer;303;0
Answer;222;0
Answer;42;0
Answer;47;0
Answer;57;0
Answer;214;0
Answer;29;0
Answer;215;0
Answer;53;0
Answer;219;0
Answer;277;0
Answer;44;0
Answer;32;0
Answer;28;0
Answer;221;0
Answer;43;0
Answer;48;0
Answer;46;0
Answer;201;0
Answer;131;0
Answer;308;0
Answer;307;0
Answer;200;0
Answer;51;0
Answer;35;0
Answer;54;0
Answer;60;0
Answer;64;0
Answer;30;0
Answer;198;0
Answer;20;0
Answer;18;0
Answer;31;0
Answer;63;0
Answer;199;0
Answer;45;0
Answer;313;0
Answer;207;0
Answer;212;0
Answer;62;0
Answer;306;0
Answer;34;0
Answer;55;0
Answer;26;0
Answer;52;0
Answer;276;0
Answer;-1;0
Mis;`<` is `not >`;0;1;1;0;0;1;0;0;0;1;0;0;1;0;0;0;1;0;0;1;0;32;0
Mis;Backwards chaining;0;1;1;0;0;1;0;0;0;1;0;0;1;0;0;0;1;0;0;0;0;32;0
Mis;`print()` needs input;0;1;1;0;0;1;0;0;0;1;0;0;1;0;0;0;1;0;0;0;0;32;0
Mis;Blank last slice non-inclusive;0;1;1;0;0;1;0;0;0;1;0;0;1;0;0;0;1;0;0;0;0;32;0
Mis;Return frame bypass;0;1;1;0;0;1;0;0;0;1;0;0;1;0;0;0;1;0;0;0;0;32;0
Mis;Functions must have input;0;1;1;0;0;1;0;0;0;1;0;0;1;0;0;0;1;0;0;0;0;32;0
Mis;No Boolean literals;0;1;1;0;0;1;0;0;0;1;0;0;1;0;0;0;1;0;0;1;0;32;0
Mis;String equality isn't case sensitive;0;1;1;0;0;1;0;0;0;1;0;0;1;0;0;0;1;0;0;1;0;32;0
Mis;Single letter variables;0;1;1;0;0;1;0;0;0;1;0;0;1;0;0;0;1;0;0;0;0;32;0
Mis;`return` on `def` indentation level;0;1;1;0;0;1;0;0;0;1;0;0;1;0;0;0;1;0;0;1;0;32;0
Mis;Iterable repetition interleaves;0;1;1;0;0;1;0;0;0;1;0;0;1;0;0;0;1;0;0;0;0;32;0
Mis;Sequenced conditionals;0;1;1;0;0;1;0;0;0;1;0;0;1;0;0;0;1;0;0;1;0;32;0
Mis;`input()` includes newline;0;1;1;0;0;1;0;0;0;1;0;0;1;0;0;0;1;0;0;0;0;32;0
Mis;Concat with single element;0;1;1;0;0;1;0;0;0;1;0;0;1;0;0;0;1;0;0;0;0;32;0
Mis;Extending strings adds space;0;1;1;0;0;1;0;0;0;1;0;0;1;0;0;0;1;0;0;1;0;32;0
Mis;Variables cannot be assigned twice;0;1;1;0;0;1;0;0;0;1;0;0;1;0;0;0;1;0;0;1;0;32;0
Mis;No `and` on objects;0;1;1;0;0;1;0;0;0;1;0;0;1;0;0;0;1;0;0;0;0;32;0
Mis;`range()` only has one input;0;1;1;0;0;1;0;0;0;1;0;0;1;0;0;0;1;0;0;0;0;32;0
Mis;Linear Order of Operations;0;1;1;0;0;1;0;0;0;1;0;0;1;0;0;0;1;0;0;1;0;32;0
Mis;`%` percentage operator;0;1;1;0;0;1;0;0;0;1;0;0;1;0;0;0;1;0;0;0;0;32;0
Mis;`self` has no value;0;1;1;0;0;1;0;0;0;1;0;0;1;0;0;0;1;0;0;1;0;32;0
Mis;Characters are strings;0;1;1;0;0;1;0;0;0;1;0;0;1;0;0;0;1;0;0;0;0;32;0
Mis;Keyword functions;0;1;1;0;0;1;0;0;0;1;0;0;1;0;0;0;1;0;0;0;0;32;0
Mis;Floating point equality okay;0;1;1;0;0;1;0;0;0;1;0;0;1;0;0;0;1;0;0;1;0;32;0
Mis;Lazy assignment;0;1;1;0;0;1;0;0;0;1;0;0;1;0;0;0;1;0;0;0;0;32;0
Mis;Index -1 is start of list;0;1;1;0;0;1;0;0;0;1;0;0;1;0;0;0;1;0;0;1;0;32;0
Mis;No variable functions;0;1;1;0;0;1;0;0;0;1;0;0;1;0;0;0;1;0;0;1;0;32;0
Mis;Multi-line strings with `' '`;0;1;1;0;0;1;0;0;0;1;0;0;1;0;0;0;1;0;0;1;0;32;0
Mis;No variable methods;0;1;1;0;0;1;0;0;0;1;0;0;1;0;0;0;1;0;0;0;0;32;0
Mis;Iterable repeition multiplies by constant;0;1;1;0;0;1;0;0;0;1;0;0;1;0;0;0;1;0;0;0;0;32;0
Mis;String methods mutate;0;1;1;0;0;1;0;0;0;1;0;0;1;0;0;0;1;0;0;0;0;32;0
Mis;No short circuit;0;1;1;0;0;1;0;0;0;1;0;0;1;0;0;0;1;0;0;1;0;32;0
Mis;Slice exclusive of first index;0;1;1;0;0;1;0;0;0;1;0;0;1;0;0;0;1;0;0;0;0;32;0
Mis;`print()` non-terminating return;0;1;1;0;0;1;0;0;0;1;0;0;1;0;0;0;1;0;0;0;0;32;0
Mis;No floating point limit;0;1;1;0;0;1;0;0;0;1;0;0;1;0;0;0;1;0;0;1;0;32;0
Mis;`>` is `not <`;0;1;1;0;0;1;0;0;0;1;0;0;1;0;0;0;1;0;0;1;0;32;0
Mis;`try` without `except`;0;1;1;0;0;1;0;0;0;1;0;0;1;0;0;0;1;0;0;1;0;32;0
Mis;Inline Function Definition;0;1;1;0;0;1;0;0;0;1;0;0;1;0;0;0;1;0;0;1;0;32;0
Mis;`print()` no newline;0;1;1;0;0;1;0;0;0;1;0;0;1;0;0;0;1;0;0;0;0;32;0
Mis;`range()` starts at 1;0;1;1;0;0;1;0;0;0;1;0;0;1;0;0;0;1;0;0;1;0;32;0
Mis;Blank slice is empty;0;1;1;0;0;1;0;0;0;1;0;0;1;0;0;0;1;0;0;0;0;32;0
Mis;`-` works on strings;0;1;1;0;0;1;0;0;0;1;0;0;1;0;0;0;1;0;0;1;0;32;0
Mis;No constructor method chain;0;1;1;0;0;1;0;0;0;1;0;0;1;0;0;0;1;0;0;0;0;32;0
Mis;`#` is an operator;0;1;1;0;0;1;0;0;0;1;0;0;1;0;0;0;1;0;0;1;0;32;0
Mis;No escape sequences;0;1;1;0;0;1;0;0;0;1;0;0;1;0;0;0;1;0;0;0;0;32;0
Mis;Methods must have input;0;1;1;0;0;1;0;0;0;1;0;0;1;0;0;0;1;0;0;0;0;32;0
Mis;Assignment duplicates;0;1;1;0;0;1;0;0;0;1;0;0;1;0;0;0;1;0;0;0;0;32;0
Mis;`=` comparison;0;1;1;0;0;1;0;0;0;1;0;0;1;0;0;0;1;0;0;1;0;32;0
Mis;No tuple return;0;1;1;0;0;1;0;0;0;1;0;0;1;0;0;0;1;0;0;0;0;32;0
Mis;`for` is `while`;0;1;1;0;0;1;0;0;0;1;0;0;1;0;0;0;1;0;0;0;0;32;0
Mis;Curly brackets stay;0;1;1;0;0;1;0;0;0;1;0;0;1;0;0;0;1;0;0;0;0;32;0
Mis;`/` is modulus;0;1;1;0;0;1;0;0;0;1;0;0;1;0;0;0;1;0;0;1;0;32;0
Mis;No implicit void functions;0;1;1;0;0;1;0;0;0;1;0;0;1;0;0;0;1;0;0;0;0;32;0
Mis;Operators cannot be chained;0;1;1;0;0;1;0;0;0;1;0;0;1;0;0;0;1;0;0;1;0;32;0
Mis;Functions must return;0;1;1;0;0;1;0;0;0;1;0;0;1;0;0;0;1;0;0;0;0;32;0
Mis;No `not` on objects;0;1;1;0;0;1;0;0;0;1;0;0;1;0;0;0;1;0;0;0;0;32;0
Mis;Ternary Boolean return;0;1;1;0;0;1;0;0;0;1;0;0;1;0;0;0;1;0;0;0;0;32;0
Mis;`if` loop;0;1;1;0;0;1;0;0;0;1;0;0;1;0;0;0;1;0;0;1;0;32;0
Mis;`range()` includes the final value;0;1;1;0;0;1;0;0;0;1;0;0;1;0;0;0;1;0;0;0;0;32;0
Mis;Methods can have no arguments;0;1;1;0;0;1;0;0;0;1;0;0;1;0;0;0;1;0;0;0;0;32;0
Mis;No string constructor method chain;0;1;1;0;0;1;0;0;0;1;0;0;1;0;0;0;1;0;0;0;0;32;0
Mis;`return` continues;0;1;1;0;0;1;0;0;0;1;0;0;1;0;0;0;1;0;0;0;0;32;0
Mis;String equality not `==`;0;1;1;0;0;1;0;0;0;1;0;0;1;0;0;0;1;0;0;0;0;32;0
Mis;String repetition adds space;0;1;1;0;0;1;0;0;0;1;0;0;1;0;0;0;1;0;0;0;0;32;0
Mis;Automatic Integer Conversion;0;1;1;0;0;1;0;0;0;1;0;0;1;0;0;0;1;0;0;1;0;32;0
Mis;Slices include last value;0;1;1;0;0;1;0;0;0;1;0;0;1;0;0;0;1;0;0;0;0;32;0
Mis;Integers limit;0;1;1;0;0;1;0;0;0;1;0;0;1;0;0;0;1;0;0;1;0;32;0
Mis;Confused string assignment;0;1;1;0;0;1;0;0;0;1;0;0;1;0;0;0;1;0;0;0;0;32;0
Mis;Lowercase Booleans;0;1;1;0;0;1;0;0;0;1;0;0;1;0;0;0;1;0;0;0;0;32;0
Mis;`pass` is `continue`;0;1;1;0;0;1;0;0;0;1;0;0;1;0;0;0;1;0;0;1;0;32;0
Mis;`print()` returns;0;1;1;0;0;1;0;0;0;1;0;0;1;0;0;0;1;0;0;1;0;32;0
Mis;`print()` only accepts one input;0;1;1;0;0;1;0;0;0;1;0;0;1;0;0;0;1;0;0;0;0;32;0
Mis;Secondary memory data loss;0;1;1;0;0;1;0;0;0;1;0;0;1;0;0;0;1;0;0;1;0;32;0
Mis;Transitive Assignment;0;1;1;0;0;1;0;0;0;1;0;0;1;0;0;0;1;0;0;1;0;32;0
Mis;No literal return;0;1;1;0;0;1;0;0;0;1;0;0;1;0;0;0;1;0;0;0;0;32;0
Mis;`input()` return value;0;1;1;0;0;1;0;0;0;1;0;0;1;0;0;0;1;0;0;1;0;32;0
Mis;Floating point `range()`;0;1;1;0;0;1;0;0;0;1;0;0;1;0;0;0;1;0;0;0;0;32;0
Mis;No `or` on objects;0;1;1;0;0;1;0;0;0;1;0;0;1;0;0;0;1;0;0;0;0;32;0
Mis;`print()` always has a newline;0;1;1;0;0;1;0;0;0;1;0;0;1;0;0;0;1;0;0;0;0;32;0
Mis;`print()` only string;0;1;1;0;0;1;0;0;0;1;0;0;1;0;0;0;1;0;0;0;0;32;0
Mis;`/` is integer division;0;1;1;0;0;1;0;0;0;1;0;0;1;0;0;0;1;0;0;1;0;32;0
Mis;`input()` requires function input;0;1;1;0;0;1;0;0;0;1;0;0;1;0;0;0;1;0;0;0;0;32;0
Mis;No method chain;0;1;1;0;0;1;0;0;0;1;0;0;1;0;0;0;1;0;0;0;0;32;0
Mis;`int()` rounds up floats;0;1;1;0;0;1;0;0;0;1;0;0;1;0;0;0;1;0;0;1;0;32;0
Mis;Multi-line strings with `" "`;0;1;1;0;0;1;0;0;0;1;0;0;1;0;0;0;1;0;0;1;0;32;0
Mis;List concat vector addition;0;1;1;0;0;1;0;0;0;1;0;0;1;0;0;0;1;0;0;1;0;32;0
Mis;`/` works on strings;0;1;1;0;0;1;0;0;0;1;0;0;1;0;0;0;1;0;0;1;0;32;0
Mis;Strings are mutable;0;1;1;0;0;1;0;0;0;1;0;0;1;0;0;0;1;0;0;0;0;32;0
Mis;No loop termination;0;1;1;0;0;1;0;0;0;1;0;0;1;0;0;0;1;0;0;1;0;32;0
Mis;Conditional Boolean return;0;1;1;0;0;1;0;0;0;1;0;0;1;0;0;0;1;0;0;0;0;32;0
Mis;Slices require indices;0;1;1;0;0;1;0;0;0;1;0;0;1;0;0;0;1;0;0;1;0;32;0
Mis;Parenthesized return;0;1;1;0;0;1;0;0;0;1;0;0;1;0;0;0;1;0;0;0;0;32;0
Mis;`%` is division;0;1;1;0;0;1;0;0;0;1;0;0;1;0;0;0;1;0;0;0;0;32;0
Mis;Iterable repetition repeated constant multiplication;0;1;1;0;0;1;0;0;0;1;0;0;1;0;0;0;1;0;0;1;0;32;0
Mis;`//` divides;0;1;1;0;0;1;0;0;0;1;0;0;1;0;0;0;1;0;0;0;0;32;0
Mis;Cannot mix index sign in slice;0;1;1;0;0;1;0;0;0;1;0;0;1;0;0;0;1;0;0;0;0;32;0
Mis;`//` is modulus;0;1;1;0;0;1;0;0;0;1;0;0;1;0;0;0;1;0;0;0;0;32;0
Mis;Slice removes;0;1;1;0;0;1;0;0;0;1;0;0;1;0;0;0;1;0;0;0;0;32;0
Mis;No nesting loops;0;1;1;0;0;1;0;0;0;1;0;0;1;0;0;0;1;0;0;0;0;32;0
Mis;Literals don't have a data type;0;1;1;0;0;1;0;0;0;1;0;0;1;0;0;0;1;0;0;1;0;32;0
Mis;`%` is integer division;0;1;1;0;0;1;0;0;0;1;0;0;1;0;0;0;1;0;0;1;0;32;0
Mis;No formatted string;0;1;1;0;0;1;0;0;0;1;0;0;1;0;0;0;1;0;0;1;0;32;0
Mis;`for` stops before last element;0;1;1;0;0;1;0;0;0;1;0;0;1;0;0;0;1;0;0;1;0;32;0
Mis;`int()` rounds floats;0;1;1;0;0;1;0;0;0;1;0;0;1;0;0;0;1;0;0;0;0;32;0
Mis;Implied repetition over logical operator;0;1;1;0;0;1;0;0;0;1;0;0;1;0;0;0;1;0;0;0;0;32;0
Mis;`for` only with `range()`;0;1;1;0;0;1;0;0;0;1;0;0;1;0;0;0;1;0;0;0;0;32;0
Mis;`while` tests after loop;0;1;1;0;0;1;0;0;0;1;0;0;1;0;0;0;1;0;0;1;0;32;0
Mis;Multi-value return;0;1;1;0;0;1;0;0;0;1;0;0;1;0;0;0;1;0;0;0;0;32;0
Mis;Strings are not objects;0;1;1;0;0;1;0;0;0;1;0;0;1;0;0;0;1;0;0;1;0;32;0
Sphere;Assignment;0;1;1;0;0;1;0;0;0;1;0;0;1;0;0;0;1;0;0;1;0;32;1;0.992
Sphere;`+` string operator;0;1;1;0;0;1;0;0;0;1;0;0;1;0;0;0;1;0;0;1;0;32;1;0.992
Sphere;`" "` constructor;0;1;1;0;0;1;0;0;0;1;0;0;1;0;0;0;1;0;0;1;0;32;1;0.992
Sphere;Variables;0;1;1;0;0;1;0;0;0;1;0;0;1;0;0;0;1;0;0;1;0;32;1;0.992
Sphere;Strings;0;1;1;0;0;1;0;0;0;1;0;0;1;0;0;0;1;0;0;1;0;32;1;0.992
Sphere;`int()` function;0;1;1;0;0;1;0;0;0;1;0;0;1;0;0;0;1;0;0;1;0;32;1;0.992
Sphere;`*` integer operator;0;1;1;0;0;1;0;0;0;1;0;0;1;0;0;0;1;0;0;1;0;32;1;0.992
Sphere;`input()` function;0;1;1;0;0;1;0;0;0;1;0;0;1;0;0;0;1;0;0;1;0;32;1;0.992
Sphere;Integers;0;1;1;0;0;1;0;0;0;1;0;0;1;0;0;0;1;0;0;1;0;32;1;0.992
Sphere;`=` operator;0;1;1;0;0;1;0;0;0;1;0;0;1;0;0;0;1;0;0;1;0;32;1;0.992
Sphere;`print()` function;0;1;1;0;0;1;0;0;0;1;0;0;1;0;0;0;1;0;0;1;0;32;1;0.992
Sphere;`str()` function;0;1;1;0;0;1;0;0;0;1;0;0;1;0;0;0;1;0;0;0;0;32;1;0.9200000000000002
Sphere;Floats;0;1;1;0;0;1;0;0;0;1;0;0;1;0;0;0;1;0;0;0;0;32;1;0.9898734177215192
Sphere;`+=` float operator;0;1;1;0;0;1;0;0;0;1;0;0;1;0;0;0;1;0;0;0;0;32;1;0.9898734177215192
Sphere;Built-in Functions;0;1;1;0;0;1;0;0;0;1;0;0;1;0;0;0;1;0;0;0;0;32;0;1e-08
Sphere;`+=` integer operator;0;1;1;0;0;1;0;0;0;1;0;0;1;0;0;0;1;0;0;0;0;32;1;0.9898734177215192
Sphere;Secondary Memory;0;1;1;0;0;1;0;0;0;1;0;0;1;0;0;0;1;0;0;0;0;32;1;0.8
Sphere;`*=` float operator;0;1;1;0;0;1;0;0;0;1;0;0;1;0;0;0;1;0;0;0;0;32;1;0.9898734177215192
Sphere;Conditionals;0;1;1;0;0;1;0;0;0;1;0;0;1;0;0;0;1;0;0;0;0;32;0;0.2
Sphere;Addition;0;1;1;0;0;1;0;0;0;1;0;0;1;0;0;0;1;0;0;0;0;32;0;1e-08
Sphere;Compilers;0;1;1;0;0;1;0;0;0;1;0;0;1;0;0;0;1;0;0;0;0;32;1;0.8
Sphere;`range()` function;0;1;1;0;0;1;0;0;0;1;0;0;1;0;0;0;1;0;0;0;0;32;0;1e-08
Sphere;`%=` integer operator;0;1;1;0;0;1;0;0;0;1;0;0;1;0;0;0;1;0;0;0;0;32;1;0.9200000000000002
Sphere;Interpreters;0;1;1;0;0;1;0;0;0;1;0;0;1;0;0;0;1;0;0;0;0;32;1;0.8
Sphere;Booleans;0;1;1;0;0;1;0;0;0;1;0;0;1;0;0;0;1;0;0;0;0;32;1;0.9912087912087912
Sphere;`%` float operator;0;1;1;0;0;1;0;0;0;1;0;0;1;0;0;0;1;0;0;0;0;32;1;0.9200000000000002
Sphere;`elif` keyword;0;1;1;0;0;1;0;0;0;1;0;0;1;0;0;0;1;0;0;0;0;32;1;0.9912087912087912
Sphere;`<=` float operator;0;1;1;0;0;1;0;0;0;1;0;0;1;0;0;0;1;0;0;0;0;32;1;0.9898734177215192
Sphere;`<` float operator;0;1;1;0;0;1;0;0;0;1;0;0;1;0;0;0;1;0;0;0;0;32;1;0.9898734177215192
Sphere;`continue` keyword;0;1;1;0;0;1;0;0;0;1;0;0;1;0;0;0;1;0;0;0;0;32;0;1e-08
Sphere;`lower()` method;0;1;1;0;0;1;0;0;0;1;0;0;1;0;0;0;1;0;0;0;0;32;1;0.9862068965517241
Sphere;`else` keyword;0;1;1;0;0;1;0;0;0;1;0;0;1;0;0;0;1;0;0;0;0;32;1;0.9912087912087912
Sphere;`-=` integer operator;0;1;1;0;0;1;0;0;0;1;0;0;1;0;0;0;1;0;0;0;0;32;1;0.9898734177215192
Sphere;`or` operator;0;1;1;0;0;1;0;0;0;1;0;0;1;0;0;0;1;0;0;0;0;32;1;0.9912087912087912
Sphere;`!=` float operator;0;1;1;0;0;1;0;0;0;1;0;0;1;0;0;0;1;0;0;0;0;32;1;0.9898734177215192
Sphere;`<` string operator;0;1;1;0;0;1;0;0;0;1;0;0;1;0;0;0;1;0;0;0;0;32;1;0.9813953488372094
Sphere;`<` integer operator;0;1;1;0;0;1;0;0;0;1;0;0;1;0;0;0;1;0;0;0;0;32;1;0.9898734177215192
Sphere;Floating point equality;0;1;1;0;0;1;0;0;0;1;0;0;1;0;0;0;1;0;0;0;0;32;1;0.9898734177215192
Sphere;Comparison;0;1;1;0;0;1;0;0;0;1;0;0;1;0;0;0;1;0;0;0;0;32;0;1e-08
Sphere;`type()` function;0;1;1;0;0;1;0;0;0;1;0;0;1;0;0;0;1;0;0;0;0;32;1;0.9714285714285715
Sphere;Functions;0;1;1;0;0;1;0;0;0;1;0;0;1;0;0;0;1;0;0;0;0;32;1;0.9854545454545456
Sphere;Contracted `if`;0;1;1;0;0;1;0;0;0;1;0;0;1;0;0;0;1;0;0;0;0;32;1;0.9912087912087912
Sphere;Automatic Conversion;0;1;1;0;0;1;0;0;0;1;0;0;1;0;0;0;1;0;0;0;0;32;1;0.9898734177215192
Sphere;`+` float operator;0;1;1;0;0;1;0;0;0;1;0;0;1;0;0;0;1;0;0;0;0;32;1;0.9898734177215192
Sphere;`>=` integer operator;0;1;1;0;0;1;0;0;0;1;0;0;1;0;0;0;1;0;0;0;0;32;1;0.9898734177215192
Sphere;`break` keyword;0;1;1;0;0;1;0;0;0;1;0;0;1;0;0;0;1;0;0;0;0;32;0;1e-08
Sphere;CPU functionality;0;1;1;0;0;1;0;0;0;1;0;0;1;0;0;0;1;0;0;0;0;32;1;0.8
Sphere;Self Assignment;0;1;1;0;0;1;0;0;0;1;0;0;1;0;0;0;1;0;0;0;0;32;1;0.9898734177215192
Sphere;`*=` integer operator;0;1;1;0;0;1;0;0;0;1;0;0;1;0;0;0;1;0;0;0;0;32;1;0.9898734177215192
Sphere;`//` float operator;0;1;1;0;0;1;0;0;0;1;0;0;1;0;0;0;1;0;0;0;0;32;1;0.9200000000000002
Sphere;`' '` constructor;0;1;1;0;0;1;0;0;0;1;0;0;1;0;0;0;1;0;0;0;0;32;1;0.9880597014925374
Sphere;`""" """` constructor;0;1;1;0;0;1;0;0;0;1;0;0;1;0;0;0;1;0;0;0;0;32;1;0.9813953488372094
Sphere;`join()` method;0;1;1;0;0;1;0;0;0;1;0;0;1;0;0;0;1;0;0;0;0;32;1;0.9862068965517241
Sphere;`/` integer operator;0;1;1;0;0;1;0;0;0;1;0;0;1;0;0;0;1;0;0;0;0;32;1;0.9898734177215192
Sphere;Repetition;0;1;1;0;0;1;0;0;0;1;0;0;1;0;0;0;1;0;0;0;0;32;0;1e-08
Sphere;`//=` float operator;0;1;1;0;0;1;0;0;0;1;0;0;1;0;0;0;1;0;0;0;0;32;1;0.9200000000000002
Sphere;Control Flow;0;1;1;0;0;1;0;0;0;1;0;0;1;0;0;0;1;0;0;0;0;32;0;1e-08
Sphere;Loops;0;1;1;0;0;1;0;0;0;1;0;0;1;0;0;0;1;0;0;0;0;32;0;1e-08
Sphere;`%=` float operator;0;1;1;0;0;1;0;0;0;1;0;0;1;0;0;0;1;0;0;0;0;32;1;0.9200000000000002
Sphere;Concatenation;0;1;1;0;0;1;0;0;0;1;0;0;1;0;0;0;1;0;0;0;0;32;0;1e-08
Sphere;`*` string operator;0;1;1;0;0;1;0;0;0;1;0;0;1;0;0;0;1;0;0;0;0;32;1;0.9880597014925374
Sphere;`-=` float operator;0;1;1;0;0;1;0;0;0;1;0;0;1;0;0;0;1;0;0;0;0;32;1;0.9898734177215192
Sphere;`//` integer operator;0;1;1;0;0;1;0;0;0;1;0;0;1;0;0;0;1;0;0;0;0;32;1;0.9714285714285715
Sphere;`*` float operator;0;1;1;0;0;1;0;0;0;1;0;0;1;0;0;0;1;0;0;0;0;32;1;0.9898734177215192
Sphere;Atomic Data Types;0;1;1;0;0;1;0;0;0;1;0;0;1;0;0;0;1;0;0;0;0;32;0;1e-08
Sphere;Subtraction;0;1;1;0;0;1;0;0;0;1;0;0;1;0;0;0;1;0;0;0;0;32;0;1e-08
Sphere;Type Casting;0;1;1;0;0;1;0;0;0;1;0;0;1;0;0;0;1;0;0;0;0;32;0;1e-08
Sphere;`not` operator;0;1;1;0;0;1;0;0;0;1;0;0;1;0;0;0;1;0;0;0;0;32;1;0.9912087912087912
Sphere;String Slicing;0;1;1;0;0;1;0;0;0;1;0;0;1;0;0;0;1;0;0;0;0;32;1;0.9862068965517241
Sphere;`and` operator;0;1;1;0;0;1;0;0;0;1;0;0;1;0;0;0;1;0;0;0;0;32;1;0.9912087912087912
Sphere;`/=` integer operator;0;1;1;0;0;1;0;0;0;1;0;0;1;0;0;0;1;0;0;0;0;32;1;0.9898734177215192
Sphere;Multiplication;0;1;1;0;0;1;0;0;0;1;0;0;1;0;0;0;1;0;0;0;0;32;0;1e-08
Sphere;`return` keyword;0;1;1;0;0;1;0;0;0;1;0;0;1;0;0;0;1;0;0;0;0;32;1;0.9854545454545456
Sphere;Indexing;0;1;1;0;0;1;0;0;0;1;0;0;1;0;0;0;1;0;0;0;0;32;0;1e-08
Sphere;Ordered Data Structures;0;1;1;0;0;1;0;0;0;1;0;0;1;0;0;0;1;0;0;0;0;32;0;1e-08
Sphere;`+` integer operator;0;1;1;0;0;1;0;0;0;1;0;0;1;0;0;0;1;0;0;0;0;32;1;0.9898734177215192
Sphere;Formatted Strings;0;1;1;0;0;1;0;0;0;1;0;0;1;0;0;0;1;0;0;0;0;32;1;0.9880597014925374
Sphere;Division;0;1;1;0;0;1;0;0;0;1;0;0;1;0;0;0;1;0;0;0;0;32;0;1e-08
Sphere;`if` keyword;0;1;1;0;0;1;0;0;0;1;0;0;1;0;0;0;1;0;0;0;0;32;1;0.9912087912087912
Sphere;Equality;0;1;1;0;0;1;0;0;0;1;0;0;1;0;0;0;1;0;0;0;0;32;0;1e-08
Sphere;`==` integer operator;0;1;1;0;0;1;0;0;0;1;0;0;1;0;0;0;1;0;0;0;0;32;1;0.9898734177215192
Sphere;`-` integer operator;0;1;1;0;0;1;0;0;0;1;0;0;1;0;0;0;1;0;0;0;0;32;1;0.9898734177215192
Sphere;`!=` string operator;0;1;1;0;0;1;0;0;0;1;0;0;1;0;0;0;1;0;0;0;0;32;1;0.9813953488372094
Sphere;String Indexing;0;1;1;0;0;1;0;0;0;1;0;0;1;0;0;0;1;0;0;0;0;32;1;0.9862068965517241
Sphere;Operator Chaining;0;1;1;0;0;1;0;0;0;1;0;0;1;0;0;0;1;0;0;0;0;32;1;0.9898734177215192
Sphere;Comments;0;1;1;0;0;1;0;0;0;1;0;0;1;0;0;0;1;0;0;0;0;32;1;0.8857142857142859
Sphere;`/` float operator;0;1;1;0;0;1;0;0;0;1;0;0;1;0;0;0;1;0;0;0;0;32;1;0.9898734177215192
Sphere;`upper()` method;0;1;1;0;0;1;0;0;0;1;0;0;1;0;0;0;1;0;0;0;0;32;1;0.9862068965517241
Sphere;`try` keyword;0;1;1;0;0;1;0;0;0;1;0;0;1;0;0;0;1;0;0;0;0;32;0;1e-08
Sphere;`>` float operator;0;1;1;0;0;1;0;0;0;1;0;0;1;0;0;0;1;0;0;0;0;32;1;0.9898734177215192
Sphere;`==` string operator;0;1;1;0;0;1;0;0;0;1;0;0;1;0;0;0;1;0;0;0;0;32;1;0.9813953488372094
Sphere;`for` loops;0;1;1;0;0;1;0;0;0;1;0;0;1;0;0;0;1;0;0;0;0;32;0;1e-08
Sphere;`replace()` method;0;1;1;0;0;1;0;0;0;1;0;0;1;0;0;0;1;0;0;0;0;32;1;0.9813953488372094
Sphere;Integer Division;0;1;1;0;0;1;0;0;0;1;0;0;1;0;0;0;1;0;0;0;0;32;0;1e-08
Sphere;`%` integer operator;0;1;1;0;0;1;0;0;0;1;0;0;1;0;0;0;1;0;0;0;0;32;1;0.9714285714285715
Sphere;Order of Operations;0;1;1;0;0;1;0;0;0;1;0;0;1;0;0;0;1;0;0;0;0;32;1;0.9898734177215192
Sphere;`len()` string function;0;1;1;0;0;1;0;0;0;1;0;0;1;0;0;0;1;0;0;0;0;32;1;0.9813953488372094
Sphere;`<=` integer operator;0;1;1;0;0;1;0;0;0;1;0;0;1;0;0;0;1;0;0;0;0;32;1;0.9898734177215192
Sphere;RAM functionality;0;1;1;0;0;1;0;0;0;1;0;0;1;0;0;0;1;0;0;0;0;32;1;0.8
Sphere;`>` string operator;0;1;1;0;0;1;0;0;0;1;0;0;1;0;0;0;1;0;0;0;0;32;1;0.9813953488372094
Sphere;`/=` float operator;0;1;1;0;0;1;0;0;0;1;0;0;1;0;0;0;1;0;0;0;0;32;1;0.9898734177215192
Sphere;`-` float operator;0;1;1;0;0;1;0;0;0;1;0;0;1;0;0;0;1;0;0;0;0;32;1;0.9898734177215192
Sphere;`float()` function;0;1;1;0;0;1;0;0;0;1;0;0;1;0;0;0;1;0;0;0;0;32;1;0.9898734177215192
Sphere;Slicing;0;1;1;0;0;1;0;0;0;1;0;0;1;0;0;0;1;0;0;0;0;32;0;1e-08
Sphere;Modulus;0;1;1;0;0;1;0;0;0;1;0;0;1;0;0;0;1;0;0;0;0;32;0;1e-08
Sphere;`!=` integer operator;0;1;1;0;0;1;0;0;0;1;0;0;1;0;0;0;1;0;0;0;0;32;1;0.9898734177215192
Sphere;`>` integer operator;0;1;1;0;0;1;0;0;0;1;0;0;1;0;0;0;1;0;0;0;0;32;1;0.9898734177215192
Sphere;`while` loops;0;1;1;0;0;1;0;0;0;1;0;0;1;0;0;0;1;0;0;0;0;32;1;0.9854545454545456
Sphere;Methods;0;1;1;0;0;1;0;0;0;1;0;0;1;0;0;0;1;0;0;0;0;32;0;1e-08
Sphere;`>=` float operator;0;1;1;0;0;1;0;0;0;1;0;0;1;0;0;0;1;0;0;0;0;32;1;0.9898734177215192
Sphere;Machine Code;0;1;1;0;0;1;0;0;0;1;0;0;1;0;0;0;1;0;0;0;0;32;1;0.8
Sphere;Program Definition;0;1;1;0;0;1;0;0;0;1;0;0;1;0;0;0;1;0;0;0;0;32;1;0.8
Sphere;`//=` integer operator;0;1;1;0;0;1;0;0;0;1;0;0;1;0;0;0;1;0;0;0;0;32;1;0.9200000000000002
Sphere;`def` constructor;0;1;1;0;0;1;0;0;0;1;0;0;1;0;0;0;1;0;0;0;0;32;1;0.9854545454545456
Sphere;`capitalize()` method;0;1;1;0;0;1;0;0;0;1;0;0;1;0;0;0;1;0;0;0;0;32;1;0.9862068965517241
==::==::==
Question;81;0
Question;20;0
Question;5;0
Question;18;1
Question;8;0
Question;53;0
Question;84;0
Question;11;0
Question;83;0
Question;9;0
Question;93;0
Question;15;0
Question;82;0
Question;85;0
Question;91;0
Question;19;0
Question;79;0
Question;48;0
Question;17;1
Question;12;0
Question;90;0
Question;14;0
Question;13;0
Question;7;0
Answer;58;0
Answer;305;0
Answer;315;0
Answer;50;0
Answer;21;0
Answer;27;0
Answer;209;0
Answer;217;0
Answer;210;0
Answer;56;0
Answer;218;0
Answer;213;0
Answer;316;0
Answer;304;0
Answer;223;0
Answer;314;0
Answer;130;0
Answer;61;1
Answer;36;0
Answer;220;0
Answer;216;0
Answer;208;0
Answer;211;0
Answer;225;0
Answer;33;0
Answer;49;0
Answer;141;0
Answer;224;0
Answer;206;0
Answer;19;0
Answer;37;0
Answer;303;0
Answer;222;0
Answer;42;0
Answer;47;0
Answer;57;0
Answer;214;0
Answer;29;0
Answer;215;0
Answer;53;0
Answer;219;0
Answer;277;0
Answer;44;0
Answer;32;0
Answer;28;0
Answer;221;0
Answer;43;0
Answer;48;0
Answer;46;0
Answer;201;0
Answer;131;0
Answer;308;0
Answer;307;0
Answer;200;0
Answer;51;0
Answer;35;0
Answer;54;0
Answer;60;1
Answer;64;0
Answer;30;0
Answer;198;0
Answer;20;0
Answer;18;0
Answer;31;0
Answer;63;0
Answer;199;0
Answer;45;0
Answer;313;0
Answer;207;0
Answer;212;0
Answer;62;0
Answer;306;0
Answer;34;0
Answer;55;0
Answer;26;0
Answer;52;0
Answer;276;0
Answer;-1;0
Mis;`<` is `not >`;0;1;1;0;0;1;0;0;0;1;0;0;1;0;0;0;0;1;0;1;0;32;0
Mis;Backwards chaining;0;1;1;0;0;1;0;0;0;1;0;0;1;0;0;0;0;1;0;0;0;32;0
Mis;`print()` needs input;0;1;1;0;0;1;0;0;0;1;0;0;1;0;0;0;0;1;0;0;0;32;0
Mis;Blank last slice non-inclusive;0;1;1;0;0;1;0;0;0;1;0;0;1;0;0;0;0;1;0;0;0;32;0
Mis;Return frame bypass;0;1;1;0;0;1;0;0;0;1;0;0;1;0;0;0;0;1;0;0;0;32;0
Mis;Functions must have input;0;1;1;0;0;1;0;0;0;1;0;0;1;0;0;0;0;1;0;0;0;32;0
Mis;No Boolean literals;0;1;1;0;0;1;0;0;0;1;0;0;1;0;0;0;0;1;0;1;0;32;0
Mis;String equality isn't case sensitive;0;1;1;0;0;1;0;0;0;1;0;0;1;0;0;0;0;1;0;1;0;32;0
Mis;Single letter variables;0;1;1;0;0;1;0;0;0;1;0;0;1;0;0;0;0;1;0;0;0;32;0
Mis;`return` on `def` indentation level;0;1;1;0;0;1;0;0;0;1;0;0;1;0;0;0;0;1;0;1;0;32;0
Mis;Iterable repetition interleaves;0;1;1;0;0;1;0;0;0;1;0;0;1;0;0;0;0;1;0;0;0;32;0
Mis;Sequenced conditionals;0;1;1;0;0;1;0;0;0;1;0;0;1;0;0;0;0;1;0;1;0;32;0
Mis;`input()` includes newline;0;1;1;0;0;1;0;0;0;1;0;0;1;0;0;0;0;1;0;0;0;32;0
Mis;Concat with single element;0;1;1;0;0;1;0;0;0;1;0;0;1;0;0;0;0;1;0;0;0;32;0
Mis;Extending strings adds space;0;1;1;0;0;1;0;0;0;1;0;0;1;0;0;0;0;1;0;1;0;32;0
Mis;Variables cannot be assigned twice;0;1;1;0;0;1;0;0;0;1;0;0;1;0;0;0;0;1;0;1;0;32;0
Mis;No `and` on objects;0;1;1;0;0;1;0;0;0;1;0;0;1;0;0;0;0;1;0;0;0;32;0
Mis;`range()` only has one input;0;1;1;0;0;1;0;0;0;1;0;0;1;0;0;0;0;1;0;0;0;32;0
Mis;Linear Order of Operations;0;1;1;0;0;1;0;0;0;1;0;0;1;0;0;0;0;1;0;1;0;32;0
Mis;`%` percentage operator;0;1;1;0;0;1;0;0;0;1;0;0;1;0;0;0;0;1;0;0;0;32;0
Mis;`self` has no value;0;1;1;0;0;1;0;0;0;1;0;0;1;0;0;0;0;1;0;1;0;32;0
Mis;Characters are strings;0;1;1;0;0;1;0;0;0;1;0;0;1;0;0;0;0;1;0;0;0;32;0
Mis;Keyword functions;0;1;1;0;0;1;0;0;0;1;0;0;1;0;0;0;0;1;0;0;0;32;0
Mis;Floating point equality okay;0;1;1;0;0;1;0;0;0;1;0;0;1;0;0;0;0;1;0;1;0;32;0
Mis;Lazy assignment;0;1;1;0;0;1;0;0;0;1;0;0;1;0;0;0;0;1;0;0;0;32;0
Mis;Index -1 is start of list;0;1;1;0;0;1;0;0;0;1;0;0;1;0;0;0;0;1;0;1;0;32;0
Mis;No variable functions;0;1;1;0;0;1;0;0;0;1;0;0;1;0;0;0;0;1;0;1;0;32;0
Mis;Multi-line strings with `' '`;0;1;1;0;0;1;0;0;0;1;0;0;1;0;0;0;0;1;0;1;0;32;0
Mis;No variable methods;0;1;1;0;0;1;0;0;0;1;0;0;1;0;0;0;0;1;0;0;0;32;0
Mis;Iterable repeition multiplies by constant;0;1;1;0;0;1;0;0;0;1;0;0;1;0;0;0;0;1;0;0;0;32;0
Mis;String methods mutate;0;1;1;0;0;1;0;0;0;1;0;0;1;0;0;0;0;1;0;0;0;32;0
Mis;No short circuit;0;1;1;0;0;1;0;0;0;1;0;0;1;0;0;0;0;1;0;1;0;32;0
Mis;Slice exclusive of first index;0;1;1;0;0;1;0;0;0;1;0;0;1;0;0;0;0;1;0;0;0;32;0
Mis;`print()` non-terminating return;0;1;1;0;0;1;0;0;0;1;0;0;1;0;0;0;0;1;0;0;0;32;0
Mis;No floating point limit;0;1;1;0;0;1;0;0;0;1;0;0;1;0;0;0;0;1;0;1;0;32;0
Mis;`>` is `not <`;0;1;1;0;0;1;0;0;0;1;0;0;1;0;0;0;0;1;0;1;0;32;0
Mis;`try` without `except`;0;1;1;0;0;1;0;0;0;1;0;0;1;0;0;0;0;1;0;1;0;32;0
Mis;Inline Function Definition;0;1;1;0;0;1;0;0;0;1;0;0;1;0;0;0;0;1;0;1;0;32;0
Mis;`print()` no newline;0;1;1;0;0;1;0;0;0;1;0;0;1;0;0;0;0;1;0;0;0;32;0
Mis;`range()` starts at 1;0;1;1;0;0;1;0;0;0;1;0;0;1;0;0;0;0;1;0;1;0;32;0
Mis;Blank slice is empty;0;1;1;0;0;1;0;0;0;1;0;0;1;0;0;0;0;1;0;0;0;32;0
Mis;`-` works on strings;0;1;1;0;0;1;0;0;0;1;0;0;1;0;0;0;0;1;0;1;0;32;0
Mis;No constructor method chain;0;1;1;0;0;1;0;0;0;1;0;0;1;0;0;0;0;1;0;0;0;32;0
Mis;`#` is an operator;0;1;1;0;0;1;0;0;0;1;0;0;1;0;0;0;0;1;0;1;0;32;0
Mis;No escape sequences;0;1;1;0;0;1;0;0;0;1;0;0;1;0;0;0;0;1;0;0;0;32;0
Mis;Methods must have input;0;1;1;0;0;1;0;0;0;1;0;0;1;0;0;0;0;1;0;0;0;32;0
Mis;Assignment duplicates;0;1;1;0;0;1;0;0;0;1;0;0;1;0;0;0;0;1;0;0;0;32;0
Mis;`=` comparison;0;1;1;0;0;1;0;0;0;1;0;0;1;0;0;0;0;1;0;1;0;32;0
Mis;No tuple return;0;1;1;0;0;1;0;0;0;1;0;0;1;0;0;0;0;1;0;0;0;32;0
Mis;`for` is `while`;0;1;1;0;0;1;0;0;0;1;0;0;1;0;0;0;0;1;0;0;0;32;0
Mis;Curly brackets stay;0;1;1;0;0;1;0;0;0;1;0;0;1;0;0;0;0;1;0;0;0;32;0
Mis;`/` is modulus;0;1;1;0;0;1;0;0;0;1;0;0;1;0;0;0;0;1;0;1;0;32;0
Mis;No implicit void functions;0;1;1;0;0;1;0;0;0;1;0;0;1;0;0;0;0;1;0;0;0;32;0
Mis;Operators cannot be chained;0;1;1;0;0;1;0;0;0;1;0;0;1;0;0;0;0;1;0;1;0;32;0
Mis;Functions must return;0;1;1;0;0;1;0;0;0;1;0;0;1;0;0;0;0;1;0;0;0;32;0
Mis;No `not` on objects;0;1;1;0;0;1;0;0;0;1;0;0;1;0;0;0;0;1;0;0;0;32;0
Mis;Ternary Boolean return;0;1;1;0;0;1;0;0;0;1;0;0;1;0;0;0;0;1;0;0;0;32;0
Mis;`if` loop;0;1;1;0;0;1;0;0;0;1;0;0;1;0;0;0;0;1;0;1;0;32;0
Mis;`range()` includes the final value;0;1;1;0;0;1;0;0;0;1;0;0;1;0;0;0;0;1;0;0;0;32;0
Mis;Methods can have no arguments;0;1;1;0;0;1;0;0;0;1;0;0;1;0;0;0;0;1;0;0;0;32;0
Mis;No string constructor method chain;0;1;1;0;0;1;0;0;0;1;0;0;1;0;0;0;0;1;0;0;0;32;0
Mis;`return` continues;0;1;1;0;0;1;0;0;0;1;0;0;1;0;0;0;0;1;0;0;0;32;0
Mis;String equality not `==`;0;1;1;0;0;1;0;0;0;1;0;0;1;0;0;0;0;1;0;0;0;32;0
Mis;String repetition adds space;0;1;1;0;0;1;0;0;0;1;0;0;1;0;0;0;0;1;0;0;0;32;0
Mis;Automatic Integer Conversion;0;1;1;0;0;1;0;0;0;1;0;0;1;0;0;0;0;1;0;1;0;32;0
Mis;Slices include last value;0;1;1;0;0;1;0;0;0;1;0;0;1;0;0;0;0;1;0;0;0;32;0
Mis;Integers limit;0;1;1;0;0;1;0;0;0;1;0;0;1;0;0;0;0;1;0;1;0;32;0
Mis;Confused string assignment;0;1;1;0;0;1;0;0;0;1;0;0;1;0;0;0;0;1;0;0;0;32;0
Mis;Lowercase Booleans;0;1;1;0;0;1;0;0;0;1;0;0;1;0;0;0;0;1;0;0;0;32;0
Mis;`pass` is `continue`;0;1;1;0;0;1;0;0;0;1;0;0;1;0;0;0;0;1;0;1;0;32;0
Mis;`print()` returns;0;1;1;0;0;1;0;0;0;1;0;0;1;0;0;0;0;1;0;1;0;32;0
Mis;`print()` only accepts one input;0;1;1;0;0;1;0;0;0;1;0;0;1;0;0;0;0;1;0;0;0;32;0
Mis;Secondary memory data loss;0;1;1;0;0;1;0;0;0;1;0;0;1;0;0;0;0;1;0;1;0;32;0
Mis;Transitive Assignment;0;1;1;0;0;1;0;0;0;1;0;0;1;0;0;0;0;1;0;1;0;32;0
Mis;No literal return;0;1;1;0;0;1;0;0;0;1;0;0;1;0;0;0;0;1;0;0;0;32;0
Mis;`input()` return value;0;1;1;0;0;1;0;0;0;1;0;0;1;0;0;0;0;1;0;1;0;32;0
Mis;Floating point `range()`;0;1;1;0;0;1;0;0;0;1;0;0;1;0;0;0;0;1;0;0;0;32;0
Mis;No `or` on objects;0;1;1;0;0;1;0;0;0;1;0;0;1;0;0;0;0;1;0;0;0;32;0
Mis;`print()` always has a newline;0;1;1;0;0;1;0;0;0;1;0;0;1;0;0;0;0;1;0;0;0;32;0
Mis;`print()` only string;0;1;1;0;0;1;0;0;0;1;0;0;1;0;0;0;0;1;0;0;0;32;0
Mis;`/` is integer division;0;1;1;0;0;1;0;0;0;1;0;0;1;0;0;0;0;1;0;1;0;32;0
Mis;`input()` requires function input;0;1;1;0;0;1;0;0;0;1;0;0;1;0;0;0;0;1;0;0;0;32;0
Mis;No method chain;0;1;1;0;0;1;0;0;0;1;0;0;1;0;0;0;0;1;0;0;0;32;0
Mis;`int()` rounds up floats;0;1;1;0;0;1;0;0;0;1;0;0;1;0;0;0;0;1;0;1;0;32;0
Mis;Multi-line strings with `" "`;0;1;1;0;0;1;0;0;0;1;0;0;1;0;0;0;0;1;0;1;0;32;0
Mis;List concat vector addition;0;1;1;0;0;1;0;0;0;1;0;0;1;0;0;0;0;1;0;1;0;32;0
Mis;`/` works on strings;0;1;1;0;0;1;0;0;0;1;0;0;1;0;0;0;0;1;0;1;0;32;0
Mis;Strings are mutable;0;1;1;0;0;1;0;0;0;1;0;0;1;0;0;0;0;1;0;0;0;32;0
Mis;No loop termination;0;1;1;0;0;1;0;0;0;1;0;0;1;0;0;0;0;1;0;1;0;32;0
Mis;Conditional Boolean return;0;1;1;0;0;1;0;0;0;1;0;0;1;0;0;0;0;1;0;0;0;32;0
Mis;Slices require indices;0;1;1;0;0;1;0;0;0;1;0;0;1;0;0;0;0;1;0;1;0;32;0
Mis;Parenthesized return;0;1;1;0;0;1;0;0;0;1;0;0;1;0;0;0;0;1;0;0;0;32;0
Mis;`%` is division;0;1;1;0;0;1;0;0;0;1;0;0;1;0;0;0;0;1;0;0;0;32;0
Mis;Iterable repetition repeated constant multiplication;0;1;1;0;0;1;0;0;0;1;0;0;1;0;0;0;0;1;0;1;0;32;0
Mis;`//` divides;0;1;1;0;0;1;0;0;0;1;0;0;1;0;0;0;0;1;0;0;0;32;0
Mis;Cannot mix index sign in slice;0;1;1;0;0;1;0;0;0;1;0;0;1;0;0;0;0;1;0;0;0;32;0
Mis;`//` is modulus;0;1;1;0;0;1;0;0;0;1;0;0;1;0;0;0;0;1;0;0;0;32;0
Mis;Slice removes;0;1;1;0;0;1;0;0;0;1;0;0;1;0;0;0;0;1;0;0;0;32;0
Mis;No nesting loops;0;1;1;0;0;1;0;0;0;1;0;0;1;0;0;0;0;1;0;0;0;32;0
Mis;Literals don't have a data type;0;1;1;0;0;1;0;0;0;1;0;0;1;0;0;0;0;1;0;1;0;32;0
Mis;`%` is integer division;0;1;1;0;0;1;0;0;0;1;0;0;1;0;0;0;0;1;0;1;0;32;0
Mis;No formatted string;0;1;1;0;0;1;0;0;0;1;0;0;1;0;0;0;0;1;0;1;0;32;0
Mis;`for` stops before last element;0;1;1;0;0;1;0;0;0;1;0;0;1;0;0;0;0;1;0;1;0;32;0
Mis;`int()` rounds floats;0;1;1;0;0;1;0;0;0;1;0;0;1;0;0;0;0;1;0;0;0;32;0
Mis;Implied repetition over logical operator;0;1;1;0;0;1;0;0;0;1;0;0;1;0;0;0;0;1;0;0;0;32;0
Mis;`for` only with `range()`;0;1;1;0;0;1;0;0;0;1;0;0;1;0;0;0;0;1;0;0;0;32;0
Mis;`while` tests after loop;0;1;1;0;0;1;0;0;0;1;0;0;1;0;0;0;0;1;0;1;0;32;0
Mis;Multi-value return;0;1;1;0;0;1;0;0;0;1;0;0;1;0;0;0;0;1;0;0;0;32;0
Mis;Strings are not objects;0;1;1;0;0;1;0;0;0;1;0;0;1;0;0;0;0;1;0;1;0;32;0
Sphere;`+` string operator;0;1;1;0;0;1;0;0;0;1;0;0;1;0;0;0;0;1;0;1;1;32;1;0.992
Sphere;`" "` constructor;0;1;1;0;0;1;0;0;0;1;0;0;1;0;0;0;0;1;0;1;1;32;1;0.992
Sphere;`int()` function;0;1;1;0;0;1;0;0;0;1;0;0;1;0;0;0;0;1;0;1;1;32;1;0.992
Sphere;`*` integer operator;0;1;1;0;0;1;0;0;0;1;0;0;1;0;0;0;0;1;0;1;1;32;1;0.992
Sphere;`input()` function;0;1;1;0;0;1;0;0;0;1;0;0;1;0;0;0;0;1;0;1;1;32;1;0.992
Sphere;`=` operator;0;1;1;0;0;1;0;0;0;1;0;0;1;0;0;0;0;1;0;1;1;32;1;0.992
Sphere;`print()` function;0;1;1;0;0;1;0;0;0;1;0;0;1;0;0;0;0;1;0;1;1;32;1;0.992
Sphere;Variables;0;1;1;0;0;1;0;0;0;1;0;0;1;0;0;0;0;1;0;1;1;32;1;0.992
Sphere;Strings;0;1;1;0;0;1;0;0;0;1;0;0;1;0;0;0;0;1;0;1;1;32;1;0.992
Sphere;Integers;0;1;1;0;0;1;0;0;0;1;0;0;1;0;0;0;0;1;0;1;1;32;1;0.992
Sphere;Assignment;0;1;1;0;0;1;0;0;0;1;0;0;1;0;0;0;0;1;0;1;1;32;1;0.992
Sphere;`str()` function;0;1;1;0;0;1;0;0;0;1;0;0;1;0;0;0;0;1;0;0;0;32;1;0.9200000000000002
Sphere;Floats;0;1;1;0;0;1;0;0;0;1;0;0;1;0;0;0;0;1;0;0;0;32;1;0.9898734177215192
Sphere;`+=` float operator;0;1;1;0;0;1;0;0;0;1;0;0;1;0;0;0;0;1;0;0;0;32;1;0.9898734177215192
Sphere;Built-in Functions;0;1;1;0;0;1;0;0;0;1;0;0;1;0;0;0;0;1;0;0;0;32;0;1e-08
Sphere;`+=` integer operator;0;1;1;0;0;1;0;0;0;1;0;0;1;0;0;0;0;1;0;0;0;32;1;0.9898734177215192
Sphere;Secondary Memory;0;1;1;0;0;1;0;0;0;1;0;0;1;0;0;0;0;1;0;0;0;32;1;0.8
Sphere;`*=` float operator;0;1;1;0;0;1;0;0;0;1;0;0;1;0;0;0;0;1;0;0;0;32;1;0.9898734177215192
Sphere;Conditionals;0;1;1;0;0;1;0;0;0;1;0;0;1;0;0;0;0;1;0;0;0;32;0;0.2
Sphere;Addition;0;1;1;0;0;1;0;0;0;1;0;0;1;0;0;0;0;1;0;0;0;32;0;1e-08
Sphere;Compilers;0;1;1;0;0;1;0;0;0;1;0;0;1;0;0;0;0;1;0;0;0;32;1;0.8
Sphere;`range()` function;0;1;1;0;0;1;0;0;0;1;0;0;1;0;0;0;0;1;0;0;0;32;0;1e-08
Sphere;`%=` integer operator;0;1;1;0;0;1;0;0;0;1;0;0;1;0;0;0;0;1;0;0;0;32;1;0.9200000000000002
Sphere;Interpreters;0;1;1;0;0;1;0;0;0;1;0;0;1;0;0;0;0;1;0;0;0;32;1;0.8
Sphere;Booleans;0;1;1;0;0;1;0;0;0;1;0;0;1;0;0;0;0;1;0;0;0;32;1;0.9912087912087912
Sphere;`%` float operator;0;1;1;0;0;1;0;0;0;1;0;0;1;0;0;0;0;1;0;0;0;32;1;0.9200000000000002
Sphere;`elif` keyword;0;1;1;0;0;1;0;0;0;1;0;0;1;0;0;0;0;1;0;0;0;32;1;0.9912087912087912
Sphere;`<=` float operator;0;1;1;0;0;1;0;0;0;1;0;0;1;0;0;0;0;1;0;0;0;32;1;0.9898734177215192
Sphere;`<` float operator;0;1;1;0;0;1;0;0;0;1;0;0;1;0;0;0;0;1;0;0;0;32;1;0.9898734177215192
Sphere;`continue` keyword;0;1;1;0;0;1;0;0;0;1;0;0;1;0;0;0;0;1;0;0;0;32;0;1e-08
Sphere;`lower()` method;0;1;1;0;0;1;0;0;0;1;0;0;1;0;0;0;0;1;0;0;0;32;1;0.9862068965517241
Sphere;`else` keyword;0;1;1;0;0;1;0;0;0;1;0;0;1;0;0;0;0;1;0;0;0;32;1;0.9912087912087912
Sphere;`-=` integer operator;0;1;1;0;0;1;0;0;0;1;0;0;1;0;0;0;0;1;0;0;0;32;1;0.9898734177215192
Sphere;`or` operator;0;1;1;0;0;1;0;0;0;1;0;0;1;0;0;0;0;1;0;0;0;32;1;0.9912087912087912
Sphere;`!=` float operator;0;1;1;0;0;1;0;0;0;1;0;0;1;0;0;0;0;1;0;0;0;32;1;0.9898734177215192
Sphere;`<` string operator;0;1;1;0;0;1;0;0;0;1;0;0;1;0;0;0;0;1;0;0;0;32;1;0.9813953488372094
Sphere;`<` integer operator;0;1;1;0;0;1;0;0;0;1;0;0;1;0;0;0;0;1;0;0;0;32;1;0.9898734177215192
Sphere;Floating point equality;0;1;1;0;0;1;0;0;0;1;0;0;1;0;0;0;0;1;0;0;0;32;1;0.9898734177215192
Sphere;Comparison;0;1;1;0;0;1;0;0;0;1;0;0;1;0;0;0;0;1;0;0;0;32;0;1e-08
Sphere;`type()` function;0;1;1;0;0;1;0;0;0;1;0;0;1;0;0;0;0;1;0;0;0;32;1;0.9714285714285715
Sphere;Functions;0;1;1;0;0;1;0;0;0;1;0;0;1;0;0;0;0;1;0;0;0;32;1;0.9854545454545456
Sphere;Contracted `if`;0;1;1;0;0;1;0;0;0;1;0;0;1;0;0;0;0;1;0;0;0;32;1;0.9912087912087912
Sphere;Automatic Conversion;0;1;1;0;0;1;0;0;0;1;0;0;1;0;0;0;0;1;0;0;0;32;1;0.9898734177215192
Sphere;`+` float operator;0;1;1;0;0;1;0;0;0;1;0;0;1;0;0;0;0;1;0;0;0;32;1;0.9898734177215192
Sphere;`>=` integer operator;0;1;1;0;0;1;0;0;0;1;0;0;1;0;0;0;0;1;0;0;0;32;1;0.9898734177215192
Sphere;`break` keyword;0;1;1;0;0;1;0;0;0;1;0;0;1;0;0;0;0;1;0;0;0;32;0;1e-08
Sphere;CPU functionality;0;1;1;0;0;1;0;0;0;1;0;0;1;0;0;0;0;1;0;0;0;32;1;0.8
Sphere;Self Assignment;0;1;1;0;0;1;0;0;0;1;0;0;1;0;0;0;0;1;0;0;0;32;1;0.9898734177215192
Sphere;`*=` integer operator;0;1;1;0;0;1;0;0;0;1;0;0;1;0;0;0;0;1;0;0;0;32;1;0.9898734177215192
Sphere;`//` float operator;0;1;1;0;0;1;0;0;0;1;0;0;1;0;0;0;0;1;0;0;0;32;1;0.9200000000000002
Sphere;`' '` constructor;0;1;1;0;0;1;0;0;0;1;0;0;1;0;0;0;0;1;0;0;0;32;1;0.9880597014925374
Sphere;`""" """` constructor;0;1;1;0;0;1;0;0;0;1;0;0;1;0;0;0;0;1;0;0;0;32;1;0.9813953488372094
Sphere;`join()` method;0;1;1;0;0;1;0;0;0;1;0;0;1;0;0;0;0;1;0;0;0;32;1;0.9862068965517241
Sphere;`/` integer operator;0;1;1;0;0;1;0;0;0;1;0;0;1;0;0;0;0;1;0;0;0;32;1;0.9898734177215192
Sphere;Repetition;0;1;1;0;0;1;0;0;0;1;0;0;1;0;0;0;0;1;0;0;0;32;0;1e-08
Sphere;`//=` float operator;0;1;1;0;0;1;0;0;0;1;0;0;1;0;0;0;0;1;0;0;0;32;1;0.9200000000000002
Sphere;Control Flow;0;1;1;0;0;1;0;0;0;1;0;0;1;0;0;0;0;1;0;0;0;32;0;1e-08
Sphere;Loops;0;1;1;0;0;1;0;0;0;1;0;0;1;0;0;0;0;1;0;0;0;32;0;1e-08
Sphere;`%=` float operator;0;1;1;0;0;1;0;0;0;1;0;0;1;0;0;0;0;1;0;0;0;32;1;0.9200000000000002
Sphere;Concatenation;0;1;1;0;0;1;0;0;0;1;0;0;1;0;0;0;0;1;0;0;0;32;0;1e-08
Sphere;`*` string operator;0;1;1;0;0;1;0;0;0;1;0;0;1;0;0;0;0;1;0;0;0;32;1;0.9880597014925374
Sphere;`-=` float operator;0;1;1;0;0;1;0;0;0;1;0;0;1;0;0;0;0;1;0;0;0;32;1;0.9898734177215192
Sphere;`//` integer operator;0;1;1;0;0;1;0;0;0;1;0;0;1;0;0;0;0;1;0;0;0;32;1;0.9714285714285715
Sphere;`*` float operator;0;1;1;0;0;1;0;0;0;1;0;0;1;0;0;0;0;1;0;0;0;32;1;0.9898734177215192
Sphere;Atomic Data Types;0;1;1;0;0;1;0;0;0;1;0;0;1;0;0;0;0;1;0;0;0;32;0;1e-08
Sphere;Subtraction;0;1;1;0;0;1;0;0;0;1;0;0;1;0;0;0;0;1;0;0;0;32;0;1e-08
Sphere;Type Casting;0;1;1;0;0;1;0;0;0;1;0;0;1;0;0;0;0;1;0;0;0;32;0;1e-08
Sphere;`not` operator;0;1;1;0;0;1;0;0;0;1;0;0;1;0;0;0;0;1;0;0;0;32;1;0.9912087912087912
Sphere;String Slicing;0;1;1;0;0;1;0;0;0;1;0;0;1;0;0;0;0;1;0;0;0;32;1;0.9862068965517241
Sphere;`and` operator;0;1;1;0;0;1;0;0;0;1;0;0;1;0;0;0;0;1;0;0;0;32;1;0.9912087912087912
Sphere;`/=` integer operator;0;1;1;0;0;1;0;0;0;1;0;0;1;0;0;0;0;1;0;0;0;32;1;0.9898734177215192
Sphere;Multiplication;0;1;1;0;0;1;0;0;0;1;0;0;1;0;0;0;0;1;0;0;0;32;0;1e-08
Sphere;`return` keyword;0;1;1;0;0;1;0;0;0;1;0;0;1;0;0;0;0;1;0;0;0;32;1;0.9854545454545456
Sphere;Indexing;0;1;1;0;0;1;0;0;0;1;0;0;1;0;0;0;0;1;0;0;0;32;0;1e-08
Sphere;Ordered Data Structures;0;1;1;0;0;1;0;0;0;1;0;0;1;0;0;0;0;1;0;0;0;32;0;1e-08
Sphere;`+` integer operator;0;1;1;0;0;1;0;0;0;1;0;0;1;0;0;0;0;1;0;0;0;32;1;0.9898734177215192
Sphere;Formatted Strings;0;1;1;0;0;1;0;0;0;1;0;0;1;0;0;0;0;1;0;0;0;32;1;0.9880597014925374
Sphere;Division;0;1;1;0;0;1;0;0;0;1;0;0;1;0;0;0;0;1;0;0;0;32;0;1e-08
Sphere;`if` keyword;0;1;1;0;0;1;0;0;0;1;0;0;1;0;0;0;0;1;0;0;0;32;1;0.9912087912087912
Sphere;Equality;0;1;1;0;0;1;0;0;0;1;0;0;1;0;0;0;0;1;0;0;0;32;0;1e-08
Sphere;`==` integer operator;0;1;1;0;0;1;0;0;0;1;0;0;1;0;0;0;0;1;0;0;0;32;1;0.9898734177215192
Sphere;`-` integer operator;0;1;1;0;0;1;0;0;0;1;0;0;1;0;0;0;0;1;0;0;0;32;1;0.9898734177215192
Sphere;`!=` string operator;0;1;1;0;0;1;0;0;0;1;0;0;1;0;0;0;0;1;0;0;0;32;1;0.9813953488372094
Sphere;String Indexing;0;1;1;0;0;1;0;0;0;1;0;0;1;0;0;0;0;1;0;0;0;32;1;0.9862068965517241
Sphere;Operator Chaining;0;1;1;0;0;1;0;0;0;1;0;0;1;0;0;0;0;1;0;0;0;32;1;0.9898734177215192
Sphere;Comments;0;1;1;0;0;1;0;0;0;1;0;0;1;0;0;0;0;1;0;0;0;32;1;0.8857142857142859
Sphere;`/` float operator;0;1;1;0;0;1;0;0;0;1;0;0;1;0;0;0;0;1;0;0;0;32;1;0.9898734177215192
Sphere;`upper()` method;0;1;1;0;0;1;0;0;0;1;0;0;1;0;0;0;0;1;0;0;0;32;1;0.9862068965517241
Sphere;`try` keyword;0;1;1;0;0;1;0;0;0;1;0;0;1;0;0;0;0;1;0;0;0;32;0;1e-08
Sphere;`>` float operator;0;1;1;0;0;1;0;0;0;1;0;0;1;0;0;0;0;1;0;0;0;32;1;0.9898734177215192
Sphere;`==` string operator;0;1;1;0;0;1;0;0;0;1;0;0;1;0;0;0;0;1;0;0;0;32;1;0.9813953488372094
Sphere;`for` loops;0;1;1;0;0;1;0;0;0;1;0;0;1;0;0;0;0;1;0;0;0;32;0;1e-08
Sphere;`replace()` method;0;1;1;0;0;1;0;0;0;1;0;0;1;0;0;0;0;1;0;0;0;32;1;0.9813953488372094
Sphere;Integer Division;0;1;1;0;0;1;0;0;0;1;0;0;1;0;0;0;0;1;0;0;0;32;0;1e-08
Sphere;`%` integer operator;0;1;1;0;0;1;0;0;0;1;0;0;1;0;0;0;0;1;0;0;0;32;1;0.9714285714285715
Sphere;Order of Operations;0;1;1;0;0;1;0;0;0;1;0;0;1;0;0;0;0;1;0;0;0;32;1;0.9898734177215192
Sphere;`len()` string function;0;1;1;0;0;1;0;0;0;1;0;0;1;0;0;0;0;1;0;0;0;32;1;0.9813953488372094
Sphere;`<=` integer operator;0;1;1;0;0;1;0;0;0;1;0;0;1;0;0;0;0;1;0;0;0;32;1;0.9898734177215192
Sphere;RAM functionality;0;1;1;0;0;1;0;0;0;1;0;0;1;0;0;0;0;1;0;0;0;32;1;0.8
Sphere;`>` string operator;0;1;1;0;0;1;0;0;0;1;0;0;1;0;0;0;0;1;0;0;0;32;1;0.9813953488372094
Sphere;`/=` float operator;0;1;1;0;0;1;0;0;0;1;0;0;1;0;0;0;0;1;0;0;0;32;1;0.9898734177215192
Sphere;`-` float operator;0;1;1;0;0;1;0;0;0;1;0;0;1;0;0;0;0;1;0;0;0;32;1;0.9898734177215192
Sphere;`float()` function;0;1;1;0;0;1;0;0;0;1;0;0;1;0;0;0;0;1;0;0;0;32;1;0.9898734177215192
Sphere;Slicing;0;1;1;0;0;1;0;0;0;1;0;0;1;0;0;0;0;1;0;0;0;32;0;1e-08
Sphere;Modulus;0;1;1;0;0;1;0;0;0;1;0;0;1;0;0;0;0;1;0;0;0;32;0;1e-08
Sphere;`!=` integer operator;0;1;1;0;0;1;0;0;0;1;0;0;1;0;0;0;0;1;0;0;0;32;1;0.9898734177215192
Sphere;`>` integer operator;0;1;1;0;0;1;0;0;0;1;0;0;1;0;0;0;0;1;0;0;0;32;1;0.9898734177215192
Sphere;`while` loops;0;1;1;0;0;1;0;0;0;1;0;0;1;0;0;0;0;1;0;0;0;32;1;0.9854545454545456
Sphere;Methods;0;1;1;0;0;1;0;0;0;1;0;0;1;0;0;0;0;1;0;0;0;32;0;1e-08
Sphere;`>=` float operator;0;1;1;0;0;1;0;0;0;1;0;0;1;0;0;0;0;1;0;0;0;32;1;0.9898734177215192
Sphere;Machine Code;0;1;1;0;0;1;0;0;0;1;0;0;1;0;0;0;0;1;0;0;0;32;1;0.8
Sphere;Program Definition;0;1;1;0;0;1;0;0;0;1;0;0;1;0;0;0;0;1;0;0;0;32;1;0.8
Sphere;`//=` integer operator;0;1;1;0;0;1;0;0;0;1;0;0;1;0;0;0;0;1;0;0;0;32;1;0.9200000000000002
Sphere;`def` constructor;0;1;1;0;0;1;0;0;0;1;0;0;1;0;0;0;0;1;0;0;0;32;1;0.9854545454545456
Sphere;`capitalize()` method;0;1;1;0;0;1;0;0;0;1;0;0;1;0;0;0;0;1;0;0;0;32;1;0.9862068965517241
==::==::==
Question;81;0
Question;20;0
Question;5;0
Question;18;0
Question;8;0
Question;53;0
Question;84;0
Question;11;0
Question;83;0
Question;9;0
Question;93;0
Question;15;0
Question;82;0
Question;85;0
Question;91;0
Question;19;0
Question;79;0
Question;48;0
Question;17;0
Question;12;0
Question;90;0
Question;14;0
Question;13;0
Question;7;0
Answer;58;0
Answer;305;0
Answer;315;0
Answer;50;0
Answer;21;0
Answer;27;0
Answer;209;0
Answer;217;0
Answer;210;0
Answer;56;0
Answer;218;0
Answer;213;0
Answer;316;0
Answer;304;0
Answer;223;0
Answer;314;0
Answer;130;0
Answer;61;0
Answer;36;0
Answer;220;0
Answer;216;0
Answer;208;0
Answer;211;0
Answer;225;0
Answer;33;0
Answer;49;0
Answer;141;0
Answer;224;0
Answer;206;0
Answer;19;0
Answer;37;0
Answer;303;0
Answer;222;0
Answer;42;0
Answer;47;0
Answer;57;0
Answer;214;0
Answer;29;0
Answer;215;0
Answer;53;0
Answer;219;0
Answer;277;0
Answer;44;0
Answer;32;0
Answer;28;0
Answer;221;0
Answer;43;0
Answer;48;0
Answer;46;0
Answer;201;0
Answer;131;0
Answer;308;0
Answer;307;0
Answer;200;0
Answer;51;0
Answer;35;0
Answer;54;0
Answer;60;0
Answer;64;0
Answer;30;0
Answer;198;0
Answer;20;0
Answer;18;0
Answer;31;0
Answer;63;0
Answer;199;0
Answer;45;0
Answer;313;0
Answer;207;0
Answer;212;0
Answer;62;0
Answer;306;0
Answer;34;0
Answer;55;0
Answer;26;0
Answer;52;0
Answer;276;0
Answer;-1;0
Mis;`<` is `not >`;0;1;1;0;0;1;0;0;0;1;0;0;1;0;1;0;0;0;0;1;0;33;0
Mis;Backwards chaining;0;1;1;0;0;1;0;0;0;1;0;0;1;0;1;0;0;0;0;0;0;33;0
Mis;`print()` needs input;0;1;1;0;0;1;0;0;0;1;0;0;1;0;1;0;0;0;0;0;0;33;0
Mis;Blank last slice non-inclusive;0;1;1;0;0;1;0;0;0;1;0;0;1;0;1;0;0;0;0;0;0;33;0
Mis;Return frame bypass;0;1;1;0;0;1;0;0;0;1;0;0;1;0;1;0;0;0;0;0;0;33;0
Mis;Functions must have input;0;1;1;0;0;1;0;0;0;1;0;0;1;0;1;0;0;0;0;0;0;33;0
Mis;No Boolean literals;0;1;1;0;0;1;0;0;0;1;0;0;1;0;1;0;0;0;0;1;0;33;0
Mis;String equality isn't case sensitive;0;1;1;0;0;1;0;0;0;1;0;0;1;0;1;0;0;0;0;1;0;33;0
Mis;Single letter variables;0;1;1;0;0;1;0;0;0;1;0;0;1;0;1;0;0;0;0;0;0;33;0
Mis;`return` on `def` indentation level;0;1;1;0;0;1;0;0;0;1;0;0;1;0;1;0;0;0;0;1;0;33;0
Mis;Iterable repetition interleaves;0;1;1;0;0;1;0;0;0;1;0;0;1;0;1;0;0;0;0;0;0;33;0
Mis;Sequenced conditionals;0;1;1;0;0;1;0;0;0;1;0;0;1;0;1;0;0;0;0;1;0;33;0
Mis;`input()` includes newline;0;1;1;0;0;1;0;0;0;1;0;0;1;0;1;0;0;0;0;0;0;33;0
Mis;Concat with single element;0;1;1;0;0;1;0;0;0;1;0;0;1;0;1;0;0;0;0;0;0;33;0
Mis;Extending strings adds space;0;1;1;0;0;1;0;0;0;1;0;0;1;0;1;0;0;0;0;1;0;33;0
Mis;Variables cannot be assigned twice;0;1;1;0;0;1;0;0;0;1;0;0;1;0;1;0;0;0;0;1;0;33;0
Mis;No `and` on objects;0;1;1;0;0;1;0;0;0;1;0;0;1;0;1;0;0;0;0;0;0;33;0
Mis;`range()` only has one input;0;1;1;0;0;1;0;0;0;1;0;0;1;0;1;0;0;0;0;0;0;33;0
Mis;Linear Order of Operations;0;1;1;0;0;1;0;0;0;1;0;0;1;0;1;0;0;0;0;1;0;33;0
Mis;`%` percentage operator;0;1;1;0;0;1;0;0;0;1;0;0;1;0;1;0;0;0;0;0;0;33;0
Mis;`self` has no value;0;1;1;0;0;1;0;0;0;1;0;0;1;0;1;0;0;0;0;1;0;33;0
Mis;Characters are strings;0;1;1;0;0;1;0;0;0;1;0;0;1;0;1;0;0;0;0;0;0;33;0
Mis;Keyword functions;0;1;1;0;0;1;0;0;0;1;0;0;1;0;1;0;0;0;0;0;0;33;0
Mis;Floating point equality okay;0;1;1;0;0;1;0;0;0;1;0;0;1;0;1;0;0;0;0;1;0;33;0
Mis;Lazy assignment;0;1;1;0;0;1;0;0;0;1;0;0;1;0;1;0;0;0;0;0;0;33;0
Mis;Index -1 is start of list;0;1;1;0;0;1;0;0;0;1;0;0;1;0;1;0;0;0;0;1;0;33;0
Mis;No variable functions;0;1;1;0;0;1;0;0;0;1;0;0;1;0;1;0;0;0;0;1;0;33;0
Mis;Multi-line strings with `' '`;0;1;1;0;0;1;0;0;0;1;0;0;1;0;1;0;0;0;0;1;0;33;0
Mis;No variable methods;0;1;1;0;0;1;0;0;0;1;0;0;1;0;1;0;0;0;0;0;0;33;0
Mis;Iterable repeition multiplies by constant;0;1;1;0;0;1;0;0;0;1;0;0;1;0;1;0;0;0;0;0;0;33;0
Mis;String methods mutate;0;1;1;0;0;1;0;0;0;1;0;0;1;0;1;0;0;0;0;0;0;33;0
Mis;No short circuit;0;1;1;0;0;1;0;0;0;1;0;0;1;0;1;0;0;0;0;1;0;33;0
Mis;Slice exclusive of first index;0;1;1;0;0;1;0;0;0;1;0;0;1;0;1;0;0;0;0;0;0;33;0
Mis;`print()` non-terminating return;0;1;1;0;0;1;0;0;0;1;0;0;1;0;1;0;0;0;0;0;0;33;0
Mis;No floating point limit;0;1;1;0;0;1;0;0;0;1;0;0;1;0;1;0;0;0;0;1;0;33;0
Mis;`>` is `not <`;0;1;1;0;0;1;0;0;0;1;0;0;1;0;1;0;0;0;0;1;0;33;0
Mis;`try` without `except`;0;1;1;0;0;1;0;0;0;1;0;0;1;0;1;0;0;0;0;1;0;33;0
Mis;Inline Function Definition;0;1;1;0;0;1;0;0;0;1;0;0;1;0;1;0;0;0;0;1;0;33;0
Mis;`print()` no newline;0;1;1;0;0;1;0;0;0;1;0;0;1;0;1;0;0;0;0;0;0;33;0
Mis;`range()` starts at 1;0;1;1;0;0;1;0;0;0;1;0;0;1;0;1;0;0;0;0;1;0;33;0
Mis;Blank slice is empty;0;1;1;0;0;1;0;0;0;1;0;0;1;0;1;0;0;0;0;0;0;33;0
Mis;`-` works on strings;0;1;1;0;0;1;0;0;0;1;0;0;1;0;1;0;0;0;0;1;0;33;0
Mis;No constructor method chain;0;1;1;0;0;1;0;0;0;1;0;0;1;0;1;0;0;0;0;0;0;33;0
Mis;`#` is an operator;0;1;1;0;0;1;0;0;0;1;0;0;1;0;1;0;0;0;0;1;0;33;0
Mis;No escape sequences;0;1;1;0;0;1;0;0;0;1;0;0;1;0;1;0;0;0;0;0;0;33;0
Mis;Methods must have input;0;1;1;0;0;1;0;0;0;1;0;0;1;0;1;0;0;0;0;0;0;33;0
Mis;Assignment duplicates;0;1;1;0;0;1;0;0;0;1;0;0;1;0;1;0;0;0;0;0;0;33;0
Mis;`=` comparison;0;1;1;0;0;1;0;0;0;1;0;0;1;0;1;0;0;0;0;1;0;33;0
Mis;No tuple return;0;1;1;0;0;1;0;0;0;1;0;0;1;0;1;0;0;0;0;0;0;33;0
Mis;`for` is `while`;0;1;1;0;0;1;0;0;0;1;0;0;1;0;1;0;0;0;0;0;0;33;0
Mis;Curly brackets stay;0;1;1;0;0;1;0;0;0;1;0;0;1;0;1;0;0;0;0;0;0;33;0
Mis;`/` is modulus;0;1;1;0;0;1;0;0;0;1;0;0;1;0;1;0;0;0;0;1;0;33;0
Mis;No implicit void functions;0;1;1;0;0;1;0;0;0;1;0;0;1;0;1;0;0;0;0;0;0;33;0
Mis;Operators cannot be chained;0;1;1;0;0;1;0;0;0;1;0;0;1;0;1;0;0;0;0;1;0;33;0
Mis;Functions must return;0;1;1;0;0;1;0;0;0;1;0;0;1;0;1;0;0;0;0;0;0;33;0
Mis;No `not` on objects;0;1;1;0;0;1;0;0;0;1;0;0;1;0;1;0;0;0;0;0;0;33;0
Mis;Ternary Boolean return;0;1;1;0;0;1;0;0;0;1;0;0;1;0;1;0;0;0;0;0;0;33;0
Mis;`if` loop;0;1;1;0;0;1;0;0;0;1;0;0;1;0;1;0;0;0;0;1;0;33;0
Mis;`range()` includes the final value;0;1;1;0;0;1;0;0;0;1;0;0;1;0;1;0;0;0;0;0;0;33;0
Mis;Methods can have no arguments;0;1;1;0;0;1;0;0;0;1;0;0;1;0;1;0;0;0;0;0;0;33;0
Mis;No string constructor method chain;0;1;1;0;0;1;0;0;0;1;0;0;1;0;1;0;0;0;0;0;0;33;0
Mis;`return` continues;0;1;1;0;0;1;0;0;0;1;0;0;1;0;1;0;0;0;0;0;0;33;0
Mis;String equality not `==`;0;1;1;0;0;1;0;0;0;1;0;0;1;0;1;0;0;0;0;0;0;33;0
Mis;String repetition adds space;0;1;1;0;0;1;0;0;0;1;0;0;1;0;1;0;0;0;0;0;0;33;0
Mis;Automatic Integer Conversion;0;1;1;0;0;1;0;0;0;1;0;0;1;0;1;0;0;0;0;1;0;33;0
Mis;Slices include last value;0;1;1;0;0;1;0;0;0;1;0;0;1;0;1;0;0;0;0;0;0;33;0
Mis;Integers limit;0;1;1;0;0;1;0;0;0;1;0;0;1;0;1;0;0;0;0;1;0;33;0
Mis;Confused string assignment;0;1;1;0;0;1;0;0;0;1;0;0;1;0;1;0;0;0;0;0;0;33;0
Mis;Lowercase Booleans;0;1;1;0;0;1;0;0;0;1;0;0;1;0;1;0;0;0;0;0;0;33;0
Mis;`pass` is `continue`;0;1;1;0;0;1;0;0;0;1;0;0;1;0;1;0;0;0;0;1;0;33;0
Mis;`print()` returns;0;1;1;0;0;1;0;0;0;1;0;0;1;0;1;0;0;0;0;1;0;33;0
Mis;`print()` only accepts one input;0;1;1;0;0;1;0;0;0;1;0;0;1;0;1;0;0;0;0;0;0;33;0
Mis;Secondary memory data loss;0;1;1;0;0;1;0;0;0;1;0;0;1;0;1;0;0;0;0;1;0;33;0
Mis;Transitive Assignment;0;1;1;0;0;1;0;0;0;1;0;0;1;0;1;0;0;0;0;1;0;33;0
Mis;No literal return;0;1;1;0;0;1;0;0;0;1;0;0;1;0;1;0;0;0;0;0;0;33;0
Mis;`input()` return value;0;1;1;0;0;1;0;0;0;1;0;0;1;0;1;0;0;0;0;1;0;33;0
Mis;Floating point `range()`;0;1;1;0;0;1;0;0;0;1;0;0;1;0;1;0;0;0;0;0;0;33;0
Mis;No `or` on objects;0;1;1;0;0;1;0;0;0;1;0;0;1;0;1;0;0;0;0;0;0;33;0
Mis;`print()` always has a newline;0;1;1;0;0;1;0;0;0;1;0;0;1;0;1;0;0;0;0;0;0;33;0
Mis;`print()` only string;0;1;1;0;0;1;0;0;0;1;0;0;1;0;1;0;0;0;0;0;0;33;0
Mis;`/` is integer division;0;1;1;0;0;1;0;0;0;1;0;0;1;0;1;0;0;0;0;1;0;33;0
Mis;`input()` requires function input;0;1;1;0;0;1;0;0;0;1;0;0;1;0;1;0;0;0;0;0;0;33;0
Mis;No method chain;0;1;1;0;0;1;0;0;0;1;0;0;1;0;1;0;0;0;0;0;0;33;0
Mis;`int()` rounds up floats;0;1;1;0;0;1;0;0;0;1;0;0;1;0;1;0;0;0;0;1;0;33;0
Mis;Multi-line strings with `" "`;0;1;1;0;0;1;0;0;0;1;0;0;1;0;1;0;0;0;0;1;0;33;0
Mis;List concat vector addition;0;1;1;0;0;1;0;0;0;1;0;0;1;0;1;0;0;0;0;1;0;33;0
Mis;`/` works on strings;0;1;1;0;0;1;0;0;0;1;0;0;1;0;1;0;0;0;0;1;0;33;0
Mis;Strings are mutable;0;1;1;0;0;1;0;0;0;1;0;0;1;0;1;0;0;0;0;0;0;33;0
Mis;No loop termination;0;1;1;0;0;1;0;0;0;1;0;0;1;0;1;0;0;0;0;1;0;33;0
Mis;Conditional Boolean return;0;1;1;0;0;1;0;0;0;1;0;0;1;0;1;0;0;0;0;0;0;33;0
Mis;Slices require indices;0;1;1;0;0;1;0;0;0;1;0;0;1;0;1;0;0;0;0;1;0;33;0
Mis;Parenthesized return;0;1;1;0;0;1;0;0;0;1;0;0;1;0;1;0;0;0;0;0;0;33;0
Mis;`%` is division;0;1;1;0;0;1;0;0;0;1;0;0;1;0;1;0;0;0;0;0;0;33;0
Mis;Iterable repetition repeated constant multiplication;0;1;1;0;0;1;0;0;0;1;0;0;1;0;1;0;0;0;0;1;0;33;0
Mis;`//` divides;0;1;1;0;0;1;0;0;0;1;0;0;1;0;1;0;0;0;0;0;0;33;0
Mis;Cannot mix index sign in slice;0;1;1;0;0;1;0;0;0;1;0;0;1;0;1;0;0;0;0;0;0;33;0
Mis;`//` is modulus;0;1;1;0;0;1;0;0;0;1;0;0;1;0;1;0;0;0;0;0;0;33;0
Mis;Slice removes;0;1;1;0;0;1;0;0;0;1;0;0;1;0;1;0;0;0;0;0;0;33;0
Mis;No nesting loops;0;1;1;0;0;1;0;0;0;1;0;0;1;0;1;0;0;0;0;0;0;33;0
Mis;Literals don't have a data type;0;1;1;0;0;1;0;0;0;1;0;0;1;0;1;0;0;0;0;1;0;33;0
Mis;`%` is integer division;0;1;1;0;0;1;0;0;0;1;0;0;1;0;1;0;0;0;0;1;0;33;0
Mis;No formatted string;0;1;1;0;0;1;0;0;0;1;0;0;1;0;1;0;0;0;0;1;0;33;0
Mis;`for` stops before last element;0;1;1;0;0;1;0;0;0;1;0;0;1;0;1;0;0;0;0;1;0;33;0
Mis;`int()` rounds floats;0;1;1;0;0;1;0;0;0;1;0;0;1;0;1;0;0;0;0;0;0;33;0
Mis;Implied repetition over logical operator;0;1;1;0;0;1;0;0;0;1;0;0;1;0;1;0;0;0;0;0;0;33;0
Mis;`for` only with `range()`;0;1;1;0;0;1;0;0;0;1;0;0;1;0;1;0;0;0;0;0;0;33;0
Mis;`while` tests after loop;0;1;1;0;0;1;0;0;0;1;0;0;1;0;1;0;0;0;0;1;0;33;0
Mis;Multi-value return;0;1;1;0;0;1;0;0;0;1;0;0;1;0;1;0;0;0;0;0;0;33;0
Mis;Strings are not objects;0;1;1;0;0;1;0;0;0;1;0;0;1;0;1;0;0;0;0;1;0;33;0
Sphere;`while` loops;0;1;1;0;0;1;0;0;0;1;0;0;1;0;1;0;0;0;0;1;0;33;1;0.992233009708738
Sphere;Variables;0;1;1;0;0;1;0;0;0;1;0;0;1;0;1;0;0;0;0;1;0;33;1;0.992233009708738
Sphere;Assignment;0;1;1;0;0;1;0;0;0;1;0;0;1;0;1;0;0;0;0;1;0;33;1;0.992233009708738
Sphere;Booleans;0;1;1;0;0;1;0;0;0;1;0;0;1;0;1;0;0;0;0;1;0;33;1;0.992233009708738
Sphere;`str()` function;0;1;1;0;0;1;0;0;0;1;0;0;1;0;1;0;0;0;0;0;0;33;1;0.9200000000000002
Sphere;Floats;0;1;1;0;0;1;0;0;0;1;0;0;1;0;1;0;0;0;0;0;0;33;1;0.9898734177215192
Sphere;`+=` float operator;0;1;1;0;0;1;0;0;0;1;0;0;1;0;1;0;0;0;0;0;0;33;1;0.9898734177215192
Sphere;Built-in Functions;0;1;1;0;0;1;0;0;0;1;0;0;1;0;1;0;0;0;0;0;0;33;0;1e-08
Sphere;`+=` integer operator;0;1;1;0;0;1;0;0;0;1;0;0;1;0;1;0;0;0;0;0;0;33;1;0.9898734177215192
Sphere;Secondary Memory;0;1;1;0;0;1;0;0;0;1;0;0;1;0;1;0;0;0;0;0;0;33;1;0.8
Sphere;`*=` float operator;0;1;1;0;0;1;0;0;0;1;0;0;1;0;1;0;0;0;0;0;0;33;1;0.9898734177215192
Sphere;Conditionals;0;1;1;0;0;1;0;0;0;1;0;0;1;0;1;0;0;0;0;0;0;33;0;0.2
Sphere;Addition;0;1;1;0;0;1;0;0;0;1;0;0;1;0;1;0;0;0;0;0;0;33;0;1e-08
Sphere;Compilers;0;1;1;0;0;1;0;0;0;1;0;0;1;0;1;0;0;0;0;0;0;33;1;0.8
Sphere;`range()` function;0;1;1;0;0;1;0;0;0;1;0;0;1;0;1;0;0;0;0;1;0;33;0;0.2
Sphere;`%=` integer operator;0;1;1;0;0;1;0;0;0;1;0;0;1;0;1;0;0;0;0;0;0;33;1;0.9200000000000002
Sphere;Interpreters;0;1;1;0;0;1;0;0;0;1;0;0;1;0;1;0;0;0;0;0;0;33;1;0.8
Sphere;`%` float operator;0;1;1;0;0;1;0;0;0;1;0;0;1;0;1;0;0;0;0;0;0;33;1;0.9200000000000002
Sphere;`elif` keyword;0;1;1;0;0;1;0;0;0;1;0;0;1;0;1;0;0;0;0;0;0;33;1;0.9912087912087912
Sphere;`<=` float operator;0;1;1;0;0;1;0;0;0;1;0;0;1;0;1;0;0;0;0;0;0;33;1;0.9898734177215192
Sphere;`<` float operator;0;1;1;0;0;1;0;0;0;1;0;0;1;0;1;0;0;0;0;0;0;33;1;0.9898734177215192
Sphere;`continue` keyword;0;1;1;0;0;1;0;0;0;1;0;0;1;0;1;0;0;0;0;1;0;33;0;0.2
Sphere;`+` string operator;0;1;1;0;0;1;0;0;0;1;0;0;1;0;1;0;0;0;0;0;0;33;1;0.992
Sphere;`lower()` method;0;1;1;0;0;1;0;0;0;1;0;0;1;0;1;0;0;0;0;0;0;33;1;0.9862068965517241
Sphere;`else` keyword;0;1;1;0;0;1;0;0;0;1;0;0;1;0;1;0;0;0;0;0;0;33;1;0.9912087912087912
Sphere;`-=` integer operator;0;1;1;0;0;1;0;0;0;1;0;0;1;0;1;0;0;0;0;0;0;33;1;0.9898734177215192
Sphere;`or` operator;0;1;1;0;0;1;0;0;0;1;0;0;1;0;1;0;0;0;0;0;0;33;1;0.9912087912087912
Sphere;`!=` float operator;0;1;1;0;0;1;0;0;0;1;0;0;1;0;1;0;0;0;0;0;0;33;1;0.9898734177215192
Sphere;`<` string operator;0;1;1;0;0;1;0;0;0;1;0;0;1;0;1;0;0;0;0;0;0;33;1;0.9813953488372094
Sphere;`<` integer operator;0;1;1;0;0;1;0;0;0;1;0;0;1;0;1;0;0;0;0;0;0;33;1;0.9898734177215192
Sphere;Floating point equality;0;1;1;0;0;1;0;0;0;1;0;0;1;0;1;0;0;0;0;0;0;33;1;0.9898734177215192
Sphere;Comparison;0;1;1;0;0;1;0;0;0;1;0;0;1;0;1;0;0;0;0;0;0;33;0;1e-08
Sphere;`type()` function;0;1;1;0;0;1;0;0;0;1;0;0;1;0;1;0;0;0;0;0;0;33;1;0.9714285714285715
Sphere;Functions;0;1;1;0;0;1;0;0;0;1;0;0;1;0;1;0;0;0;0;0;0;33;1;0.9854545454545456
Sphere;Contracted `if`;0;1;1;0;0;1;0;0;0;1;0;0;1;0;1;0;0;0;0;0;0;33;1;0.9912087912087912
Sphere;Automatic Conversion;0;1;1;0;0;1;0;0;0;1;0;0;1;0;1;0;0;0;0;0;0;33;1;0.9898734177215192
Sphere;`+` float operator;0;1;1;0;0;1;0;0;0;1;0;0;1;0;1;0;0;0;0;0;0;33;1;0.9898734177215192
Sphere;`>=` integer operator;0;1;1;0;0;1;0;0;0;1;0;0;1;0;1;0;0;0;0;0;0;33;1;0.9898734177215192
Sphere;`break` keyword;0;1;1;0;0;1;0;0;0;1;0;0;1;0;1;0;0;0;0;1;0;33;0;0.2
Sphere;CPU functionality;0;1;1;0;0;1;0;0;0;1;0;0;1;0;1;0;0;0;0;0;0;33;1;0.8
Sphere;Self Assignment;0;1;1;0;0;1;0;0;0;1;0;0;1;0;1;0;0;0;0;0;0;33;1;0.9898734177215192
Sphere;`*=` integer operator;0;1;1;0;0;1;0;0;0;1;0;0;1;0;1;0;0;0;0;0;0;33;1;0.9898734177215192
Sphere;`//` float operator;0;1;1;0;0;1;0;0;0;1;0;0;1;0;1;0;0;0;0;0;0;33;1;0.9200000000000002
Sphere;`' '` constructor;0;1;1;0;0;1;0;0;0;1;0;0;1;0;1;0;0;0;0;0;0;33;1;0.9880597014925374
Sphere;`""" """` constructor;0;1;1;0;0;1;0;0;0;1;0;0;1;0;1;0;0;0;0;0;0;33;1;0.9813953488372094
Sphere;`join()` method;0;1;1;0;0;1;0;0;0;1;0;0;1;0;1;0;0;0;0;0;0;33;1;0.9862068965517241
Sphere;`/` integer operator;0;1;1;0;0;1;0;0;0;1;0;0;1;0;1;0;0;0;0;0;0;33;1;0.9898734177215192
Sphere;Repetition;0;1;1;0;0;1;0;0;0;1;0;0;1;0;1;0;0;0;0;0;0;33;0;1e-08
Sphere;`//=` float operator;0;1;1;0;0;1;0;0;0;1;0;0;1;0;1;0;0;0;0;0;0;33;1;0.9200000000000002
Sphere;Control Flow;0;1;1;0;0;1;0;0;0;1;0;0;1;0;1;0;0;0;0;0;0;33;0;1e-08
Sphere;Loops;0;1;1;0;0;1;0;0;0;1;0;0;1;0;1;0;0;0;0;0;0;33;0;1e-08
Sphere;Integers;0;1;1;0;0;1;0;0;0;1;0;0;1;0;1;0;0;0;0;0;0;33;1;0.992
Sphere;`%=` float operator;0;1;1;0;0;1;0;0;0;1;0;0;1;0;1;0;0;0;0;0;0;33;1;0.9200000000000002
Sphere;Concatenation;0;1;1;0;0;1;0;0;0;1;0;0;1;0;1;0;0;0;0;0;0;33;0;1e-08
Sphere;`*` string operator;0;1;1;0;0;1;0;0;0;1;0;0;1;0;1;0;0;0;0;0;0;33;1;0.9880597014925374
Sphere;`-=` float operator;0;1;1;0;0;1;0;0;0;1;0;0;1;0;1;0;0;0;0;0;0;33;1;0.9898734177215192
Sphere;`//` integer operator;0;1;1;0;0;1;0;0;0;1;0;0;1;0;1;0;0;0;0;0;0;33;1;0.9714285714285715
Sphere;`*` float operator;0;1;1;0;0;1;0;0;0;1;0;0;1;0;1;0;0;0;0;0;0;33;1;0.9898734177215192
Sphere;Atomic Data Types;0;1;1;0;0;1;0;0;0;1;0;0;1;0;1;0;0;0;0;0;0;33;0;1e-08
Sphere;Subtraction;0;1;1;0;0;1;0;0;0;1;0;0;1;0;1;0;0;0;0;0;0;33;0;1e-08
Sphere;Type Casting;0;1;1;0;0;1;0;0;0;1;0;0;1;0;1;0;0;0;0;0;0;33;0;1e-08
Sphere;`not` operator;0;1;1;0;0;1;0;0;0;1;0;0;1;0;1;0;0;0;0;0;0;33;1;0.9912087912087912
Sphere;String Slicing;0;1;1;0;0;1;0;0;0;1;0;0;1;0;1;0;0;0;0;0;0;33;1;0.9862068965517241
Sphere;`and` operator;0;1;1;0;0;1;0;0;0;1;0;0;1;0;1;0;0;0;0;0;0;33;1;0.9912087912087912
Sphere;`/=` integer operator;0;1;1;0;0;1;0;0;0;1;0;0;1;0;1;0;0;0;0;0;0;33;1;0.9898734177215192
Sphere;Multiplication;0;1;1;0;0;1;0;0;0;1;0;0;1;0;1;0;0;0;0;0;0;33;0;1e-08
Sphere;`*` integer operator;0;1;1;0;0;1;0;0;0;1;0;0;1;0;1;0;0;0;0;0;0;33;1;0.992
Sphere;`input()` function;0;1;1;0;0;1;0;0;0;1;0;0;1;0;1;0;0;0;0;0;0;33;1;0.992
Sphere;`return` keyword;0;1;1;0;0;1;0;0;0;1;0;0;1;0;1;0;0;0;0;0;0;33;1;0.9854545454545456
Sphere;Indexing;0;1;1;0;0;1;0;0;0;1;0;0;1;0;1;0;0;0;0;0;0;33;0;1e-08
Sphere;Ordered Data Structures;0;1;1;0;0;1;0;0;0;1;0;0;1;0;1;0;0;0;0;0;0;33;0;1e-08
Sphere;`+` integer operator;0;1;1;0;0;1;0;0;0;1;0;0;1;0;1;0;0;0;0;0;0;33;1;0.9898734177215192
Sphere;Formatted Strings;0;1;1;0;0;1;0;0;0;1;0;0;1;0;1;0;0;0;0;0;0;33;1;0.9880597014925374
Sphere;Division;0;1;1;0;0;1;0;0;0;1;0;0;1;0;1;0;0;0;0;0;0;33;0;1e-08
Sphere;`if` keyword;0;1;1;0;0;1;0;0;0;1;0;0;1;0;1;0;0;0;0;0;0;33;1;0.9912087912087912
Sphere;Equality;0;1;1;0;0;1;0;0;0;1;0;0;1;0;1;0;0;0;0;0;0;33;0;1e-08
Sphere;Strings;0;1;1;0;0;1;0;0;0;1;0;0;1;0;1;0;0;0;0;0;0;33;1;0.992
Sphere;`==` integer operator;0;1;1;0;0;1;0;0;0;1;0;0;1;0;1;0;0;0;0;0;0;33;1;0.9898734177215192
Sphere;`-` integer operator;0;1;1;0;0;1;0;0;0;1;0;0;1;0;1;0;0;0;0;0;0;33;1;0.9898734177215192
Sphere;`!=` string operator;0;1;1;0;0;1;0;0;0;1;0;0;1;0;1;0;0;0;0;0;0;33;1;0.9813953488372094
Sphere;String Indexing;0;1;1;0;0;1;0;0;0;1;0;0;1;0;1;0;0;0;0;0;0;33;1;0.9862068965517241
Sphere;Operator Chaining;0;1;1;0;0;1;0;0;0;1;0;0;1;0;1;0;0;0;0;0;0;33;1;0.9898734177215192
Sphere;Comments;0;1;1;0;0;1;0;0;0;1;0;0;1;0;1;0;0;0;0;0;0;33;1;0.8857142857142859
Sphere;`/` float operator;0;1;1;0;0;1;0;0;0;1;0;0;1;0;1;0;0;0;0;0;0;33;1;0.9898734177215192
Sphere;`upper()` method;0;1;1;0;0;1;0;0;0;1;0;0;1;0;1;0;0;0;0;0;0;33;1;0.9862068965517241
Sphere;`try` keyword;0;1;1;0;0;1;0;0;0;1;0;0;1;0;1;0;0;0;0;1;0;33;0;0.2
Sphere;`>` float operator;0;1;1;0;0;1;0;0;0;1;0;0;1;0;1;0;0;0;0;0;0;33;1;0.9898734177215192
Sphere;`==` string operator;0;1;1;0;0;1;0;0;0;1;0;0;1;0;1;0;0;0;0;0;0;33;1;0.9813953488372094
Sphere;`for` loops;0;1;1;0;0;1;0;0;0;1;0;0;1;0;1;0;0;0;0;1;0;33;0;0.2
Sphere;`" "` constructor;0;1;1;0;0;1;0;0;0;1;0;0;1;0;1;0;0;0;0;0;0;33;1;0.992
Sphere;`int()` function;0;1;1;0;0;1;0;0;0;1;0;0;1;0;1;0;0;0;0;0;0;33;1;0.992
Sphere;`replace()` method;0;1;1;0;0;1;0;0;0;1;0;0;1;0;1;0;0;0;0;0;0;33;1;0.9813953488372094
Sphere;Integer Division;0;1;1;0;0;1;0;0;0;1;0;0;1;0;1;0;0;0;0;0;0;33;0;1e-08
Sphere;`%` integer operator;0;1;1;0;0;1;0;0;0;1;0;0;1;0;1;0;0;0;0;0;0;33;1;0.9714285714285715
Sphere;`print()` function;0;1;1;0;0;1;0;0;0;1;0;0;1;0;1;0;0;0;0;0;0;33;1;0.992
Sphere;Order of Operations;0;1;1;0;0;1;0;0;0;1;0;0;1;0;1;0;0;0;0;0;0;33;1;0.9898734177215192
Sphere;`len()` string function;0;1;1;0;0;1;0;0;0;1;0;0;1;0;1;0;0;0;0;0;0;33;1;0.9813953488372094
Sphere;`<=` integer operator;0;1;1;0;0;1;0;0;0;1;0;0;1;0;1;0;0;0;0;0;0;33;1;0.9898734177215192
Sphere;RAM functionality;0;1;1;0;0;1;0;0;0;1;0;0;1;0;1;0;0;0;0;0;0;33;1;0.8
Sphere;`>` string operator;0;1;1;0;0;1;0;0;0;1;0;0;1;0;1;0;0;0;0;0;0;33;1;0.9813953488372094
Sphere;`/=` float operator;0;1;1;0;0;1;0;0;0;1;0;0;1;0;1;0;0;0;0;0;0;33;1;0.9898734177215192
Sphere;`-` float operator;0;1;1;0;0;1;0;0;0;1;0;0;1;0;1;0;0;0;0;0;0;33;1;0.9898734177215192
Sphere;`float()` function;0;1;1;0;0;1;0;0;0;1;0;0;1;0;1;0;0;0;0;0;0;33;1;0.9898734177215192
Sphere;Slicing;0;1;1;0;0;1;0;0;0;1;0;0;1;0;1;0;0;0;0;0;0;33;0;1e-08
Sphere;`=` operator;0;1;1;0;0;1;0;0;0;1;0;0;1;0;1;0;0;0;0;0;0;33;1;0.992
Sphere;Modulus;0;1;1;0;0;1;0;0;0;1;0;0;1;0;1;0;0;0;0;0;0;33;0;1e-08
Sphere;`!=` integer operator;0;1;1;0;0;1;0;0;0;1;0;0;1;0;1;0;0;0;0;0;0;33;1;0.9898734177215192
Sphere;`>` integer operator;0;1;1;0;0;1;0;0;0;1;0;0;1;0;1;0;0;0;0;0;0;33;1;0.9898734177215192
Sphere;Methods;0;1;1;0;0;1;0;0;0;1;0;0;1;0;1;0;0;0;0;0;0;33;0;1e-08
Sphere;`>=` float operator;0;1;1;0;0;1;0;0;0;1;0;0;1;0;1;0;0;0;0;0;0;33;1;0.9898734177215192
Sphere;Machine Code;0;1;1;0;0;1;0;0;0;1;0;0;1;0;1;0;0;0;0;0;0;33;1;0.8
Sphere;Program Definition;0;1;1;0;0;1;0;0;0;1;0;0;1;0;1;0;0;0;0;0;0;33;1;0.8
Sphere;`//=` integer operator;0;1;1;0;0;1;0;0;0;1;0;0;1;0;1;0;0;0;0;0;0;33;1;0.9200000000000002
Sphere;`def` constructor;0;1;1;0;0;1;0;0;0;1;0;0;1;0;1;0;0;0;0;0;0;33;1;0.9854545454545456
Sphere;`capitalize()` method;0;1;1;0;0;1;0;0;0;1;0;0;1;0;1;0;0;0;0;0;0;33;1;0.9862068965517241
==::==::==
Question;81;1
Question;20;0
Question;5;0
Question;18;0
Question;8;0
Question;53;0
Question;84;1
Question;11;0
Question;83;0
Question;9;0
Question;93;1
Question;15;0
Question;82;0
Question;85;0
Question;91;1
Question;19;0
Question;79;0
Question;48;0
Question;17;0
Question;12;0
Question;90;1
Question;14;0
Question;13;0
Question;7;0
Answer;58;0
Answer;305;0
Answer;315;0
Answer;50;0
Answer;21;0
Answer;27;0
Answer;209;1
Answer;217;0
Answer;210;0
Answer;56;0
Answer;218;0
Answer;213;0
Answer;316;0
Answer;304;0
Answer;223;0
Answer;314;0
Answer;130;0
Answer;61;0
Answer;36;0
Answer;220;0
Answer;216;0
Answer;208;0
Answer;211;0
Answer;225;0
Answer;33;0
Answer;49;0
Answer;141;0
Answer;224;0
Answer;206;0
Answer;19;0
Answer;37;0
Answer;303;1
Answer;222;0
Answer;42;0
Answer;47;0
Answer;57;0
Answer;214;0
Answer;29;0
Answer;215;0
Answer;53;0
Answer;219;1
Answer;277;0
Answer;44;0
Answer;32;0
Answer;28;0
Answer;221;0
Answer;43;0
Answer;48;0
Answer;46;0
Answer;201;0
Answer;131;0
Answer;308;1
Answer;307;0
Answer;200;0
Answer;51;0
Answer;35;0
Answer;54;0
Answer;60;0
Answer;64;0
Answer;30;0
Answer;198;0
Answer;20;0
Answer;18;0
Answer;31;0
Answer;63;0
Answer;199;0
Answer;45;0
Answer;313;1
Answer;207;0
Answer;212;0
Answer;62;0
Answer;306;0
Answer;34;0
Answer;55;0
Answer;26;0
Answer;52;0
Answer;276;0
Answer;-1;0
Mis;`<` is `not >`;0;1;1;0;0;1;0;0;0;1;0;0;1;0;0;0;0;0;1;1;0;34;0
Mis;Backwards chaining;0;1;1;0;0;1;0;0;0;1;0;0;1;0;0;0;0;0;1;0;0;34;0
Mis;`print()` needs input;0;1;1;0;0;1;0;0;0;1;0;0;1;0;0;0;0;0;1;0;0;34;0
Mis;Blank last slice non-inclusive;0;1;1;0;0;1;0;0;0;1;0;0;1;0;0;0;0;0;1;0;0;34;0
Mis;Return frame bypass;0;1;1;0;0;1;0;0;0;1;0;0;1;0;0;0;0;0;1;0;0;34;0
Mis;Functions must have input;0;1;1;0;0;1;0;0;0;1;0;0;1;0;0;0;0;0;1;0;0;34;0
Mis;No Boolean literals;0;1;1;0;0;1;0;0;0;1;0;0;1;0;0;0;0;0;1;1;0;34;0
Mis;String equality isn't case sensitive;0;1;1;0;0;1;0;0;0;1;0;0;1;0;0;0;0;0;1;1;0;34;0
Mis;Single letter variables;0;1;1;0;0;1;0;0;0;1;0;0;1;0;0;0;0;0;1;0;0;34;0
Mis;`return` on `def` indentation level;0;1;1;0;0;1;0;0;0;1;0;0;1;0;0;0;0;0;1;1;0;34;0
Mis;Iterable repetition interleaves;0;1;1;0;0;1;0;0;0;1;0;0;1;0;0;0;0;0;1;0;0;34;0
Mis;Sequenced conditionals;0;1;1;0;0;1;0;0;0;1;0;0;1;0;0;0;0;0;1;1;0;34;0
Mis;`input()` includes newline;0;1;1;0;0;1;0;0;0;1;0;0;1;0;0;0;0;0;1;0;0;34;0
Mis;Concat with single element;0;1;1;0;0;1;0;0;0;1;0;0;1;0;0;0;0;0;1;0;0;34;0
Mis;Extending strings adds space;0;1;1;0;0;1;0;0;0;1;0;0;1;0;0;0;0;0;1;1;0;34;0
Mis;Variables cannot be assigned twice;0;1;1;0;0;1;0;0;0;1;0;0;1;0;0;0;0;0;1;1;0;34;0
Mis;No `and` on objects;0;1;1;0;0;1;0;0;0;1;0;0;1;0;0;0;0;0;1;0;0;34;0
Mis;`range()` only has one input;0;1;1;0;0;1;0;0;0;1;0;0;1;0;0;0;0;0;1;0;0;34;0
Mis;Linear Order of Operations;0;1;1;0;0;1;0;0;0;1;0;0;1;0;0;0;0;0;1;1;0;34;0
Mis;`%` percentage operator;0;1;1;0;0;1;0;0;0;1;0;0;1;0;0;0;0;0;1;0;0;34;0
Mis;`self` has no value;0;1;1;0;0;1;0;0;0;1;0;0;1;0;0;0;0;0;1;1;0;34;0
Mis;Characters are strings;0;1;1;0;0;1;0;0;0;1;0;0;1;0;0;0;0;0;1;0;0;34;0
Mis;Keyword functions;0;1;1;0;0;1;0;0;0;1;0;0;1;0;0;0;0;0;1;0;0;34;0
Mis;Floating point equality okay;0;1;1;0;0;1;0;0;0;1;0;0;1;0;0;0;0;0;1;1;0;34;0
Mis;Lazy assignment;0;1;1;0;0;1;0;0;0;1;0;0;1;0;0;0;0;0;1;0;0;34;0
Mis;Index -1 is start of list;0;1;1;0;0;1;0;0;0;1;0;0;1;0;0;0;0;0;1;1;0;34;0
Mis;No variable functions;0;1;1;0;0;1;0;0;0;1;0;0;1;0;0;0;0;0;1;1;0;34;0
Mis;Multi-line strings with `' '`;0;1;1;0;0;1;0;0;0;1;0;0;1;0;0;0;0;0;1;1;0;34;0
Mis;No variable methods;0;1;1;0;0;1;0;0;0;1;0;0;1;0;0;0;0;0;1;0;0;34;0
Mis;Iterable repeition multiplies by constant;0;1;1;0;0;1;0;0;0;1;0;0;1;0;0;0;0;0;1;0;0;34;0
Mis;String methods mutate;0;1;1;0;0;1;0;0;0;1;0;0;1;0;0;0;0;0;1;0;0;34;0
Mis;No short circuit;0;1;1;0;0;1;0;0;0;1;0;0;1;0;0;0;0;0;1;1;0;34;0
Mis;Slice exclusive of first index;0;1;1;0;0;1;0;0;0;1;0;0;1;0;0;0;0;0;1;0;0;34;0
Mis;`print()` non-terminating return;0;1;1;0;0;1;0;0;0;1;0;0;1;0;0;0;0;0;1;0;0;34;0
Mis;No floating point limit;0;1;1;0;0;1;0;0;0;1;0;0;1;0;0;0;0;0;1;1;0;34;0
Mis;`>` is `not <`;0;1;1;0;0;1;0;0;0;1;0;0;1;0;0;0;0;0;1;1;0;34;0
Mis;`try` without `except`;0;1;1;0;0;1;0;0;0;1;0;0;1;0;0;0;0;0;1;1;0;34;0
Mis;Inline Function Definition;0;1;1;0;0;1;0;0;0;1;0;0;1;0;0;0;0;0;1;1;0;34;0
Mis;`print()` no newline;0;1;1;0;0;1;0;0;0;1;0;0;1;0;0;0;0;0;1;0;0;34;0
Mis;`range()` starts at 1;0;1;1;0;0;1;0;0;0;1;0;0;1;0;0;0;0;0;1;1;0;34;0
Mis;Blank slice is empty;0;1;1;0;0;1;0;0;0;1;0;0;1;0;0;0;0;0;1;0;0;34;0
Mis;`-` works on strings;0;1;1;0;0;1;0;0;0;1;0;0;1;0;0;0;0;0;1;1;0;34;0
Mis;No constructor method chain;0;1;1;0;0;1;0;0;0;1;0;0;1;0;0;0;0;0;1;0;0;34;0
Mis;`#` is an operator;0;1;1;0;0;1;0;0;0;1;0;0;1;0;0;0;0;0;1;1;0;34;0
Mis;No escape sequences;0;1;1;0;0;1;0;0;0;1;0;0;1;0;0;0;0;0;1;0;0;34;0
Mis;Methods must have input;0;1;1;0;0;1;0;0;0;1;0;0;1;0;0;0;0;0;1;0;0;34;0
Mis;Assignment duplicates;0;1;1;0;0;1;0;0;0;1;0;0;1;0;0;0;0;0;1;0;0;34;0
Mis;`=` comparison;0;1;1;0;0;1;0;0;0;1;0;0;1;0;0;0;0;0;1;1;0;34;0
Mis;No tuple return;0;1;1;0;0;1;0;0;0;1;0;0;1;0;0;0;0;0;1;0;0;34;0
Mis;`for` is `while`;0;1;1;0;0;1;0;0;0;1;0;0;1;0;0;0;0;0;1;0;0;34;0
Mis;Curly brackets stay;0;1;1;0;0;1;0;0;0;1;0;0;1;0;0;0;0;0;1;0;0;34;0
Mis;`/` is modulus;0;1;1;0;0;1;0;0;0;1;0;0;1;0;0;0;0;0;1;1;0;34;0
Mis;No implicit void functions;0;1;1;0;0;1;0;0;0;1;0;0;1;0;0;0;0;0;1;0;0;34;0
Mis;Operators cannot be chained;0;1;1;0;0;1;0;0;0;1;0;0;1;0;0;0;0;0;1;1;0;34;0
Mis;Functions must return;0;1;1;0;0;1;0;0;0;1;0;0;1;0;0;0;0;0;1;0;0;34;0
Mis;No `not` on objects;0;1;1;0;0;1;0;0;0;1;0;0;1;0;0;0;0;0;1;0;0;34;0
Mis;Ternary Boolean return;0;1;1;0;0;1;0;0;0;1;0;0;1;0;0;0;0;0;1;0;0;34;0
Mis;`if` loop;0;1;1;0;0;1;0;0;0;1;0;0;1;0;0;0;0;0;1;1;0;34;0
Mis;`range()` includes the final value;0;1;1;0;0;1;0;0;0;1;0;0;1;0;0;0;0;0;1;0;0;34;0
Mis;Methods can have no arguments;0;1;1;0;0;1;0;0;0;1;0;0;1;0;0;0;0;0;1;0;0;34;0
Mis;No string constructor method chain;0;1;1;0;0;1;0;0;0;1;0;0;1;0;0;0;0;0;1;0;0;34;0
Mis;`return` continues;0;1;1;0;0;1;0;0;0;1;0;0;1;0;0;0;0;0;1;0;0;34;0
Mis;String equality not `==`;0;1;1;0;0;1;0;0;0;1;0;0;1;0;0;0;0;0;1;0;0;34;0
Mis;String repetition adds space;0;1;1;0;0;1;0;0;0;1;0;0;1;0;0;0;0;0;1;0;0;34;0
Mis;Automatic Integer Conversion;0;1;1;0;0;1;0;0;0;1;0;0;1;0;0;0;0;0;1;1;0;34;0
Mis;Slices include last value;0;1;1;0;0;1;0;0;0;1;0;0;1;0;0;0;0;0;1;0;0;34;0
Mis;Integers limit;0;1;1;0;0;1;0;0;0;1;0;0;1;0;0;0;0;0;1;1;0;34;0
Mis;Confused string assignment;0;1;1;0;0;1;0;0;0;1;0;0;1;0;0;0;0;0;1;0;0;34;0
Mis;Lowercase Booleans;0;1;1;0;0;1;0;0;0;1;0;0;1;0;0;0;0;0;1;0;0;34;0
Mis;`pass` is `continue`;0;1;1;0;0;1;0;0;0;1;0;0;1;0;0;0;0;0;1;1;0;34;0
Mis;`print()` returns;0;1;1;0;0;1;0;0;0;1;0;0;1;0;0;0;0;0;1;1;0;34;0
Mis;`print()` only accepts one input;0;1;1;0;0;1;0;0;0;1;0;0;1;0;0;0;0;0;1;0;0;34;0
Mis;Secondary memory data loss;0;1;1;0;0;1;0;0;0;1;0;0;1;0;0;0;0;0;1;1;0;34;0
Mis;Transitive Assignment;0;1;1;0;0;1;0;0;0;1;0;0;1;0;0;0;0;0;1;1;0;34;0
Mis;No literal return;0;1;1;0;0;1;0;0;0;1;0;0;1;0;0;0;0;0;1;0;0;34;0
Mis;`input()` return value;0;1;1;0;0;1;0;0;0;1;0;0;1;0;0;0;0;0;1;1;0;34;0
Mis;Floating point `range()`;0;1;1;0;0;1;0;0;0;1;0;0;1;0;0;0;0;0;1;0;0;34;0
Mis;No `or` on objects;0;1;1;0;0;1;0;0;0;1;0;0;1;0;0;0;0;0;1;0;0;34;0
Mis;`print()` always has a newline;0;1;1;0;0;1;0;0;0;1;0;0;1;0;0;0;0;0;1;0;0;34;0
Mis;`print()` only string;0;1;1;0;0;1;0;0;0;1;0;0;1;0;0;0;0;0;1;0;0;34;0
Mis;`/` is integer division;0;1;1;0;0;1;0;0;0;1;0;0;1;0;0;0;0;0;1;1;0;34;0
Mis;`input()` requires function input;0;1;1;0;0;1;0;0;0;1;0;0;1;0;0;0;0;0;1;0;0;34;0
Mis;No method chain;0;1;1;0;0;1;0;0;0;1;0;0;1;0;0;0;0;0;1;0;0;34;0
Mis;`int()` rounds up floats;0;1;1;0;0;1;0;0;0;1;0;0;1;0;0;0;0;0;1;1;0;34;0
Mis;Multi-line strings with `" "`;0;1;1;0;0;1;0;0;0;1;0;0;1;0;0;0;0;0;1;1;0;34;0
Mis;List concat vector addition;0;1;1;0;0;1;0;0;0;1;0;0;1;0;0;0;0;0;1;1;0;34;0
Mis;`/` works on strings;0;1;1;0;0;1;0;0;0;1;0;0;1;0;0;0;0;0;1;1;0;34;0
Mis;Strings are mutable;0;1;1;0;0;1;0;0;0;1;0;0;1;0;0;0;0;0;1;0;0;34;0
Mis;No loop termination;0;1;1;0;0;1;0;0;0;1;0;0;1;0;0;0;0;0;1;1;0;34;0
Mis;Conditional Boolean return;0;1;1;0;0;1;0;0;0;1;0;0;1;0;0;0;0;0;1;0;0;34;0
Mis;Slices require indices;0;1;1;0;0;1;0;0;0;1;0;0;1;0;0;0;0;0;1;1;0;34;0
Mis;Parenthesized return;0;1;1;0;0;1;0;0;0;1;0;0;1;0;0;0;0;0;1;0;0;34;0
Mis;`%` is division;0;1;1;0;0;1;0;0;0;1;0;0;1;0;0;0;0;0;1;0;0;34;0
Mis;Iterable repetition repeated constant multiplication;0;1;1;0;0;1;0;0;0;1;0;0;1;0;0;0;0;0;1;1;0;34;0
Mis;`//` divides;0;1;1;0;0;1;0;0;0;1;0;0;1;0;0;0;0;0;1;0;0;34;0
Mis;Cannot mix index sign in slice;0;1;1;0;0;1;0;0;0;1;0;0;1;0;0;0;0;0;1;0;0;34;0
Mis;`//` is modulus;0;1;1;0;0;1;0;0;0;1;0;0;1;0;0;0;0;0;1;0;0;34;0
Mis;Slice removes;0;1;1;0;0;1;0;0;0;1;0;0;1;0;0;0;0;0;1;0;0;34;0
Mis;No nesting loops;0;1;1;0;0;1;0;0;0;1;0;0;1;0;0;0;0;0;1;0;0;34;0
Mis;Literals don't have a data type;0;1;1;0;0;1;0;0;0;1;0;0;1;0;0;0;0;0;1;1;0;34;0
Mis;`%` is integer division;0;1;1;0;0;1;0;0;0;1;0;0;1;0;0;0;0;0;1;1;0;34;0
Mis;No formatted string;0;1;1;0;0;1;0;0;0;1;0;0;1;0;0;0;0;0;1;1;0;34;0
Mis;`for` stops before last element;0;1;1;0;0;1;0;0;0;1;0;0;1;0;0;0;0;0;1;1;0;34;0
Mis;`int()` rounds floats;0;1;1;0;0;1;0;0;0;1;0;0;1;0;0;0;0;0;1;0;0;34;0
Mis;Implied repetition over logical operator;0;1;1;0;0;1;0;0;0;1;0;0;1;0;0;0;0;0;1;0;0;34;0
Mis;`for` only with `range()`;0;1;1;0;0;1;0;0;0;1;0;0;1;0;0;0;0;0;1;0;0;34;0
Mis;`while` tests after loop;0;1;1;0;0;1;0;0;0;1;0;0;1;0;0;0;0;0;1;1;0;34;0
Mis;Multi-value return;0;1;1;0;0;1;0;0;0;1;0;0;1;0;0;0;0;0;1;0;0;34;0
Mis;Strings are not objects;0;1;1;0;0;1;0;0;0;1;0;0;1;0;0;0;0;0;1;1;0;34;0
Sphere;`else` keyword;0;1;1;0;0;1;0;0;0;1;0;0;1;0;0;0;0;0;1;1;1;34;1;0.9924528301886792
Sphere;`if` keyword;0;1;1;0;0;1;0;0;0;1;0;0;1;0;0;0;0;0;1;1;1;34;1;0.9924528301886792
Sphere;`" "` constructor;0;1;1;0;0;1;0;0;0;1;0;0;1;0;0;0;0;0;1;1;1;34;1;0.9924528301886792
Sphere;String Slicing;0;1;1;0;0;1;0;0;0;1;0;0;1;0;0;0;0;0;1;1;1;34;1;0.9924528301886792
Sphere;`=` operator;0;1;1;0;0;1;0;0;0;1;0;0;1;0;0;0;0;0;1;1;1;34;1;0.9924528301886792
Sphere;`print()` function;0;1;1;0;0;1;0;0;0;1;0;0;1;0;0;0;0;0;1;1;1;34;1;0.9924528301886792
Sphere;`str()` function;0;1;1;0;0;1;0;0;0;1;0;0;1;0;0;0;0;0;1;0;0;34;1;0.9200000000000002
Sphere;Floats;0;1;1;0;0;1;0;0;0;1;0;0;1;0;0;0;0;0;1;0;0;34;1;0.9898734177215192
Sphere;`+=` float operator;0;1;1;0;0;1;0;0;0;1;0;0;1;0;0;0;0;0;1;0;0;34;1;0.9898734177215192
Sphere;Built-in Functions;0;1;1;0;0;1;0;0;0;1;0;0;1;0;0;0;0;0;1;0;0;34;0;1e-08
Sphere;`+=` integer operator;0;1;1;0;0;1;0;0;0;1;0;0;1;0;0;0;0;0;1;0;0;34;1;0.9898734177215192
Sphere;Secondary Memory;0;1;1;0;0;1;0;0;0;1;0;0;1;0;0;0;0;0;1;0;0;34;1;0.8
Sphere;`*=` float operator;0;1;1;0;0;1;0;0;0;1;0;0;1;0;0;0;0;0;1;0;0;34;1;0.9898734177215192
Sphere;Conditionals;0;1;1;0;0;1;0;0;0;1;0;0;1;0;0;0;0;0;1;0;0;34;0;0.2
Sphere;Addition;0;1;1;0;0;1;0;0;0;1;0;0;1;0;0;0;0;0;1;0;0;34;0;1e-08
Sphere;Compilers;0;1;1;0;0;1;0;0;0;1;0;0;1;0;0;0;0;0;1;0;0;34;1;0.8
Sphere;`range()` function;0;1;1;0;0;1;0;0;0;1;0;0;1;0;0;0;0;0;1;0;0;34;0;0.2
Sphere;`%=` integer operator;0;1;1;0;0;1;0;0;0;1;0;0;1;0;0;0;0;0;1;0;0;34;1;0.9200000000000002
Sphere;Interpreters;0;1;1;0;0;1;0;0;0;1;0;0;1;0;0;0;0;0;1;0;0;34;1;0.8
Sphere;Booleans;0;1;1;0;0;1;0;0;0;1;0;0;1;0;0;0;0;0;1;0;0;34;1;0.9924528301886792
Sphere;`%` float operator;0;1;1;0;0;1;0;0;0;1;0;0;1;0;0;0;0;0;1;0;0;34;1;0.9200000000000002
Sphere;`elif` keyword;0;1;1;0;0;1;0;0;0;1;0;0;1;0;0;0;0;0;1;0;0;34;1;0.9912087912087912
Sphere;`<=` float operator;0;1;1;0;0;1;0;0;0;1;0;0;1;0;0;0;0;0;1;0;0;34;1;0.9898734177215192
Sphere;`<` float operator;0;1;1;0;0;1;0;0;0;1;0;0;1;0;0;0;0;0;1;0;0;34;1;0.9898734177215192
Sphere;Assignment;0;1;1;0;0;1;0;0;0;1;0;0;1;0;0;0;0;0;1;0;0;34;1;0.9924528301886792
Sphere;`continue` keyword;0;1;1;0;0;1;0;0;0;1;0;0;1;0;0;0;0;0;1;0;0;34;0;0.2
Sphere;`+` string operator;0;1;1;0;0;1;0;0;0;1;0;0;1;0;0;0;0;0;1;0;0;34;1;0.992
Sphere;`lower()` method;0;1;1;0;0;1;0;0;0;1;0;0;1;0;0;0;0;0;1;0;0;34;1;0.9862068965517241
Sphere;`-=` integer operator;0;1;1;0;0;1;0;0;0;1;0;0;1;0;0;0;0;0;1;0;0;34;1;0.9898734177215192
Sphere;`or` operator;0;1;1;0;0;1;0;0;0;1;0;0;1;0;0;0;0;0;1;0;0;34;1;0.9912087912087912
Sphere;`!=` float operator;0;1;1;0;0;1;0;0;0;1;0;0;1;0;0;0;0;0;1;0;0;34;1;0.9898734177215192
Sphere;`<` string operator;0;1;1;0;0;1;0;0;0;1;0;0;1;0;0;0;0;0;1;0;0;34;1;0.9813953488372094
Sphere;`<` integer operator;0;1;1;0;0;1;0;0;0;1;0;0;1;0;0;0;0;0;1;0;0;34;1;0.9924528301886792
Sphere;Floating point equality;0;1;1;0;0;1;0;0;0;1;0;0;1;0;0;0;0;0;1;0;0;34;1;0.9898734177215192
Sphere;Comparison;0;1;1;0;0;1;0;0;0;1;0;0;1;0;0;0;0;0;1;0;0;34;0;1e-08
Sphere;`type()` function;0;1;1;0;0;1;0;0;0;1;0;0;1;0;0;0;0;0;1;0;0;34;1;0.9714285714285715
Sphere;Functions;0;1;1;0;0;1;0;0;0;1;0;0;1;0;0;0;0;0;1;0;0;34;1;0.9854545454545456
Sphere;Contracted `if`;0;1;1;0;0;1;0;0;0;1;0;0;1;0;0;0;0;0;1;0;0;34;1;0.9912087912087912
Sphere;Automatic Conversion;0;1;1;0;0;1;0;0;0;1;0;0;1;0;0;0;0;0;1;0;0;34;1;0.9898734177215192
Sphere;`+` float operator;0;1;1;0;0;1;0;0;0;1;0;0;1;0;0;0;0;0;1;0;0;34;1;0.9898734177215192
Sphere;`>=` integer operator;0;1;1;0;0;1;0;0;0;1;0;0;1;0;0;0;0;0;1;0;0;34;1;0.9898734177215192
Sphere;`break` keyword;0;1;1;0;0;1;0;0;0;1;0;0;1;0;0;0;0;0;1;0;0;34;0;0.2
Sphere;CPU functionality;0;1;1;0;0;1;0;0;0;1;0;0;1;0;0;0;0;0;1;0;0;34;1;0.8
Sphere;Self Assignment;0;1;1;0;0;1;0;0;0;1;0;0;1;0;0;0;0;0;1;0;0;34;1;0.9898734177215192
Sphere;`*=` integer operator;0;1;1;0;0;1;0;0;0;1;0;0;1;0;0;0;0;0;1;0;0;34;1;0.9898734177215192
Sphere;`//` float operator;0;1;1;0;0;1;0;0;0;1;0;0;1;0;0;0;0;0;1;0;0;34;1;0.9200000000000002
Sphere;`' '` constructor;0;1;1;0;0;1;0;0;0;1;0;0;1;0;0;0;0;0;1;0;0;34;1;0.9880597014925374
Sphere;`""" """` constructor;0;1;1;0;0;1;0;0;0;1;0;0;1;0;0;0;0;0;1;0;0;34;1;0.9813953488372094
Sphere;`join()` method;0;1;1;0;0;1;0;0;0;1;0;0;1;0;0;0;0;0;1;0;0;34;1;0.9862068965517241
Sphere;`/` integer operator;0;1;1;0;0;1;0;0;0;1;0;0;1;0;0;0;0;0;1;0;0;34;1;0.9898734177215192
Sphere;Repetition;0;1;1;0;0;1;0;0;0;1;0;0;1;0;0;0;0;0;1;0;0;34;0;1e-08
Sphere;`//=` float operator;0;1;1;0;0;1;0;0;0;1;0;0;1;0;0;0;0;0;1;0;0;34;1;0.9200000000000002
Sphere;Control Flow;0;1;1;0;0;1;0;0;0;1;0;0;1;0;0;0;0;0;1;1;0;34;0;0.2
Sphere;Loops;0;1;1;0;0;1;0;0;0;1;0;0;1;0;0;0;0;0;1;0;0;34;0;1e-08
Sphere;Integers;0;1;1;0;0;1;0;0;0;1;0;0;1;0;0;0;0;0;1;0;0;34;1;0.992
Sphere;`%=` float operator;0;1;1;0;0;1;0;0;0;1;0;0;1;0;0;0;0;0;1;0;0;34;1;0.9200000000000002
Sphere;Concatenation;0;1;1;0;0;1;0;0;0;1;0;0;1;0;0;0;0;0;1;0;0;34;0;1e-08
Sphere;`*` string operator;0;1;1;0;0;1;0;0;0;1;0;0;1;0;0;0;0;0;1;0;0;34;1;0.9880597014925374
Sphere;`-=` float operator;0;1;1;0;0;1;0;0;0;1;0;0;1;0;0;0;0;0;1;0;0;34;1;0.9898734177215192
Sphere;`//` integer operator;0;1;1;0;0;1;0;0;0;1;0;0;1;0;0;0;0;0;1;0;0;34;1;0.9714285714285715
Sphere;`*` float operator;0;1;1;0;0;1;0;0;0;1;0;0;1;0;0;0;0;0;1;0;0;34;1;0.9898734177215192
Sphere;Atomic Data Types;0;1;1;0;0;1;0;0;0;1;0;0;1;0;0;0;0;0;1;0;0;34;0;1e-08
Sphere;Subtraction;0;1;1;0;0;1;0;0;0;1;0;0;1;0;0;0;0;0;1;0;0;34;0;1e-08
Sphere;Type Casting;0;1;1;0;0;1;0;0;0;1;0;0;1;0;0;0;0;0;1;0;0;34;0;1e-08
Sphere;`not` operator;0;1;1;0;0;1;0;0;0;1;0;0;1;0;0;0;0;0;1;0;0;34;1;0.9912087912087912
Sphere;`and` operator;0;1;1;0;0;1;0;0;0;1;0;0;1;0;0;0;0;0;1;0;0;34;1;0.9924528301886792
Sphere;`/=` integer operator;0;1;1;0;0;1;0;0;0;1;0;0;1;0;0;0;0;0;1;0;0;34;1;0.9898734177215192
Sphere;Multiplication;0;1;1;0;0;1;0;0;0;1;0;0;1;0;0;0;0;0;1;0;0;34;0;1e-08
Sphere;`*` integer operator;0;1;1;0;0;1;0;0;0;1;0;0;1;0;0;0;0;0;1;0;0;34;1;0.992
Sphere;`input()` function;0;1;1;0;0;1;0;0;0;1;0;0;1;0;0;0;0;0;1;0;0;34;1;0.992
Sphere;`return` keyword;0;1;1;0;0;1;0;0;0;1;0;0;1;0;0;0;0;0;1;0;0;34;1;0.9854545454545456
Sphere;Indexing;0;1;1;0;0;1;0;0;0;1;0;0;1;0;0;0;0;0;1;0;0;34;0;1e-08
Sphere;Ordered Data Structures;0;1;1;0;0;1;0;0;0;1;0;0;1;0;0;0;0;0;1;0;0;34;0;1e-08
Sphere;`+` integer operator;0;1;1;0;0;1;0;0;0;1;0;0;1;0;0;0;0;0;1;0;0;34;1;0.9924528301886792
Sphere;Formatted Strings;0;1;1;0;0;1;0;0;0;1;0;0;1;0;0;0;0;0;1;0;0;34;1;0.9880597014925374
Sphere;Division;0;1;1;0;0;1;0;0;0;1;0;0;1;0;0;0;0;0;1;0;0;34;0;1e-08
Sphere;Equality;0;1;1;0;0;1;0;0;0;1;0;0;1;0;0;0;0;0;1;0;0;34;0;1e-08
Sphere;Strings;0;1;1;0;0;1;0;0;0;1;0;0;1;0;0;0;0;0;1;0;0;34;1;0.9924528301886792
Sphere;`==` integer operator;0;1;1;0;0;1;0;0;0;1;0;0;1;0;0;0;0;0;1;0;0;34;1;0.9924528301886792
Sphere;`-` integer operator;0;1;1;0;0;1;0;0;0;1;0;0;1;0;0;0;0;0;1;0;0;34;1;0.9898734177215192
Sphere;`!=` string operator;0;1;1;0;0;1;0;0;0;1;0;0;1;0;0;0;0;0;1;0;0;34;1;0.9813953488372094
Sphere;String Indexing;0;1;1;0;0;1;0;0;0;1;0;0;1;0;0;0;0;0;1;0;0;34;1;0.9924528301886792
Sphere;Operator Chaining;0;1;1;0;0;1;0;0;0;1;0;0;1;0;0;0;0;0;1;0;0;34;1;0.9898734177215192
Sphere;Comments;0;1;1;0;0;1;0;0;0;1;0;0;1;0;0;0;0;0;1;0;0;34;1;0.8857142857142859
Sphere;`/` float operator;0;1;1;0;0;1;0;0;0;1;0;0;1;0;0;0;0;0;1;0;0;34;1;0.9898734177215192
Sphere;`upper()` method;0;1;1;0;0;1;0;0;0;1;0;0;1;0;0;0;0;0;1;0;0;34;1;0.9862068965517241
Sphere;`try` keyword;0;1;1;0;0;1;0;0;0;1;0;0;1;0;0;0;0;0;1;0;0;34;0;0.2
Sphere;`>` float operator;0;1;1;0;0;1;0;0;0;1;0;0;1;0;0;0;0;0;1;0;0;34;1;0.9898734177215192
Sphere;`==` string operator;0;1;1;0;0;1;0;0;0;1;0;0;1;0;0;0;0;0;1;0;0;34;1;0.9813953488372094
Sphere;`for` loops;0;1;1;0;0;1;0;0;0;1;0;0;1;0;0;0;0;0;1;0;0;34;0;0.2
Sphere;`int()` function;0;1;1;0;0;1;0;0;0;1;0;0;1;0;0;0;0;0;1;0;0;34;1;0.992
Sphere;`replace()` method;0;1;1;0;0;1;0;0;0;1;0;0;1;0;0;0;0;0;1;0;0;34;1;0.9813953488372094
Sphere;Integer Division;0;1;1;0;0;1;0;0;0;1;0;0;1;0;0;0;0;0;1;0;0;34;0;1e-08
Sphere;`%` integer operator;0;1;1;0;0;1;0;0;0;1;0;0;1;0;0;0;0;0;1;0;0;34;1;0.9714285714285715
Sphere;Order of Operations;0;1;1;0;0;1;0;0;0;1;0;0;1;0;0;0;0;0;1;0;0;34;1;0.9898734177215192
Sphere;`len()` string function;0;1;1;0;0;1;0;0;0;1;0;0;1;0;0;0;0;0;1;0;0;34;1;0.9813953488372094
Sphere;`<=` integer operator;0;1;1;0;0;1;0;0;0;1;0;0;1;0;0;0;0;0;1;0;0;34;1;0.9898734177215192
Sphere;RAM functionality;0;1;1;0;0;1;0;0;0;1;0;0;1;0;0;0;0;0;1;0;0;34;1;0.8
Sphere;`>` string operator;0;1;1;0;0;1;0;0;0;1;0;0;1;0;0;0;0;0;1;0;0;34;1;0.9813953488372094
Sphere;`/=` float operator;0;1;1;0;0;1;0;0;0;1;0;0;1;0;0;0;0;0;1;0;0;34;1;0.9898734177215192
Sphere;`-` float operator;0;1;1;0;0;1;0;0;0;1;0;0;1;0;0;0;0;0;1;0;0;34;1;0.9898734177215192
Sphere;`float()` function;0;1;1;0;0;1;0;0;0;1;0;0;1;0;0;0;0;0;1;0;0;34;1;0.9898734177215192
Sphere;Slicing;0;1;1;0;0;1;0;0;0;1;0;0;1;0;0;0;0;0;1;0;0;34;0;1e-08
Sphere;Modulus;0;1;1;0;0;1;0;0;0;1;0;0;1;0;0;0;0;0;1;0;0;34;0;1e-08
Sphere;`!=` integer operator;0;1;1;0;0;1;0;0;0;1;0;0;1;0;0;0;0;0;1;0;0;34;1;0.9898734177215192
Sphere;`>` integer operator;0;1;1;0;0;1;0;0;0;1;0;0;1;0;0;0;0;0;1;0;0;34;1;0.9924528301886792
Sphere;`while` loops;0;1;1;0;0;1;0;0;0;1;0;0;1;0;0;0;0;0;1;0;0;34;1;0.992233009708738
Sphere;Methods;0;1;1;0;0;1;0;0;0;1;0;0;1;0;0;0;0;0;1;0;0;34;0;1e-08
Sphere;`>=` float operator;0;1;1;0;0;1;0;0;0;1;0;0;1;0;0;0;0;0;1;0;0;34;1;0.9898734177215192
Sphere;Machine Code;0;1;1;0;0;1;0;0;0;1;0;0;1;0;0;0;0;0;1;0;0;34;1;0.8
Sphere;Variables;0;1;1;0;0;1;0;0;0;1;0;0;1;0;0;0;0;0;1;0;0;34;1;0.9924528301886792
Sphere;Program Definition;0;1;1;0;0;1;0;0;0;1;0;0;1;0;0;0;0;0;1;0;0;34;1;0.8
Sphere;`//=` integer operator;0;1;1;0;0;1;0;0;0;1;0;0;1;0;0;0;0;0;1;0;0;34;1;0.9200000000000002
Sphere;`def` constructor;0;1;1;0;0;1;0;0;0;1;0;0;1;0;0;0;0;0;1;0;0;34;1;0.9854545454545456
Sphere;`capitalize()` method;0;1;1;0;0;1;0;0;0;1;0;0;1;0;0;0;0;0;1;0;0;34;1;0.9862068965517241
==::==::==
